# genetated time: 2022-12-13 10:22:55.982186
# histogram number: 2048
# sample number: 100
# tune number: 5
###
# op_name    threshold    min    max
data 0.9960938 -0.9960938 0.9960938
bn0 2.4650367 -2.4217412 2.8071153
relu0 2.2807983 -1.0522599 2.8071153
stage1_unit1_bn1 5.3690806 -5.6773863 9.2868376
stage1_unit1_bn2 4.0423823 -5.4799714 5.1709557
stage1_unit1_relu1 3.5715465 -0.2426361 5.1709557
stage1_unit1_bn3 3.4193368 -5.2098122 4.6596498
stage1_unit1_sc 2.5317144 -2.5317144 1.8471595
_plus0 3.9093425 -5.2099113 4.6614041
stage1_unit2_bn1 2.1698257 -3.1556897 3.0442450
stage1_unit2_bn2 2.2675202 -3.9211099 2.7691381
stage1_unit2_relu1 1.5579953 -0.0114962 2.7691381
stage1_unit2_bn3 3.3519448 -4.2060871 4.9874110
_plus1 3.9008181 -5.1985512 5.1627803
stage1_unit3_bn1 2.1001497 -3.1317074 3.1697743
stage1_unit3_bn2 2.7963459 -3.7266407 2.0975676
stage1_unit3_relu1 1.4097355 0.0000000 2.0975676
stage1_unit3_bn3 2.7676241 -2.7676241 2.2366347
_plus2 5.0699515 -5.1661062 5.1621437
stage2_unit1_bn1 2.2369497 -3.5966194 3.5182612
stage2_unit1_bn2 1.9845796 -3.1737769 2.7224476
stage2_unit1_relu1 1.7023610 -0.0829298 2.7224476
stage2_unit1_bn3 2.0970781 -2.6107459 2.5390410
stage2_unit1_sc 2.1628087 -5.0147471 3.6445882
_plus3 2.0836554 -4.1652761 4.0008416
stage2_unit2_bn1 0.9493961 -1.8978651 1.5289770
stage2_unit2_bn2 1.7368588 -2.3146811 1.8681908
stage2_unit2_relu1 1.1681896 -0.0219617 1.8681908
stage2_unit2_bn3 2.2232723 -3.0422342 3.7838607
_plus4 2.5391781 -4.5118904 4.3383718
stage2_unit3_bn1 0.9835100 -1.2609239 1.5728476
stage2_unit3_bn2 1.6382308 -1.8713496 1.5689822
stage2_unit3_relu1 0.9416960 0.0000000 1.5689822
stage2_unit3_bn3 2.1282313 -2.2039762 1.6735849
_plus5 2.5233061 -4.3696842 4.4836869
stage2_unit4_bn1 1.2834889 -1.8833029 1.4387406
stage2_unit4_bn2 1.6512964 -1.3443818 2.4914894
stage2_unit4_relu1 1.5655487 0.0000000 2.4914894
stage2_unit4_bn3 2.2649764 -2.2458439 4.1168590
_plus6 3.0657215 -4.3691645 4.4570541
stage3_unit1_bn1 2.4271867 -2.2059500 3.8816025
stage3_unit1_bn2 1.8607304 -2.6393342 2.9757149
stage3_unit1_relu1 1.2094020 -0.1493610 2.9757149
stage3_unit1_bn3 1.4552993 -2.3787789 2.5859354
stage3_unit1_sc 1.4678623 -2.1252000 1.7059770
_plus7 1.7872447 -2.6976666 2.8581953
stage3_unit2_bn1 0.6769447 -1.0072367 0.7215810
stage3_unit2_bn2 0.7889929 -0.9705941 0.9629078
stage3_unit2_relu1 0.6471521 -0.0123713 0.9629078
stage3_unit2_bn3 0.9539762 -0.9539762 0.7625968
_plus8 1.9538913 -2.6970737 2.8406360
stage3_unit3_bn1 0.5976989 -0.8770221 0.7727872
stage3_unit3_bn2 0.9326381 -1.1473018 1.0174134
stage3_unit3_relu1 0.5025436 -0.0078268 1.0174134
stage3_unit3_bn3 0.7514257 -0.7514257 0.7400458
_plus9 1.9633707 -2.6948113 2.8544173
stage3_unit4_bn1 0.5596808 -0.8690156 0.7148964
stage3_unit4_bn2 1.1174632 -1.1174632 0.9660817
stage3_unit4_relu1 0.5315573 -0.0081300 0.9660817
stage3_unit4_bn3 0.8238618 -0.8238618 0.7822143
_plus10 2.1105409 -2.6988990 2.8126805
stage3_unit5_bn1 0.5609643 -0.8463875 0.7996187
stage3_unit5_bn2 0.8831470 -2.0176361 0.8883752
stage3_unit5_relu1 0.5776391 -0.0249317 0.8883752
stage3_unit5_bn3 1.6692568 -1.7687089 1.6242802
_plus11 1.9108336 -2.7005932 2.7780373
stage3_unit6_bn1 0.5861544 -0.7811576 0.7428681
stage3_unit6_bn2 0.9865644 -1.0518216 1.0109535
stage3_unit6_relu1 0.6700345 -0.0426608 1.0109535
stage3_unit6_bn3 1.6884140 -2.8734481 1.5137054
_plus12 2.3871396 -3.8175583 2.8660741
stage3_unit7_bn1 0.8531881 -1.1866663 0.8949741
stage3_unit7_bn2 1.0396692 -1.2831026 1.3855487
stage3_unit7_relu1 0.9009113 -0.0588368 1.3855487
stage3_unit7_bn3 2.0045842 -1.8954860 2.0625720
_plus13 2.6418581 -3.8408263 2.9712229
stage3_unit8_bn1 0.7623578 -0.8894646 0.9378284
stage3_unit8_bn2 0.9659190 -1.2872632 1.1526232
stage3_unit8_relu1 0.8934941 -0.0156763 1.1526232
stage3_unit8_bn3 2.3152956 -2.3746324 2.1986544
_plus14 2.6869965 -3.9064503 3.2096052
stage3_unit9_bn1 0.9548916 -1.3157496 1.5270805
stage3_unit9_bn2 1.3560128 -1.3560128 1.1765672
stage3_unit9_relu1 0.8679698 -0.0037156 1.1765672
stage3_unit9_bn3 2.3906214 -3.0510771 3.3255875
_plus15 3.1486704 -3.8733945 3.2246971
stage3_unit10_bn1 0.8747482 -1.1356399 1.1657615
stage3_unit10_bn2 1.1519432 -1.4170840 1.1717221
stage3_unit10_relu1 0.8059525 0.0000000 1.1717221
stage3_unit10_bn3 2.4953442 -3.7658284 3.1926818
_plus16 3.0895472 -3.8397071 4.1173849
stage3_unit11_bn1 0.9984719 -1.1776522 1.5065026
stage3_unit11_bn2 1.2721369 -1.8494774 1.2608007
stage3_unit11_relu1 0.8592477 0.0000000 1.2608007
stage3_unit11_bn3 2.6792981 -3.1281102 3.2472975
_plus17 3.7298663 -4.7617202 4.9707265
stage3_unit12_bn1 0.8764455 -1.1423392 1.2459348
stage3_unit12_bn2 1.3779817 -1.3779817 1.2969024
stage3_unit12_relu1 0.8432717 0.0000000 1.2969024
stage3_unit12_bn3 2.6328433 -2.6328433 2.4344189
_plus18 4.9638042 -6.1063147 5.3040538
stage3_unit13_bn1 0.9251220 -1.2620554 1.3151323
stage3_unit13_bn2 1.5206079 -2.2107134 1.4450960
stage3_unit13_relu1 0.9034498 0.0000000 1.4450960
stage3_unit13_bn3 3.9546255 -4.3249149 4.6520996
_plus19 5.9835334 -7.3280716 8.6990719
stage3_unit14_bn1 1.2309456 -1.7003587 1.7120745
stage3_unit14_bn2 1.1836237 -1.6407853 1.7207938
stage3_unit14_relu1 1.1188943 0.0000000 1.7207938
stage3_unit14_bn3 3.9956191 -3.9956191 3.5874784
_plus20 5.6005020 -6.3604984 7.4636893
stage4_unit1_bn1 1.4232700 -1.8945407 2.0692000
stage4_unit1_bn2 1.2991271 -2.3084316 1.4246225
stage4_unit1_relu1 0.9574619 -0.0189132 1.4246225
stage4_unit1_bn3 0.8155797 -0.8460940 0.9316359
stage4_unit1_sc 0.5779754 -0.6395463 0.7112207
_plus21 1.0407006 -0.8996919 1.0407006
stage4_unit2_bn1 0.9974986 -0.9568210 1.1081513
stage4_unit2_bn2 1.7223705 -1.7223705 1.1580566
stage4_unit2_relu1 0.7276748 -0.0688441 1.1580566
stage4_unit2_bn3 0.7114124 -0.7921982 1.0438775
_plus22 1.2899840 -1.1724107 1.2899840
stage4_unit3_bn1 0.8065118 -0.9290165 0.9921452
stage4_unit3_bn2 1.0298058 -1.6468847 0.9857561
stage4_unit3_relu1 0.5978584 0.0000000 0.9857561
stage4_unit3_bn3 1.3955217 -1.8531750 2.3251123
_plus23 1.6964109 -1.9324769 2.2607768
bn1 0.9535864 -0.9739848 0.9906574
pre_fc1 2.9227428 -2.9227428 2.7052157
fc1/1 3.1725309 -3.1725309 2.9241579
