# genetated time: 2023-06-01 10:36:55.862849
# histogram number: 2048
# sample number: 20
###
# op_name    threshold    min    max
input_ids.1 28990.0000000 0.0000000 28990.0000000
attention_mask.1 1.0000000 0.0000000 1.0000000
input.5 1.0000000 0.0000000 1.0000000
43 1.0000000 0.0000000 1.0000000
44 1.0000000 0.0000000 1.0000000
47 1.0000000 0.0000000 1.0000000
attention_mask0.1 10000.0000000 -10000.0000000 -0.0000000
inputs_embeds.1 0.2224642 -1.0089438 0.2580310
token_type_embeddings.1 0.7271054 -0.7191467 0.7271054
embeddings.1 0.8031813 -1.7280905 0.8317620
input1.3 0.8319831 -1.7971461 0.9295778
input0.8 5.8522777 -18.3735962 3.0946262
138 4.5787684 -5.2283778 6.4943194
143 5.7554006 -5.9027638 9.5077991
x.2 5.7554364 -5.9027638 9.5077991
key_layer.2 5.7554364 -5.9027638 9.5077991
154 3.2273705 -5.0341868 3.6394758
x0.2 3.2276494 -5.0341868 3.6394758
value_layer.2 3.2285051 -5.0341868 3.6394758
x1.2 4.5788741 -5.2283778 6.4943194
query_layer.2 4.5788741 -5.2283778 6.4943194
167 5.7674012 -5.9027638 9.5077991
attention_scores.2 114.7365112 -115.0600510 136.6803894
attention_scores0.2 14.3451014 -14.3825064 17.0850487
input.4 10009.6816406 -10011.5292969 15.9280081
input2.1 0.2901043 0.0000000 0.9330558
context_layer.2 1.6331295 -4.6207781 2.8946590
175 1.6333377 -4.6207781 2.8946590
input3.1 1.6335359 -4.6207781 2.8946590
188 4.3361923 -10.2850113 2.7404053
input.6 9.4772937 -28.6586075 4.3039064
input0.5 43.5964427 -70.8957748 6.5007257
200 17.5041884 -20.2194710 10.5729561
201 4.8882329 -0.1699712 10.5729561
209 3.0910763 -10.4113770 4.0565882
input.8 45.7688063 -74.6818924 7.8966818
input0.7 15.4737665 -18.9471455 3.8159740
228 7.8338412 -9.0279245 10.2260056
233 7.8694564 -10.1702023 8.6469221
x.4 7.8709133 -10.1702023 8.6469221
key_layer.4 7.8718201 -10.1702023 8.6469221
244 6.4931277 -7.6829562 4.7805886
x0.4 6.4936512 -7.6829562 4.7805886
value_layer.4 6.4938662 -7.6829562 4.7805886
x1.4 7.8513968 -9.0279245 10.2260056
query_layer.4 7.8532056 -9.0279245 10.2260056
257 7.8781643 -10.1702023 8.6469221
attention_scores.4 308.9872178 -167.6191864 373.6626587
attention_scores0.4 38.6264917 -20.9523983 46.7078323
input.10 10014.0595703 -10020.9521484 15.1689177
input0.9 0.8284604 0.0000000 0.9861116
context_layer.4 2.0378066 -3.1709003 2.9344842
265 2.0380447 -3.1709003 2.9344842
input1.2 2.0381900 -3.1709003 2.9344842
278 3.3446593 -6.5154099 3.8451142
input.12 16.8440952 -25.3919868 4.3429527
input0.11 51.6933579 -67.9795990 5.1464934
290 20.1775982 -22.9244137 8.3176622
291 5.7834552 -0.1699712 8.3176622
299 3.7408309 -7.9019461 4.1901064
input.14 51.3461299 -68.5376511 6.2081776
input0.13 14.4084031 -16.0110493 3.5318258
318 10.6877188 -12.8134069 14.1484728
323 10.9665436 -13.7201614 15.0175152
x.6 10.9682876 -13.7201614 15.0175152
key_layer.6 10.9695595 -13.7201614 15.0175152
334 5.0290661 -5.6799641 5.7874794
x0.6 5.0292406 -5.6799641 5.7874794
value_layer.6 5.0292746 -5.6799641 5.7874794
x1.6 10.7025040 -12.8134069 14.1484728
query_layer.6 10.7027349 -12.8134069 14.1484728
347 10.9849780 -13.7201614 15.0175152
attention_scores.6 636.3943922 -914.6536255 702.7026367
attention_scores0.6 79.5641636 -114.3317032 87.8378296
input.16 10079.5344498 -10114.3320312 43.0704765
input0.15 0.9969159 0.0000000 0.9999996
context_layer.6 1.9933334 -2.9748869 2.6768677
355 1.9936633 -2.9748869 2.6768677
input1.4 1.9939873 -2.9748869 2.6768677
368 1.1616865 -1.9474201 2.0223966
input.18 14.6705919 -17.6440468 3.6856797
input0.17 50.4484195 -63.9423332 4.8888001
380 8.5640900 -10.6989708 8.2486725
381 5.4806924 -0.1699712 8.2486725
389 1.8949931 -2.8097084 4.3890810
input.20 50.4616127 -64.2792969 5.7316346
input0.19 14.2958113 -15.8125811 3.6496544
408 6.5855458 -8.7710867 7.3334541
413 6.0405279 -7.8401008 9.1959038
x.8 6.0409023 -7.8401008 9.1959038
key_layer.8 6.0421873 -7.8401008 9.1959038
424 3.5308295 -4.7511988 4.5972848
x0.8 3.5316237 -4.7511988 4.5972848
value_layer.8 3.5328252 -4.7511988 4.5972848
x1.8 6.5942054 -8.7710867 7.3334541
query_layer.8 6.5951107 -8.7710867 7.3334541
437 6.0470797 -7.8401008 9.1959038
attention_scores.8 177.6977181 -256.2616577 227.9478302
attention_scores0.8 22.2156539 -32.0327072 28.4934788
input.22 10021.9994614 -10032.0322266 18.1889343
input0.21 0.9884100 0.0000000 0.9991159
context_layer.8 1.7976317 -3.6482811 2.8611209
445 1.7980113 -3.6482811 2.8611209
input1.6 1.7980819 -3.6482811 2.8611209
458 1.3299477 -1.7037426 1.6873575
input.24 14.4681326 -16.1546974 3.9077556
input0.23 48.1536893 -63.3525925 5.1423349
470 10.7656003 -13.5839558 9.9054337
471 5.8405479 -0.1699712 9.9054337
479 2.0406780 -3.2830627 2.8193433
input.26 48.5539235 -63.4582787 5.4570098
input0.25 14.5030002 -16.0715771 4.0650525
498 5.6809761 -7.1169519 6.7310338
503 5.7391098 -7.6755915 7.4301763
x.10 5.7397070 -7.6755915 7.4301763
key_layer.10 5.7427238 -7.6755915 7.4301763
514 3.6545479 -4.8037910 4.3898592
x0.10 3.6559147 -4.8037910 4.3898592
value_layer.10 3.6563812 -4.8037910 4.3898592
x1.10 5.6896927 -7.1169519 6.7310338
query_layer.10 5.6906587 -7.1169519 6.7310338
527 5.7465624 -7.6755915 7.4301763
attention_scores.10 113.1542336 -113.8305054 150.6787872
attention_scores0.10 14.1478277 -14.2288132 18.8348484
input.28 10010.2271682 -10014.2285156 18.8348484
input0.27 0.9992436 0.0000000 0.9999926
context_layer.10 1.5626674 -2.7204404 2.7062588
535 1.5633699 -2.7204404 2.7062588
input1.8 1.5634975 -2.7204404 2.7062588
548 1.4410102 -1.9895396 1.8274437
input.30 14.5890211 -16.8350105 4.3113017
input0.29 46.9753718 -61.5648842 4.9370403
560 8.6155399 -9.9986925 6.6377568
561 3.1108501 -0.1699712 6.6377568
569 2.5705637 -5.0577884 3.2044911
input.32 48.1489137 -62.6424255 5.1987267
input0.31 16.2768019 -17.8873405 4.5950937
588 10.5384807 -13.1621141 13.0636215
593 8.9971994 -12.1346817 12.7757902
x.12 9.0004669 -12.1346817 12.7757902
key_layer.12 9.0027439 -12.1346817 12.7757902
604 4.1674939 -4.8864508 4.4422102
x0.12 4.1678852 -4.8864508 4.4422102
value_layer.12 4.1682267 -4.8864508 4.4422102
x1.12 10.5532301 -13.1621141 13.0636215
query_layer.12 10.5595992 -13.1621141 13.0636215
617 9.0131487 -12.1346817 12.7757902
attention_scores.12 458.5294538 -670.1156006 583.7990112
attention_scores0.12 57.3244044 -83.7644501 72.9748764
input.34 10056.5056563 -10083.7646484 41.3369484
input0.33 0.9913993 0.0000000 1.0000000
context_layer.12 2.1266973 -3.2627096 3.8159773
625 2.1272377 -3.2627096 3.8159773
input1.10 2.1277581 -3.2627096 3.8159773
638 0.9068137 -1.8694475 1.1753619
input.36 16.8308142 -18.8525867 4.5815544
input0.35 46.3924645 -58.6287003 4.7233586
650 6.5265974 -9.0529099 5.0982666
651 2.5823411 -0.1699712 5.0982656
659 2.5557166 -5.5361748 3.3885238
input.38 46.3598385 -59.4157104 5.5311828
input0.37 14.8935653 -16.3124275 4.3010955
678 10.0739573 -10.7929688 12.2909060
683 8.1898645 -9.6761017 11.5849104
x.14 8.1912954 -9.6761017 11.5849104
key_layer.14 8.1934545 -9.6761017 11.5849104
694 3.9283358 -4.5010505 3.8092494
x0.14 3.9284532 -4.5010505 3.8092494
value_layer.14 3.9289735 -4.5010505 3.8092494
x1.14 10.0829673 -10.7929688 12.2909060
query_layer.14 10.0877111 -10.7929688 12.2909060
707 8.2111973 -9.6761017 11.5849104
attention_scores.14 335.7014363 -346.2126465 443.2340088
attention_scores0.14 41.9678798 -43.2765808 55.4042511
input.40 10028.9208631 -10043.2763672 48.2726631
input0.39 0.9935321 0.0000000 1.0000000
context_layer.14 1.6328792 -3.2066498 2.7625122
715 1.6330661 -3.2066498 2.7625122
input1.12 1.6334055 -3.2066498 2.7625122
728 0.9009334 -2.5782208 1.2468841
input.42 15.2855858 -18.1050072 4.3091426
input0.41 42.8301470 -56.0568390 4.9385529
740 6.3846026 -9.9772253 6.8646145
741 5.7439451 -0.1699712 6.8646145
749 3.1879147 -4.3207040 4.0102181
input.44 41.7644390 -57.5623131 5.3614998
input0.43 15.9433427 -18.2335377 4.2738180
768 6.6001213 -7.8667903 7.1203189
773 7.0448968 -8.9771938 8.8678885
x.16 7.0462234 -8.9771938 8.8678885
key_layer.16 7.0482672 -8.9771938 8.8678885
784 3.6259108 -4.2585735 4.0710974
x0.16 3.6262389 -4.2585735 4.0710974
value_layer.16 3.6269733 -4.2585735 4.0710974
x1.16 6.6077471 -7.8667903 7.1203189
query_layer.16 6.6087422 -7.8667903 7.1203189
797 7.0543574 -8.9771938 8.8678885
attention_scores.16 140.6632562 -96.4047623 166.8971863
attention_scores0.16 17.5867345 -12.0505953 20.8621483
input.46 10007.1796875 -10011.7539062 20.8621483
input0.45 0.6600353 0.0000000 0.9964715
context_layer.16 1.7302382 -2.5561974 2.6281416
805 1.7312196 -2.5561974 2.6281416
input1.14 1.7313772 -2.5561974 2.6281416
818 0.9234216 -1.5784447 1.4653705
input.48 16.1260767 -18.4898338 4.1499190
input0.47 41.8105786 -56.7705193 5.2253466
830 7.6366015 -8.1794434 9.6397486
831 7.6212934 -0.1699712 9.6397486
839 1.7364667 -5.8409877 2.8454096
input.50 42.1388533 -59.9130974 5.4245238
input0.49 14.6593771 -16.9585915 4.0046296
858 5.2338476 -6.9905076 6.7022214
863 6.1215948 -7.5798659 9.3782959
x.18 6.1236676 -7.5798659 9.3782959
key_layer.18 6.1243915 -7.5798659 9.3782959
874 3.4851941 -3.9023988 3.8730977
x0.18 3.4853373 -3.9023988 3.8730977
value_layer.18 3.4856115 -3.9023988 3.8730977
x1.18 5.2391854 -6.9905076 6.7022214
query_layer.18 5.2402229 -6.9905076 6.7022214
887 6.1302571 -7.5798659 9.3782959
attention_scores.18 106.3801201 -91.4022064 131.0519562
attention_scores0.18 13.3002128 -11.4252758 16.3814945
input.52 10008.0725659 -10011.4248047 16.3814945
input0.51 0.7317464 0.0000000 0.9797946
context_layer.18 1.5735860 -2.9422476 2.6459587
895 1.5739099 -2.9422476 2.6459587
input1.16 1.5746019 -2.9422476 2.6459587
908 0.9227888 -1.5342212 1.3639781
input.54 15.3007457 -17.7980156 4.1962762
input0.53 37.3459423 -52.6822319 4.9338074
920 9.0754518 -9.8929806 10.1614122
921 8.9708581 -0.1699712 10.1614122
929 2.3025724 -9.4675922 2.7764699
input.56 38.7354139 -55.8222046 5.6532888
input0.55 15.4674555 -18.1208458 4.1373591
948 8.2761471 -8.1088457 8.8263702
953 7.3017718 -10.6651793 8.5822315
x.20 7.3028681 -10.6651793 8.5822315
key_layer.20 7.3036013 -10.6651793 8.5822315
964 4.5271397 -4.6930685 5.1015506
x0.20 4.5283076 -4.6930685 5.1015506
value_layer.20 4.5286876 -4.6930685 5.1015506
x1.20 8.2784453 -8.1088457 8.8263702
query_layer.20 8.2791345 -8.1088457 8.8263702
977 7.3074394 -10.6651793 8.5822315
attention_scores.20 119.2432561 -69.8852386 170.8039093
attention_scores0.20 14.9088118 -8.7356548 21.3504887
input.58 10007.5449219 -10008.7353516 21.3504887
input0.57 0.4342227 0.0000000 0.9206606
context_layer.20 1.5987663 -2.3758903 2.6548576
985 1.5991821 -2.3758903 2.6548576
input1.18 1.5994609 -2.3758903 2.6548576
998 0.8325662 -1.1468238 1.1267781
input.60 15.8462113 -18.0391808 4.0700679
input0.59 37.8397610 -52.4906654 5.2349086
1010 8.2226277 -9.8013887 5.9877353
1011 3.5762347 -0.1699712 5.9877353
1019 1.7534820 -5.0303454 3.0602000
input.62 37.6927960 -54.1689072 5.5364318
input0.61 16.1648921 -18.7651768 4.0830054
1038 5.2068997 -5.8942833 6.8432956
1043 6.1624276 -9.0713873 9.3659859
x.22 6.1638168 -9.0713873 9.3659859
key_layer.22 6.1648231 -9.0713873 9.3659859
1054 3.0683542 -3.6125014 3.7662547
x0.22 3.0688087 -3.6125014 3.7662547
value_layer.22 3.0697286 -3.6125014 3.7662547
x1.22 5.2143694 -5.8942833 6.8432956
query_layer.22 5.2158854 -5.8942833 6.8432956
1067 6.1862368 -9.0713873 9.3659859
attention_scores.22 95.7564133 -69.2072372 138.8791046
attention_scores0.22 11.9716953 -8.6509047 17.3598881
input.64 10003.9355469 -10005.5820312 17.3598881
input0.63 0.4420421 0.0000000 0.9901645
context_layer.22 1.8388204 -2.9579465 2.7953241
1075 1.8396681 -2.9579465 2.7953241
input1.20 1.8415773 -2.9579465 2.7953241
1088 0.9912174 -2.5529985 1.2315266
input.66 16.8466990 -18.6996250 4.1946549
input0.65 38.9903159 -51.4800262 5.1291723
1100 6.5740044 -12.7387905 5.5061154
1101 3.6616266 -0.1699712 5.5061154
1109 1.9003330 -3.7939074 2.7559237
input.68 39.0516576 -51.7562103 5.4805379
input0.67 15.8910820 -18.1074047 4.1149106
1128 6.6524923 -7.8840203 7.1310863
1133 7.0938622 -9.8460655 8.1039810
x.24 7.0951096 -9.8460655 8.1039810
key_layer.24 7.0955084 -9.8460655 8.1039810
1144 3.2168901 -4.0779853 4.1003737
x0.24 3.2170296 -4.0779853 4.1003737
value_layer.24 3.2173775 -4.0779853 4.1003737
x1.24 6.6568663 -7.8840203 7.1310863
query_layer.24 6.6578173 -7.8840203 7.1310863
1157 7.1000235 -9.8460655 8.1039810
attention_scores.24 141.0871841 -128.3663635 155.2299500
attention_scores0.24 17.6374926 -16.0457954 19.4037437
input.70 10009.1804911 -10014.0429688 19.4037437
input0.69 0.5139950 0.0000000 0.9883315
context_layer.24 1.8684939 -3.3748007 2.9413104
1165 1.8687825 -3.3748007 2.9413104
input1.22 1.8694967 -3.3748007 2.9413104
1178 1.0132941 -1.8034939 1.5615978
input.72 16.3585368 -18.0535145 4.2520971
input0.71 33.1413457 -61.2828445 5.3537374
1190 7.9923446 -15.3525105 8.0163364
1191 6.9475535 -0.1699712 8.0163364
1199 1.7356667 -2.4782872 2.3933249
input.74 33.0353443 -62.7431946 6.2360826
input0.73 11.3100607 -21.1852665 4.3667998
1218 5.4872723 -7.0987878 6.3744640
1223 6.3545733 -8.4645367 8.4590788
x.26 6.3550887 -8.4645367 8.4590788
key_layer.26 6.3554707 -8.4645367 8.4590788
1234 3.0267743 -3.8571503 4.2083683
x0.26 3.0279341 -3.8571503 4.2083683
value_layer.26 3.0286423 -3.8571503 4.2083683
x1.26 5.4923378 -7.0987878 6.3744640
query_layer.26 5.4938198 -7.0987878 6.3744640
1247 6.3645263 -8.4645367 8.4590788
attention_scores.26 165.5774765 -123.0600052 204.0081940
attention_scores0.26 20.7020037 -15.3825006 25.5010242
input.76 10008.8134766 -10011.9755859 25.5010242
input0.75 0.6948456 0.0000000 0.9945520
context_layer.26 1.8736240 -2.9071159 2.9314106
1255 1.8738944 -2.9071159 2.9314106
input1.24 1.8744064 -2.9071159 2.9314106
1268 1.0670972 -2.2212334 3.2166977
input.78 11.5534449 -23.4064999 4.4804187
input0.77 32.2733964 -68.7842178 5.9138627
1280 9.1164229 -9.9378147 8.7968407
1281 7.6887263 -0.1699712 8.7968407
1289 2.0311180 -3.7376311 3.4230502
input.80 33.7411249 -70.7380219 5.8441749
input0.79 13.8200461 -18.9930687 4.5180664
1308 5.8860231 -7.3261294 7.5202904
1313 6.3118863 -7.9024734 8.6566992
x.28 6.3138050 -7.9024734 8.6566992
key_layer.28 6.3147159 -7.9024734 8.6566992
1324 4.0245208 -4.6896930 4.4939070
x0.28 4.0247711 -4.6896930 4.4939070
value_layer.28 4.0248998 -4.6896930 4.4939070
x1.28 5.8929660 -7.3261294 7.5202904
query_layer.28 5.8970983 -7.3261294 7.5202904
1337 6.3241806 -7.9024734 8.6566992
attention_scores.28 104.5467167 -158.9023743 174.7418365
attention_scores0.28 13.0718331 -19.8627968 21.8427296
input.82 10005.4570312 -10008.2001953 21.8427296
input0.81 0.5711969 0.0000000 0.9992356
context_layer.28 2.7504793 -3.0847378 3.1543489
1345 2.7514117 -3.0847378 3.1543489
input1.26 2.7519091 -3.0847378 3.1543489
1358 1.1368196 -1.8882260 1.8535997
input.84 14.1758062 -18.6361961 4.6855769
input0.83 35.6909211 -59.3320580 5.2671170
1370 8.0853042 -10.0651102 6.2627258
1371 3.2795686 -0.1699712 6.2627258
1379 2.1162511 -4.5699368 2.1996186
input.86 37.0117073 -59.5651741 5.3716516
input0.85 14.2293279 -17.5974007 4.3240004
1398 5.6940683 -7.3237238 7.3941841
1403 5.8672511 -7.7413311 6.9277287
x.30 5.8704315 -7.7413311 6.9277287
key_layer.30 5.8731082 -7.7413311 6.9277287
1414 3.6855882 -4.7233777 5.5790682
x0.30 3.6863671 -4.7233777 5.5790682
value_layer.30 3.6891603 -4.7233777 5.5790682
x1.30 5.7073710 -7.3237238 7.3941841
query_layer.30 5.7079510 -7.3237238 7.3941841
1427 5.8809734 -7.7413311 6.9277287
attention_scores.30 120.1478096 -109.6725159 152.7034454
attention_scores0.30 15.0262823 -13.7090645 19.0879307
input.88 10004.8391975 -10006.0556641 19.0879307
input0.87 0.5949659 0.0000000 0.9851840
context_layer.30 2.0738848 -3.0247731 4.1040573
1435 2.0752483 -3.0247731 4.1040573
input1.28 2.0755242 -3.0247731 4.1040573
1448 1.1856740 -1.8377589 1.8371094
input.90 14.4633960 -17.5996857 4.3158059
input0.89 37.5396762 -59.7660561 4.9592071
1460 9.4743614 -10.2987814 10.2730427
1461 9.4749724 -0.1699712 10.2730427
1469 2.0137513 -5.8676133 2.6421897
input.92 38.5146220 -62.2940216 5.6625433
input0.91 15.4773302 -18.6394482 4.2253079
1488 5.9650348 -7.1640129 6.9257026
1493 6.2132118 -7.4597559 8.0092735
x.32 6.2144868 -7.4597559 8.0092735
key_layer.32 6.2158266 -7.4597559 8.0092735
1504 3.5254948 -4.9331150 4.4650569
x0.32 3.5268815 -4.9331150 4.4650569
value_layer.32 3.5273633 -4.9331150 4.4650569
x1.32 5.9675072 -7.1640129 6.9257026
query_layer.32 5.9677613 -7.1640129 6.9257026
1517 6.2275423 -7.4597559 8.0092735
attention_scores.32 108.0603440 -142.5616150 153.4134216
attention_scores0.32 13.5121384 -17.8202019 19.1766777
input.94 10008.5097656 -10012.7255859 19.1766777
input0.93 0.7380771 0.0000000 0.9992950
context_layer.32 2.4196783 -3.3813348 3.4013157
1525 2.4219204 -3.3813348 3.4013157
input1.30 2.4225730 -3.3813348 3.4013157
1538 1.3677844 -2.0763330 2.3592079
input.96 15.4264807 -17.8550034 4.6727977
input0.95 40.6813616 -64.2864456 7.8767028
1550 6.6955182 -8.4999113 6.8937154
1551 6.2043039 -0.1699712 6.8937154
1559 2.8970831 -5.5694609 2.6235518
input.98 42.5523163 -67.4072876 7.8760438
input0.97 15.1892157 -18.0175591 4.3555908
1578 7.8821307 -10.6267595 11.2772436
1583 8.2092585 -11.5185957 9.8388624
x.34 8.2102630 -11.5185957 9.8388624
key_layer.34 8.2105181 -11.5185957 9.8388624
1594 3.8638782 -5.8623562 5.6228757
x0.34 3.8643267 -5.8623562 5.6228757
value_layer.34 3.8645686 -5.8623562 5.6228757
x1.34 7.8928879 -10.6267595 11.2772436
query_layer.34 7.8948110 -10.6267595 11.2772436
1607 8.2407404 -11.5185957 9.8388624
attention_scores.34 251.8456785 -361.5780945 300.2990723
attention_scores0.34 31.5006200 -45.1972618 37.5373840
input.100 10027.3024237 -10035.8779297 37.5373840
input0.99 0.9984750 0.0000000 1.0000000
context_layer.34 2.2888055 -4.3017702 3.1617188
1615 2.2908944 -4.3017702 3.1617188
input1.32 2.2915351 -4.3017702 3.1617188
1628 1.4915805 -2.2182879 1.9525239
input.102 15.8615822 -18.0565968 4.8036962
input0.101 36.7005964 -57.6363029 8.7965994
1640 7.5882977 -9.6672020 5.6098933
1641 5.0819304 -0.1699712 5.6098933
1649 2.4499853 -6.1545320 3.2338438
input.104 38.5993672 -63.4882889 8.7393627
input0.103 14.5862110 -17.6575699 6.3948421
1668 8.0550236 -8.7044954 8.9649553
1673 7.5995358 -10.2865582 9.3123779
x.36 7.6030437 -10.2865582 9.3123779
key_layer.36 7.6119839 -10.2865582 9.3123779
1684 4.1363960 -5.8671284 5.8667974
x0.36 4.1391366 -5.8671284 5.8667974
value_layer.36 4.1399537 -5.8671284 5.8667974
x1.36 8.0605746 -8.7044954 8.9649553
query_layer.36 8.0610303 -8.7044954 8.9649553
1697 7.6329627 -10.2865582 9.3123779
attention_scores.36 189.1454409 -238.5498962 271.2962952
attention_scores0.36 23.6589811 -29.8187370 33.9120369
input.106 10017.9033203 -10026.1201172 33.9120369
input0.105 0.9948104 0.0000000 0.9999998
context_layer.36 2.1922904 -3.5937817 2.8778687
1705 2.1934083 -3.5937817 2.8778687
input1.34 2.1943050 -3.5937817 2.8778687
1718 1.4604928 -2.2628274 2.0823963
input.108 14.9517700 -17.5120907 6.0863919
input0.107 35.3387153 -56.9618950 9.9556589
1730 7.3224254 -9.6748056 6.2968893
1731 5.6603637 -0.1699712 6.2968893
1739 3.7184781 -7.8843174 4.0598001
input.110 36.5477634 -62.4883652 10.9070807
input0.109 12.8392027 -15.8055725 10.3882761
1758 6.6760681 -7.8042059 7.6471696
1763 6.9602004 -8.8036337 7.2089057
x.38 6.9617524 -8.8036337 7.2089057
key_layer.38 6.9626434 -8.8036337 7.2089057
1774 3.3368268 -4.4474616 4.1131220
x0.38 3.3375175 -4.4474616 4.1131220
value_layer.38 3.3388277 -4.4474616 4.1131220
x1.38 6.6925465 -7.8042059 7.6471696
query_layer.38 6.6943163 -7.8042059 7.6471696
1787 6.9748214 -8.8036337 7.2089057
attention_scores.38 114.9996990 -123.8523865 185.3743744
attention_scores0.38 14.3806902 -15.4815483 23.1717968
input.112 10006.5214844 -10007.7216797 23.1717968
input0.111 0.7481048 0.0000000 0.9994236
context_layer.38 2.1396397 -2.8516512 2.7674429
1795 2.1421051 -2.8516512 2.7674429
input1.36 2.1426486 -2.8516512 2.7674429
1808 1.5026117 -1.9719607 1.9947751
input.114 13.5307388 -15.8207092 10.8393412
input0.113 33.3199722 -56.6584930 14.3416977
1820 9.0340177 -10.5494728 8.4434996
1821 7.9264280 -0.1699712 8.4434996
1829 5.3013611 -6.8508348 3.7837489
input.116 34.5190953 -61.2972755 14.9118481
input0.115 9.9357304 -10.1873684 13.1656113
1848 6.6007889 -7.8960867 7.4546824
1853 7.5331932 -7.7196140 9.0586443
x.40 7.5392853 -7.7196140 9.0586443
key_layer.40 7.5420674 -7.7196140 9.0586443
1864 3.5799051 -4.0034361 4.5647111
x0.40 3.5801654 -4.0034361 4.5647111
value_layer.40 3.5806722 -4.0034361 4.5647111
x1.40 6.6161524 -7.8960867 7.4546824
query_layer.40 6.6273573 -7.8960867 7.4546824
1877 7.5611057 -7.7196140 9.0586443
attention_scores.40 94.1846370 -127.4267197 117.5420303
attention_scores0.40 11.7792652 -15.9283400 14.6927538
input.118 10007.0380859 -10008.2832031 14.6927538
input0.117 0.5086484 0.0000000 0.9993493
context_layer.40 2.3094123 -2.7895222 3.0507836
1885 2.3098632 -2.7895222 3.0507836
input1.38 2.3125019 -2.7895222 3.0507836
1898 1.7265741 -2.0665050 1.8742722
input.120 10.5198538 -9.9464779 13.3121576
input0.119 28.9664677 -33.4221039 32.8276901
1910 34.3776581 -36.0232697 59.4801369
1911 10.0806307 -0.1699712 59.4801369
1919 82.8342472 -80.5386581 405.0042419
input.122 88.0128024 -90.4708862 413.6065063
input0.121 12.4089487 -7.9702206 17.8273487
1938 6.0836053 -8.1827841 7.7855945
1943 8.0226749 -9.8042898 8.5407429
x.42 8.0269773 -9.8042898 8.5407429
key_layer.42 8.0344155 -9.8042898 8.5407429
1954 3.4507457 -4.6412311 4.1945848
x0.42 3.4511410 -4.6412311 4.1945848
value_layer.42 3.4517534 -4.6412311 4.1945848
x1.42 6.0974472 -8.1827841 7.7855945
query_layer.42 6.1000727 -8.1827841 7.7855945
1967 8.0699527 -9.8042898 8.5407429
attention_scores.42 98.1242967 -130.7793732 112.7736893
attention_scores0.42 12.2728115 -16.3474216 14.0967112
input.124 10008.1370791 -10010.4941406 14.0967112
input0.123 0.4365180 0.0000000 0.9893065
context_layer.42 1.8812565 -2.6692820 2.3923206
1975 1.8832185 -2.6692820 2.3923206
input1.40 1.8838078 -2.6692820 2.3923206
1988 1.9386974 -2.4022555 1.4369044
input.126 12.8471317 -9.4426670 17.1316776
input0.125 35.7234581 -12.6922493 41.7565155
2000 12.6282920 -13.1911707 49.7152557
2001 8.7468347 -0.1699712 49.7152557
2009 249.2062706 -98.3038635 291.2028809
input.128 267.0522705 -108.9798355 323.7348938
input0.127 10.6953234 -9.6635818 21.1030807
2028 6.1683557 -7.8820815 7.6298909
2033 7.8377395 -8.6052217 8.6222534
x.44 7.8415939 -8.6052217 8.6222534
key_layer.44 7.8431187 -8.6052217 8.6222534
2044 3.5126698 -4.0876160 4.3237529
x0.44 3.5160885 -4.0876160 4.3237529
value_layer.44 3.5187637 -4.0876160 4.3237529
x1.44 6.2033773 -7.8820815 7.6298909
query_layer.44 6.2045708 -7.8820815 7.6298909
2057 7.8769666 -8.6052217 8.6222534
attention_scores.44 101.0604949 -127.5034866 110.6110535
attention_scores0.44 12.6406999 -15.9379358 13.8263817
input.130 10012.1460360 -10013.4941406 13.8263817
input0.129 0.5567636 0.0000000 0.9913958
context_layer.44 2.3789961 -2.9015779 3.3178170
2065 2.3793537 -2.9015779 3.3178170
input1.42 2.3812655 -2.9015779 3.3178170
2078 2.0382376 -2.8862929 1.3419311
input.132 11.2112449 -10.9214687 18.7790184
input0.131 29.9689371 -15.3772993 35.3459930
2090 57.8353009 -67.9915771 117.9059296
2091 9.6008796 -0.1699712 117.9059296
2099 802.2582778 -203.6285400 841.3504639
input.134 810.1781508 -204.8477478 852.9653931
input0.133 10.3181597 -9.2974081 21.2743607
2118 7.3695631 -8.1482410 8.2726440
2123 9.0256485 -9.3977871 10.1540184
x.46 9.0357501 -9.3977871 10.1540184
key_layer.46 9.0447686 -9.3977871 10.1540184
2134 3.0927754 -4.3675618 4.3268452
x0.46 3.1091933 -4.3675618 4.3268452
value_layer.46 3.1173453 -4.3675618 4.3268452
x1.46 7.4060982 -8.1482410 8.2726440
query_layer.46 7.4094113 -8.1482410 8.2726440
2147 9.0726279 -9.3977871 10.1540184
attention_scores.46 105.7859722 -137.7051392 118.2503967
attention_scores0.46 13.2536229 -17.2131424 14.7812996
input.136 10009.4599609 -10009.8115234 14.7812996
input0.135 0.6785770 0.0000000 0.9999105
context_layer.46 2.3872858 -2.6805735 2.3248572
2155 2.3873286 -2.6805735 2.3248572
input1.44 2.3873688 -2.6805735 2.3248572
2168 4.2726211 -4.8546524 2.6934836
input.138 11.3298609 -11.2729006 18.6459656
input0.137 23.0880524 -10.5055428 25.0163002
2180 42.7236939 -56.8348732 116.9278412
2181 21.8499623 -0.1699712 116.9278412
2189 1055.9226688 -113.2576523 1107.8603516
input.140 1071.0999581 -123.1071167 1122.8549805
input0.139 9.0893526 -8.1309242 20.0087414
2208 7.7607832 -8.5043182 8.4603214
2213 7.1540707 -8.2112570 7.6599436
x.1 7.1668154 -8.2112570 7.6599436
key_layer.1 7.1705515 -8.2112570 7.6599436
2224 3.3835023 -4.0869832 3.4127166
x0.1 3.3980109 -4.0869832 3.4127166
value_layer.1 3.4175461 -4.0869832 3.4127166
x1.1 7.8033381 -8.5043182 8.4603214
query_layer.1 7.8090707 -8.5043182 8.4603214
2237 7.2223359 -8.2112570 7.6599436
attention_scores.1 107.9688014 -133.4516296 110.9456024
attention_scores0.1 13.5317841 -16.6814537 13.8682003
input.2 10008.3906250 -10008.5800781 13.8682003
input0.2 0.8057923 0.0000000 0.9978839
context_layer.1 2.4439094 -2.5965695 2.8473022
2245 2.4439172 -2.5965695 2.8473022
input1.1 2.4483452 -2.5965695 2.8473022
2258 2.6450321 -2.3848081 2.7500911
input.3 10.4990745 -7.7586074 18.6395760
input0.3 18.2670542 -10.8372774 28.3930378
2271 6.6738472 -7.6463590 7.1583076
2272 6.4691897 -0.1699712 7.1583076
2280 9.4600284 -9.8157005 2.4974275
input.1 18.9437328 -20.1940422 26.1437702
input0.1 7.2616371 -7.4184599 9.4500694
2292 10.5464065 -10.5465279 9.8730898
11_tpu_0 10.5464792 -10.5465279 8.7348804
11_tpu_1 9.9009498 -9.9009542 9.8730898
14 10.5465031 -10.5465279 8.7348804
16 9.9009527 -9.9009542 9.8730898
