input_ids.1  28990.0  0.0  28990.0
attention_mask.1  1.0  0.0  1.0
input.5  1.0  0.0  1.0
44  1.0  0.0  1.0
47  1.0  0.0  1.0
attention_mask0.1  10000.0  -10000.0  -0.0
inputs_embeds.1  0.24797965882266618  -0.9483257  0.7309902
token_type_embeddings.1  0.6884533973359661  -0.7005548  0.2979324
embeddings.1  0.7737832709730942  -1.0200144  0.6695447
input1.3  1.0252648546909013  -1.9627054  1.3955975
input0.8  5.638486951284128  -11.1723576  4.2685103
114  6.400910246882876  -7.6603856  6.5693169
119  6.1612611  -6.5664368  6.7673211
x.2  6.1612611  -6.5664368  6.7673211
key_layer.2  6.1612611  -6.5664368  6.7673211
130  2.6810013608914134  -3.0990472  2.9150889
x0.2  2.6848466  -3.0990472  2.9150889
value_layer.2  2.6883101  -3.0990472  2.9150889
x1.2  6.4528308  -7.6603856  6.5693169
query_layer.2  6.4534798  -7.6603856  6.5693169
143  6.199811  -6.5664368  6.7673211
attention_scores.2  91.76244703115911  -107.1419373  109.8682098
attention_scores0.2  11.6148424  -13.3927422  13.7335262
input.4  10010.515625  -10013.3925781  13.7335262
input2.1  0.9542191  0.0  0.9917977
context_layer.2  1.6692891721096794  -2.0122833  1.9348916
151  1.6342651  -2.0122833  1.9348916
input3.1  1.6351049  -2.0122833  1.9348916
164  2.317777242839531  -2.7508354  3.2906032
input.6  6.2680572538848525  -13.923193  5.119246
input0.5  39.1886902  -64.1193848  8.6940441
176  13.014162644230847  -17.0656338  10.2444181
177  7.351551877574272  -0.1699712  10.2444181
185  46.86421823151599  -50.8858948  19.224741
input.8  49.452857050144196  -66.6812515  22.3129768
input0.7  7.9250865934264585  -9.9862452  3.1687994
204  6.1770086  -7.646502  7.357585
209  5.9462643  -7.4171791  7.0612054
x.4  5.9483676  -7.4171791  7.0612054
key_layer.4  5.9519445  -7.4171791  7.0612054
220  3.511857164939525  -3.8506424  4.6210322
x0.4  3.3747845  -3.8506424  4.6210322
value_layer.4  3.3747845  -3.8506424  4.6210322
x1.4  6.2014775  -7.646502  7.357585
query_layer.4  6.2014775  -7.646502  7.357585
233  5.9539304  -7.4171791  7.0612054
attention_scores.4  110.78652458704794  -143.5879364  132.2620239
attention_scores0.4  13.850349565387242  -17.9484921  16.532753
input.10  10010.7314453  -10014.2734375  16.532753
input0.9  0.9228976  0.0  0.9933918
context_layer.4  2.1527642881777975  -2.5572608  2.7554531
241  2.1399047  -2.5572608  2.7554531
input1.2  2.1399047  -2.5572608  2.7554531
254  1.7308820934279308  -1.8963935  2.2850146
input.12  8.358407  -10.3084278  3.4527626
input0.11  43.611579124299034  -71.4707489  4.2633495
266  13.541914307595043  -20.1303616  12.0856361
267  5.470464820574147  -0.1699712  12.0856361
275  25.066129164652853  -39.8044891  4.389782
input.14  46.1086381  -73.1084671  6.7688375
input0.13  9.320702283327286  -11.4426651  3.6821585
294  7.588538436186169  -8.2115135  9.2532825
299  7.2701838633385885  -8.6033354  9.3770123
x.6  7.1678181  -8.6033354  9.3770123
key_layer.6  7.1678181  -8.6033354  9.3770123
310  3.66770417328517  -4.8733063  4.0076933
x0.6  3.735198  -4.8733063  4.0076933
value_layer.6  3.735198  -4.8733063  4.0076933
x1.6  7.8020515  -8.2115135  9.2532825
query_layer.6  7.8020515  -8.2115135  9.2532825
323  7.1682381  -8.6033354  9.3770123
attention_scores.6  283.0547875192242  -355.7608337  240.7567444
attention_scores0.6  34.935791798914615  -44.4701042  30.094593
input.16  10031.3955078  -10039.3476562  30.094593
input0.15  0.9999142  0.0  0.9999993
context_layer.6  2.3136028610227597  -2.5781317  2.9280567
331  2.2584958  -2.5781317  2.9280567
input1.4  2.2584958  -2.5781317  2.9280567
344  1.7297129010822747  -2.0684214  1.957881
input.18  9.5706968  -11.3092966  4.193831
input0.17  36.95224  -57.2296486  4.3601046
356  19.792719033632846  -21.6503315  67.3923187
357  4.9165931  -0.1699712  67.3923187
365  6.6225662  -288.1993103  3.2864399
input.20  40.93875977486573  -293.4853516  5.6523132
input0.19  9.5311451  -14.8571997  3.546006
384  6.422449892024437  -7.7814007  6.2921896
389  5.9249773881679495  -6.3850422  7.2908759
x.8  5.9170914  -6.3850422  7.2908759
key_layer.8  5.9170914  -6.3850422  7.2908759
400  4.51343221114288  -3.735554  4.7083526
x0.8  4.6293958  -3.735554  4.7083526
value_layer.8  4.6297627  -3.735554  4.7083526
x1.8  6.2386828  -7.7814007  6.2921896
query_layer.8  6.2398329  -7.7814007  6.2921896
413  5.9305544  -6.3850422  7.2908759
attention_scores.8  117.54294713724055  -159.0509949  154.5974884
attention_scores0.8  14.8082352  -19.8813744  19.3246861
input.22  10010.4804688  -10013.6591797  19.3246861
input0.21  0.8993493  0.0  0.998099
context_layer.8  2.2729102714219462  -2.7131665  3.3236809
421  2.2279701  -2.7131665  3.3236809
input1.6  2.23082  -2.7131665  3.3236809
434  1.5985479  -1.8197119  2.1980743
input.24  9.766155171733681  -14.8650208  4.1712623
input0.23  42.46379409465381  -94.5359573  4.6123719
446  15.087484730559954  -59.9729195  9.611886
447  4.486879109110294  -0.1699712  9.611886
455  2.2563488  -111.2912369  2.4923947
input.26  32.1285629  -205.8271942  5.468668
input0.25  11.442519692139165  -13.7115059  3.7176027
474  6.94934669315805  -8.4772549  8.509038
479  6.7713227  -7.481029  8.263423
x.10  6.7758101  -7.481029  8.263423
key_layer.10  6.7836136  -7.481029  8.263423
490  3.5217447354666547  -4.5038924  4.0309854
x0.10  3.5646405  -4.5038924  4.0309854
value_layer.10  3.5646405  -4.5038924  4.0309854
x1.10  7.1218286  -8.4772549  8.509038
query_layer.10  7.1218286  -8.4772549  8.509038
503  6.7880473  -7.481029  8.263423
attention_scores.10  119.91616085883022  -142.1040039  103.3013
attention_scores0.10  14.470851682145472  -17.7630005  12.9126625
input.28  10012.8486328  -10015.4931641  12.9126625
input0.27  0.5736812  0.0  0.9903308
context_layer.10  2.3420089  -2.5948448  3.0693285
511  2.3434036  -2.5948448  3.0693285
input1.8  2.3434036  -2.5948448  3.0693285
524  1.6376805  -2.134819  2.0415537
input.30  11.874113844908516  -13.8310976  4.2742224
input0.29  44.65255900641496  -102.3953323  4.630188
536  15.502731386453474  -60.9624519  10.6147203
537  4.9712334  -0.1699712  10.6147203
545  2.4879496  -85.466568  2.8881073
input.32  28.73599165579828  -187.861908  5.2771711
input0.31  12.425274164224646  -13.2752914  4.0786858
564  6.995267324975447  -8.0679855  7.4165821
569  6.773546157050923  -8.4677515  7.5688171
x.12  7.0322328  -8.4677515  7.5688171
key_layer.12  7.0322328  -8.4677515  7.5688171
580  3.7010777  -4.3828344  4.6015964
x0.12  3.7010777  -4.3828344  4.6015964
value_layer.12  3.7010777  -4.3828344  4.6015964
x1.12  7.3602052  -8.0679855  7.4165821
query_layer.12  7.3602052  -8.0679855  7.4165821
593  7.0332762  -8.4677515  7.5688171
attention_scores.12  137.297210576867  -173.0973969  134.9375
attention_scores0.12  16.5739816502472  -21.6371746  16.8671875
input.34  10015.3769531  -10017.9511719  16.8671875
input0.33  0.8773857  0.0  0.9997286
context_layer.12  2.055735585134994  -2.520561  2.6343479
601  2.1036201  -2.520561  2.6343479
input1.10  2.1036201  -2.520561  2.6343479
614  1.5990730090397585  -2.0635269  1.8448529
input.36  11.7779171780204  -13.8723803  4.7336674
input0.35  23.5243378  -92.6224442  4.8437343
626  11.5014753  -48.756031  11.2118883
627  7.6395404350842595  -0.1699712  11.2118883
635  2.892617  -67.8751144  2.2770128
input.38  24.9373608  -160.4975586  6.082406
input0.37  11.89228833896025  -12.6974583  4.5797162
654  7.737941336848564  -9.1890965  8.7917032
659  6.951997061181676  -7.9357305  8.4791346
x.14  7.3311954  -7.9357305  8.4791346
key_layer.14  7.3311954  -7.9357305  8.4791346
670  3.557388952042015  -4.4276867  4.5472713
x0.14  3.7143719  -4.4276867  4.5472713
value_layer.14  3.7183502  -4.4276867  4.5472713
x1.14  8.2079548  -9.1890965  8.7917032
query_layer.14  8.2097015  -9.1890965  8.7917032
683  7.3374119  -7.9357305  8.4791346
attention_scores.14  128.13672966516555  -166.0858307  121.6225433
attention_scores0.14  15.38851310327798  -20.7607288  15.2028179
input.40  10010.4541016  -10012.1748047  15.2028179
input0.39  0.8843756  0.0  0.9997161
context_layer.14  2.3323395  -2.8647861  2.4599147
691  2.3323395  -2.8647861  2.4599147
input1.12  2.3342699  -2.8647861  2.4599147
704  1.6750288830034348  -2.0503936  2.3342738
input.42  11.199088610495902  -12.7529659  5.1502728
input0.41  18.6644802  -91.1436539  5.9378715
716  9.275332914501528  -25.2152939  7.8767323
717  6.401723842189389  -0.1699712  7.8767323
725  1.9404161  -38.2501068  2.1813345
input.44  17.7395153  -129.3271027  6.4946012
input0.43  9.461947388611977  -10.9950695  4.9650025
744  8.72977035506318  -10.0587826  8.9081402
749  7.518982476810514  -8.7497168  8.7796373
x.16  7.980297  -8.7497168  8.7796373
key_layer.16  7.9836895  -8.7497168  8.7796373
760  2.988154944320321  -3.6151097  3.2035692
x0.16  3.1031833  -3.6151097  3.2035692
value_layer.16  3.1031833  -3.6151097  3.2035692
x1.16  9.2648916  -10.0587826  8.9081402
query_layer.16  9.2648916  -10.0587826  8.9081402
773  7.985661  -8.7497168  8.7796373
attention_scores.16  130.47719984957175  -169.7044525  121.7093887
attention_scores0.16  15.550440857165675  -21.2130566  15.2136736
input.46  10010.4863281  -10011.3300781  15.2136736
input0.45  0.9060482  0.0  0.9986777
context_layer.16  2.033166  -2.2917948  2.8319523
781  2.0368266  -2.2917948  2.8319523
input1.14  2.0368266  -2.2917948  2.8319523
794  1.9317299946121922  -2.8081164  1.9726419
input.48  10.6101913  -13.281374  5.3643064
input0.47  19.8078651  -88.6003036  7.1923065
806  16.358474009302764  -18.6253815  6.6074624
807  6.3796253  -0.1699712  6.6074624
815  3.2897105  -23.0492477  2.40993
input.50  22.0369028  -111.579277  6.5669098
input0.49  9.334919278818303  -11.2734489  4.2857947
834  8.083715639304751  -10.1078081  7.4725113
839  7.195292048224184  -8.1851797  8.8044224
x.18  7.9667044  -8.1851797  8.8044224
key_layer.18  7.9667044  -8.1851797  8.8044224
850  3.6811940274857298  -4.1530428  3.3935001
x0.18  3.8762462  -4.1530428  3.3935001
value_layer.18  3.8762462  -4.1530428  3.3935001
x1.18  9.0552349  -10.1078081  7.4725113
query_layer.18  9.0552349  -10.1078081  7.4725113
863  7.9829412  -8.1851797  8.8044224
attention_scores.18  109.94228326338848  -136.2577209  107.1400375
attention_scores0.18  13.307057444768708  -17.0322151  13.3925047
input.52  10006.8867188  -10007.828125  13.3925047
input0.51  0.6193395  0.0  0.9392598
context_layer.18  1.8566593395154094  -2.1010497  2.0876601
871  2.0443923  -2.1010497  2.0876601
input1.16  2.0443923  -2.1010497  2.0876601
884  2.6576197582996897  -1.2742846  3.2120414
input.54  7.781420435148478  -10.627038  5.0792584
input0.53  36.72624646662587  -80.8423386  7.9431782
896  15.616092992915725  -17.8784542  5.9586782
897  5.445700918135853  -0.1699712  5.9586782
905  4.7367382  -27.4055634  9.5291042
input.56  27.146099633932117  -108.2479019  9.2946844
input0.55  8.848556027978825  -10.7267551  3.7771707
924  6.376376593656077  -8.1348476  7.0481668
929  7.341751151199058  -8.1432457  9.3694592
x.20  8.1179695  -8.1432457  9.3694592
key_layer.20  8.1179695  -8.1432457  9.3694592
940  3.0951704764089283  -4.5932269  4.0655451
x0.20  3.3433011  -4.5932269  4.0655451
value_layer.20  3.3459623  -4.5932269  4.0655451
x1.20  6.9652179  -8.1348476  7.0481668
query_layer.20  6.9684644  -8.1348476  7.0481668
953  8.132494  -8.1432457  9.3694592
attention_scores.20  97.08741773177218  -122.5369568  94.2855835
attention_scores0.20  11.555051898893458  -15.3171196  11.7856979
input.58  10004.0  -10004.1875  11.7856979
input0.57  0.7435539  0.0  0.9628854
context_layer.20  1.9873407126299392  -2.5695398  2.6081522
961  2.3258119  -2.5695398  2.6081522
input1.18  2.3269438  -2.5695398  2.6081522
974  2.2495184257417997  -1.4618706  2.9191635
input.60  6.588811050630519  -9.0397701  5.2939186
input0.59  18.682723058112717  -37.3702736  6.7448425
986  28.323192004378882  -38.4454727  42.1951942
987  5.1650052  -0.1699712  42.1951942
995  174.3312695345773  -327.6574402  223.8696442
input.62  167.50665592397783  -331.577301  230.6144867
input0.61  7.302416696674662  -9.6477795  4.256875
1014  6.098163694104088  -7.2110596  7.151144
1019  7.278808953035299  -8.8524904  8.4323244
x.22  8.2248819  -8.8524904  8.4323244
key_layer.22  8.2271446  -8.8524904  8.4323244
1030  5.344713667533096  -4.9113955  8.2632751
x0.22  5.8405585  -4.9113955  8.2632751
value_layer.22  5.8405585  -4.9113955  8.2632751
x1.22  6.9893956  -7.2110596  7.151144
query_layer.22  6.9893956  -7.2110596  7.151144
1043  8.2284889  -8.8524904  8.4323244
attention_scores.22  113.50221779340275  -133.9459229  74.368309
attention_scores0.22  13.700983785953808  -16.7432404  9.2960386
input.64  10007.2763672  -10007.5556641  9.2960386
input0.63  0.7525784  0.0  0.9057943
context_layer.22  3.2791716574908705  -3.17891  3.6332734
1051  3.5096869  -3.17891  3.6332734
input1.20  3.5096869  -3.17891  3.6332734
1064  2.0618204712679105  -2.3172524  2.1394436
input.66  6.11370088294579  -8.5912476  5.4069958
input0.65  18.878077055092586  -27.2682724  12.2216215
1076  23.647174169316838  -23.1172028  83.1063156
1077  9.212188207642646  -0.1699712  83.1063156
1085  104.1799088  -637.5311279  19.0295143
input.68  148.9808266  -658.3457031  31.2480373
input0.67  6.818156515326184  -9.4982443  4.0285811
1104  6.085417047194054  -6.8091974  7.0451045
1109  7.3272374812775025  -9.0715847  6.9772692
x.1  8.3546448  -9.0715847  6.9772692
key_layer.1  8.3546448  -9.0715847  6.9772692
1120  5.783708979895472  -7.0068049  5.7564983
x0.1  6.7805705  -7.0068049  5.7564983
value_layer.1  6.7805705  -7.0068049  5.7564983
x1.1  6.8674321  -6.8091974  7.0451045
query_layer.1  6.8674321  -6.8091974  7.0451045
1133  8.4423224  -9.0715847  6.9772692
attention_scores.1  123.23932674879971  -147.2242889  68.6865845
attention_scores0.1  14.796302973867641  -18.4030361  8.5858231
input.2  10008.3769531  -10008.5390625  8.5858231
input0.2  0.6994665  0.0  0.8653302
context_layer.1  4.863650210212799  -5.3331375  4.2995367
1141  5.3241124  -5.3331375  4.2995367
input1.1  5.3241124  -5.3331375  4.2995367
1154  1.6813654306302033  -1.7218029  1.7832493
input.3  6.271285479199286  -8.8589687  4.4691534
input0.3  11.983783403219933  -16.1035652  4.0269837
1167  6.92764672410132  -12.2975769  5.9706717
1168  4.414354190718482  -0.1699712  5.9706717
1176  7.9978707043363135  -10.4653645  8.7334414
input.1  11.784015854760876  -15.660285  8.7676811
input0.1  2.1439654692727017  -2.6096201  2.6395957
1188  9.1977873  -9.1977873  7.006814
11_tpu_0  9.1977873  -9.1977873  7.006814
11_tpu_1  9.0411606  -9.0411606  6.9016719
14  9.1977873  -9.1977873  7.006814
16  9.0411606  -9.0411606  6.9016719
