input_ids.1  28990.0  0.0  28990.0
attention_mask.1  1.0  0.0  1.0
input.5  1.0  0.0  1.0
42  1.0  0.0  1.0
43  1.0  0.0  1.0
46  1.0  0.0  1.0
attention_mask0.1  10000.0  -10000.0  -0.0
inputs_embeds.1  0.24856981105134351  -0.9483257  0.7309902
token_type_embeddings.1  0.6885857288292048  -0.7005548  0.2979324
64  0.3438314  -1.900171  1.4570429
input1.3  0.8169661238557434  -1.9627055  1.3955975
input0.6  4.7025831  -11.1723585  4.2685103
107  6.434262173599345  -7.7638335  6.5693178
112  6.2720234  -6.7610006  7.0653019
117  3.1272359261283724  -3.9581568  3.1876335
x.2  6.4957557  -7.7638335  6.5693178
query_layer.2  6.4957557  -7.7638335  6.5693178
x0.2  6.2857461  -6.7610006  7.0653019
key_layer.2  6.2857461  -6.7610006  7.0653019
x1.2  2.7811114  -3.9581568  3.1876335
value_layer.2  2.7830343  -3.9581568  3.1876335
136  6.2936749  -6.7610006  7.0653019
attention_scores.2  94.741806  -114.795723  110.4660645
attention_scores0.2  11.8444786  -14.3494654  13.8082581
input.4  10011.0654297  -10014.3496094  13.8082581
input2.1  0.9686626  0.0  0.9986007
context_layer.2  1.7314018086349552  -2.3171029  2.0090611
144  1.5644664  -2.3171029  2.0090611
input3.1  1.5647254  -2.3171029  2.0090611
157  2.2877280622529033  -3.4654448  3.0240443
input.6  5.4675316  -14.6378031  5.1532454
input0.5  34.747484741459516  -64.7967224  8.9864235
169  12.852504527165644  -17.8697739  11.114315
170  7.2440031  -0.1699712  11.114315
178  49.239845  -54.1755028  19.8548355
input.8  50.82355563505066  -67.4119644  22.8544655
input0.7  8.00909454668222  -10.0551195  3.2024462
197  6.268153679938261  -7.1737761  8.0523033
202  6.089441335816685  -7.2609634  7.353898
207  3.3895017545154293  -4.3253055  4.9335351
x.4  5.7936288  -7.1737761  8.0523033
query_layer.4  5.7952406  -7.1737761  8.0523033
x0.4  5.866896  -7.2609634  7.353898
key_layer.4  5.8672949  -7.2609634  7.353898
x1.4  3.2874952  -4.3253055  4.9335351
value_layer.4  3.2883909  -4.3253055  4.9335351
226  5.8740007  -7.2609634  7.353898
attention_scores.4  129.51870725918783  -153.0959015  139.882782
attention_scores0.4  15.527820804582904  -19.1369877  17.4853477
input.10  10010.4560846  -10015.5117188  17.4853477
input0.9  0.9302031  0.0  0.9978642
context_layer.4  2.2438356977907783  -3.7964585  2.9399045
234  2.087185  -3.7964585  2.9399045
input1.2  2.0885109  -3.7964585  2.9399045
247  1.6593824584011543  -2.2585452  2.4261103
input.12  8.3089988  -10.5290823  3.7463493
input0.11  44.07156966237825  -73.2336044  4.56496
259  13.967444763070773  -20.8000832  12.3667021
260  5.508897127088938  -0.1699712  12.3667021
268  28.19200070705169  -42.6094856  4.7721987
input.14  46.7889199  -74.4597244  7.985549
input0.13  9.5548556  -11.4752474  3.948055
287  7.998540923757768  -10.3321257  10.7171659
292  7.663430228750694  -8.8783913  9.7764597
297  3.6749176027265  -4.8618641  4.6833367
x.6  7.5597517  -10.3321257  10.7171659
query_layer.6  7.5603864  -10.3321257  10.7171659
x0.6  7.0276255  -8.8783913  9.7764597
key_layer.6  7.0322813  -8.8783913  9.7764597
x1.6  3.7315231  -4.8618641  4.6833367
value_layer.6  3.7317634  -4.8618641  4.6833367
316  7.0430104  -8.8783913  9.7764597
attention_scores.6  276.9770249  -382.951355  262.1733704
attention_scores0.6  34.6365784  -47.8689194  32.7716713
input.16  10029.8057609  -10042.9453125  32.7716713
input0.15  0.9998915  0.0  1.0
context_layer.6  2.2378307216469477  -2.6517408  2.9820993
324  2.1819259  -2.6517408  2.9820993
input1.4  2.1835978  -2.6517408  2.9820993
337  1.6728533931475145  -2.1512113  2.3364263
input.18  9.6131361  -11.5508871  4.5695152
input0.17  37.8507766  -58.2400665  5.1940985
349  19.474495887701732  -22.8639908  68.798584
350  6.2298614864897806  -0.1699712  68.798584
358  6.5375987  -293.5139465  3.3293581
input.20  41.00704837871226  -298.9537354  5.9239545
input0.19  9.6290828  -14.8577785  3.9000041
377  6.225032515631372  -9.9739599  7.4322019
382  6.236057649608751  -7.0670919  7.4676328
387  4.533885612802958  -4.1320643  4.8573451
x.8  5.977645  -9.9739599  7.4322019
query_layer.8  5.9787793  -9.9739599  7.4322019
x0.8  5.8163289  -7.0670919  7.4676328
key_layer.8  5.8169504  -7.0670919  7.4676328
x1.8  4.6265058  -4.1320643  4.8573451
value_layer.8  4.6268396  -4.1320643  4.8573451
406  5.8213516  -7.0670919  7.4676328
attention_scores.8  147.53662685776087  -165.0197754  159.132843
attention_scores0.8  18.71256927768422  -20.6274719  19.8916054
input.22  10010.0587576  -10014.984375  19.8916054
input0.21  0.8531997  0.0  0.9988777
context_layer.8  2.212193297417542  -3.237951  3.4163833
414  2.1471864  -3.237951  3.4163833
input1.6  2.1487044  -3.237951  3.4163833
427  1.7780903336156901  -2.6433241  2.4661229
input.24  9.92743486832409  -14.8617544  4.5319152
input0.23  43.523257280384875  -94.5619736  4.9810452
439  15.505147191131675  -60.0320663  9.7739182
440  4.2239631  -0.1699712  9.7739182
448  2.3333555  -114.4689331  3.3096585
input.26  32.2920702  -208.8024597  5.6780052
input0.25  11.605675027173623  -13.726965  3.7803881
467  7.124970110347276  -8.6880217  8.9191942
472  7.473433414337551  -9.0916872  8.3307686
477  3.611285548121824  -5.7868557  4.7666125
x.10  6.9401949  -8.6880217  8.9191942
query_layer.10  6.9459364  -8.6880217  8.9191942
x0.10  6.4119188  -9.0916872  8.3307686
key_layer.10  6.4155527  -9.0916872  8.3307686
x1.10  3.5776464  -5.7868557  4.7666125
value_layer.10  3.5792005  -5.7868557  4.7666125
496  6.4216045  -9.0916872  8.3307686
attention_scores.10  177.6745527047352  -151.6475677  116.8845749
attention_scores0.10  15.2025114  -18.955946  14.6105719
input.28  10012.8398438  -10016.4570312  14.6105719
input0.27  0.5811059  0.0  0.9947582
context_layer.10  2.3232707  -3.9190187  3.1088557
504  2.3247611  -3.9190187  3.1088557
input1.8  2.3268855  -3.9190187  3.1088557
517  1.901708372427016  -3.4800882  2.5499496
input.30  11.757625204889347  -14.0424623  4.3124666
input0.29  45.19743345601224  -102.5246429  4.8217492
529  14.971212685401914  -61.0441589  10.8518486
530  4.6017786  -0.1699712  10.8518486
538  2.6804214  -87.010231  3.7128248
input.32  28.5141077  -189.3727417  6.2381639
input0.31  12.504389245600539  -14.0196562  4.3912892
557  7.491538860053561  -8.635088  8.5257015
562  7.630141031602056  -8.8055239  8.1078367
567  3.698382272741995  -5.1390233  5.3428788
x.12  7.1972928  -8.635088  8.5257015
query_layer.12  7.1987923  -8.635088  8.5257015
x0.12  6.8604841  -8.8055239  8.1078367
key_layer.12  6.865734  -8.8055239  8.1078367
x1.12  3.6387051  -5.1390233  5.3428788
value_layer.12  3.6413131  -5.1390233  5.3428788
586  6.8721259  -8.8055239  8.1078367
attention_scores.12  107.63751423655705  -181.8914032  137.410553
attention_scores0.12  17.4937116  -22.7364254  17.1763191
input.34  10015.1282276  -10019.5966797  17.1763191
input0.33  0.844761  0.0  0.9997556
context_layer.12  2.1881481  -3.6847425  3.3283939
594  2.1885919  -3.6847425  3.3283939
input1.10  2.1904979  -3.6847425  3.3283939
607  1.9502468377081836  -2.6065533  2.4487047
input.36  11.916153504505528  -15.5927372  5.2428885
input0.35  24.1899285  -92.735817  5.13483
619  11.1526141  -48.8263359  11.7095213
620  7.5263781560072465  -0.1699712  11.7095213
628  2.9096294  -70.8848419  3.0474844
input.38  25.9179077  -163.4426575  6.3014188
input0.37  12.123604707959377  -14.2113686  4.942596
647  8.16451913130692  -10.3087511  8.8395443
652  7.886373754703298  -7.928885  9.2644377
657  3.4496983176805736  -4.6797776  4.6918378
x.14  7.9572282  -10.3087511  8.8395443
query_layer.14  7.9623298  -10.3087511  8.8395443
x0.14  7.1977884  -7.928885  9.2644377
key_layer.14  7.2006361  -7.928885  9.2644377
x1.14  3.5325979  -4.6797776  4.6918378
value_layer.14  3.533531  -4.6797776  4.6918378
676  7.2162111  -7.928885  9.2644377
attention_scores.14  145.859470357672  -168.0535278  129.4090424
attention_scores0.14  17.877342629614308  -21.006691  16.1761303
input.40  10010.5657946  -10016.1816406  16.1761303
input0.39  0.8463655  0.0  0.9998218
context_layer.14  2.2306345  -3.2373395  2.9685464
684  2.2327093  -3.2373395  2.9685464
input1.12  2.2343407  -3.2373395  2.9685464
697  1.7174964167508264  -2.5809216  2.3783407
input.42  11.608576356685855  -14.3880348  5.6251936
input0.41  19.266629  -91.3135147  6.0067229
709  9.39214355268189  -25.2478733  8.2536974
710  6.5344759  -0.1699712  8.2536974
718  2.6928199  -40.0720177  3.0892355
input.44  18.9449691  -131.1409912  6.659317
input0.43  9.757222561253636  -13.0112553  5.2708941
737  9.2189903  -10.9224586  9.1891966
742  8.246324518002831  -9.2457943  9.0272331
747  2.912073497575049  -3.685663  3.9264739
x.16  9.22498  -10.9224586  9.1891966
query_layer.16  9.2259639  -10.9224586  9.1891966
x0.16  7.8060156  -9.2457943  9.0272331
key_layer.16  7.8084486  -9.2457943  9.0272331
x1.16  3.046522  -3.685663  3.9264739
value_layer.16  3.0474446  -3.685663  3.9264739
766  7.8185682  -9.2457943  9.0272331
attention_scores.16  150.43464238767737  -177.5368805  128.8742981
attention_scores0.16  17.889392104195423  -22.1921101  16.1092873
input.46  10010.8330078  -10014.4667969  16.1092873
input0.45  0.888307  0.0  0.9996347
context_layer.16  2.0050647  -2.9371285  2.8124521
774  2.0059139  -2.9371285  2.8124521
input1.14  2.0085131  -2.9371285  2.8124521
787  1.6607625940110333  -3.1875982  2.3865926
input.48  8.89877405070746  -13.5445976  5.9851055
input0.47  21.1379245  -88.9051514  7.1992621
799  17.23796534430573  -19.540287  7.8794188
800  5.719423009179285  -0.1699712  7.8794188
808  3.9077767  -24.0948448  2.6404898
input.50  24.1546866  -112.5597229  6.5693789
input0.49  8.949345426317388  -13.8885765  4.773334
827  8.263758857423888  -10.7436905  8.0595121
832  8.009079121781935  -8.3673534  9.5899067
837  3.8340430954351534  -4.4612021  4.0098209
x.18  8.7257013  -10.7436905  8.0595121
query_layer.18  8.7313359  -10.7436905  8.0595121
x0.18  7.7341398  -8.3673534  9.5899067
key_layer.18  7.7429299  -8.3673534  9.5899067
x1.18  4.0959212  -4.4612021  4.0098209
value_layer.18  4.0967398  -4.4612021  4.0098209
856  7.7631626  -8.3673534  9.5899067
attention_scores.18  120.0960997  -148.5817871  109.853302
attention_scores0.18  15.0214873  -18.5727234  13.7316628
input.52  10007.2128906  -10010.6542969  13.7316628
input0.51  0.7191412  0.0  0.994467
context_layer.18  2.4764393  -2.6948767  2.7359409
864  2.4765192  -2.6948767  2.7359409
input1.16  2.4778326  -2.6948767  2.7359409
877  2.6921947212510755  -1.9392775  4.4900975
input.54  7.526014361694855  -12.368309  5.6342015
input0.53  37.388866156818445  -81.3349304  8.1204605
889  17.88838148228673  -22.0259705  16.668726
890  5.2042491007630876  -0.1699712  16.668726
898  5.3747447  -104.5676651  32.9620895
input.56  26.9137844  -124.3135605  34.5407448
input0.55  8.156388753365762  -11.8992968  4.6317105
917  7.144926  -8.625824  8.635478
922  8.167141494905984  -8.6938305  10.215745
927  3.180680041946509  -4.8434663  3.8359709
x.20  7.1667993  -8.625824  8.635478
query_layer.20  7.1752826  -8.625824  8.635478
x0.20  7.8571666  -8.6938305  10.215745
key_layer.20  7.8640305  -8.6938305  10.215745
x1.20  3.3735579  -4.8434663  3.8359709
value_layer.20  3.3789424  -4.8434663  3.8359709
946  7.8826878  -8.6938305  10.215745
attention_scores.20  123.20320062612977  -132.3084106  107.8299561
attention_scores0.20  15.381233466070135  -16.5385513  13.4787445
input.58  10005.0419922  -10006.4677734  13.4787445
input0.57  0.8094991  0.0  0.9963621
context_layer.20  2.359693676640109  -3.1985185  2.8333197
954  2.3606709  -3.1985185  2.8333197
input1.18  2.3608363  -3.1985185  2.8333197
967  2.080682473308249  -2.2296436  3.2131412
input.60  6.103880137387891  -11.7161646  5.6009264
input0.59  19.356974928472585  -40.2872391  13.7751465
979  29.028206179435134  -45.2741432  82.9011154
980  5.9348622  -0.1699712  82.9011154
988  198.91920136182705  -636.7191772  429.3112488
input.62  253.9847938  -642.8106079  443.0863953
input0.61  6.928973117060558  -10.5433006  4.6088605
1007  6.7718510502216525  -8.296278  7.5882597
1012  7.8863836576783894  -8.8440294  9.3412428
1017  4.780770629350581  -7.3767657  8.2160873
x.22  7.2452603  -8.296278  7.5882597
query_layer.22  7.2500566  -8.296278  7.5882597
x0.22  8.1540377  -8.8440294  9.3412428
key_layer.22  8.1600487  -8.8440294  9.3412428
x1.22  5.1666077  -7.3767657  8.2160873
value_layer.22  5.1693497  -7.3767657  8.2160873
1036  8.1749925  -8.8440294  9.3412428
attention_scores.22  130.9864258  -156.6957397  100.3719482
attention_scores0.22  16.3864023  -19.5869675  12.5464935
input.64  10008.9133752  -10013.3037109  12.5464935
input0.63  0.7937619  0.0  0.9651396
context_layer.22  3.8707635061183305  -5.4290729  4.7019138
1044  3.3557362  -5.4290729  4.7019138
input1.20  3.3569719  -5.4290729  4.7019138
1057  2.0104021507863616  -2.3531418  2.6970463
input.66  5.808535925139768  -9.6251497  6.1976085
input0.3  19.45111004686615  -33.5090294  14.6065512
1069  24.811885670077206  -31.7272568  105.0647507
1070  8.770217979113664  -0.1699712  105.0647507
1078  122.2062552  -802.9768066  24.2281322
input.68  146.4958193  -827.8726196  38.7211113
input0.65  7.4870822984767935  -11.625514  4.8636098
1097  6.641518596810319  -7.7857871  8.3928871
1102  7.509914586521585  -9.3469715  7.2939706
1107  6.057994814154724  -8.0554676  6.9108009
x.1  7.4906924  -7.7857871  8.3928871
query_layer.1  7.4974304  -7.7857871  8.3928871
x0.1  8.3004001  -9.3469715  7.2939706
key_layer.1  8.3310293  -9.3469715  7.2939706
x1.1  6.486246  -8.0554676  6.9108009
value_layer.1  6.5191549  -8.0554676  6.9108009
1126  8.384738  -9.3469715  7.2939706
attention_scores.1  137.4838776  -167.3825531  89.0640259
attention_scores0.1  17.2311482  -20.9228191  11.1330032
input.2  10008.6195639  -10009.6621094  11.1330032
input0.2  0.6435042  0.0  0.9996341
context_layer.1  4.64945827731355  -6.5339561  4.805748
1134  5.6933399  -6.5339561  4.805748
input1.1  5.697884  -6.5339561  4.805748
1147  2.140345314965583  -1.9527088  2.8555341
input.3  7.270892008784476  -11.2520447  4.9660511
input0.8  15.500328837491304  -21.3765507  5.3103948
1159  7.8778501243726335  -15.0820169  7.0112286
1160  4.511842892682958  -0.1699712  7.0112286
1168  9.697282614915004  -19.8167419  12.9804153
input.9  17.9258485  -20.9847069  13.0301561
hidden_states.1  2.840803150750979  -5.248992  2.8491893
1188  9.410853877867853  -9.5416193  7.9027414
10_tpu_0  9.3342205  -9.3345289  7.9027414
10_tpu_1  9.5412474  -9.5416193  7.8589268
13  9.3343735  -9.3345289  7.9027414
14  9.541169451815968  -9.5416193  7.8589268
