# genetated time: 2023-03-25 04:10:15.594269
# histogram number: 2048
# sample number: 100
# tune number: 5
###
# op_name    threshold    min    max
x.1 1.9812000 -0.0078000 1.9812000
80_Relu 3.7738008 0.0000000 5.4864845
81_Conv 4.7771878 -7.3470349 3.2101591
82_Conv 7.1761107 -11.4761705 10.1182280
84_Relu 5.9216957 0.0000000 10.5223188
85_Pad 6.1517269 0.0000000 10.5223188
86_Conv 6.1866703 -10.9931545 9.7828131
87_Conv 7.7743979 -20.7216053 18.9992256
89_Relu 10.4525795 0.0000000 20.8949509
91_MaxPool 10.4525795 0.0000000 20.8949509
92_Pad 10.4525795 0.0000000 20.8949509
93_Conv 11.4839230 -14.1325006 15.3044205
94_Conv 13.3211737 -14.2023144 8.2676668
96_Relu 11.3757381 0.0000000 13.9940729
97_Pad 11.3757381 0.0000000 13.9940729
98_Conv 11.2673635 -16.2508240 20.0210876
99_Conv 11.3508625 -11.4925480 12.1016750
101_Relu 14.6270809 0.0000000 14.6270809
102_Pad 14.6270809 0.0000000 14.6270809
103_Conv 13.4816475 -13.7659664 30.8001480
104_Conv 9.0153408 -18.0218773 4.8276281
106_Relu 7.3506575 0.0000000 7.3506575
108_MaxPool 7.3506575 0.0000000 7.3506575
109_Pad 7.3506575 0.0000000 7.3506575
110_Conv 11.3650549 -13.5487776 13.9830303
111_Conv 5.5305676 -4.8585238 5.5305676
113_Relu 7.5027332 0.0000000 7.5027332
114_Pad 7.5027332 0.0000000 7.5027332
115_Conv 7.8235335 -11.3741293 9.2176447
116_Conv 6.4010024 -6.4010024 3.6053679
118_Relu 8.2305374 0.0000000 8.2305374
119_Pad 8.2305374 0.0000000 8.2305374
120_Conv 7.3939018 -9.8537216 9.3085165
121_Conv 6.4777565 -7.2975249 5.5849400
123_Relu 7.3638206 0.0000000 9.0587387
124_Pad 7.3638206 0.0000000 9.0587387
125_Conv 7.6415712 -10.1851130 9.5335712
126_Conv 7.4604325 -7.4604325 5.2065678
128_Relu 8.8639860 0.0000000 8.8639860
129_Pad 8.8639860 0.0000000 8.8639860
130_Conv 8.6885398 -10.5122843 10.6899719
131_Conv 11.7773247 -11.7773247 8.6888771
133_Relu 10.9413319 0.0000000 10.9413319
134_Pad 10.9413319 0.0000000 10.9413319
135_Conv 10.8449173 -11.7822733 19.2704391
136_Conv 7.3580079 -14.7088299 9.2436733
138_Relu 10.5371094 0.0000000 15.3192205
140_MaxPool 10.5371094 0.0000000 15.3192205
141_Pad 10.5371094 0.0000000 15.3192205
142_Conv 17.9714127 -19.6734161 31.9335785
143_Conv 9.9096794 -9.9096794 5.8229222
145_Relu 11.1795349 0.0000000 11.1795349
146_Conv 9.4974098 -13.2261629 16.8760414
147_Conv 9.5437469 -9.5437469 5.5169640
149_Relu 10.1189880 0.0000000 13.4853964
150_Conv 14.7624102 -14.7624102 14.6988659
151_Conv 10.2235537 -10.2235537 7.2945237
153_Relu 11.5921692 0.0000000 16.4791622
154_Conv 11.6355867 -18.1168900 23.2598114
155_Conv 16.2513161 -16.2513161 7.4232922
157_Relu 16.0565567 0.0000000 16.0565567
158_Conv 14.1640930 -22.6514816 19.6536465
159_Conv 11.2625799 -20.0125866 10.6639996
161_Relu 16.3779011 0.0000000 16.3779011
162_Conv 16.0387764 -16.0387764 5.1424913
163_Transpose 16.0387764 -16.0387764 5.1424913
170_Reshape 16.0387764 -16.0387764 5.1424913
171_Conv 25.6695938 -25.6695938 8.6294680
172_Transpose 25.6695938 -25.6695938 8.6294680
179_Reshape 25.6695938 -25.6695938 8.6294680
180_Concat 25.6695938 -25.6695938 8.6294680
181_Conv 45.0431900 -22.4880047 45.0431900
182_Transpose 45.0431900 -22.4880047 45.0431900
189_Reshape 45.0431900 -22.4880047 45.0431900
190_Conv 126.9240799 -58.4342194 126.9240799
191_Transpose 126.9240799 -58.4342194 126.9240799
198_Reshape 126.9240799 -58.4342194 126.9240799
199_Concat 119.0494537 -58.4342194 126.9240799
