# genetated time: 2023-06-02 15:30:57.471380
# histogram number: 2048
# sample number: 100
# tune number: 5
###
# op_name    threshold    min    max
input.1 2.6355782 -2.1148427 2.6355782
1009_Relu 2.7492769 -0.0000000 5.8255472
1010_MaxPool 1.0928237 -0.0000000 5.8255472
1013_Relu 2.2985377 -0.0000000 3.6758647
1016_Relu 1.1602685 -0.0000000 2.0616925
1017_Conv 1.7782876 -1.2707677 1.7782876
1018_Concat 1.4570982 -1.2707677 5.8255472
1020_Relu 2.4387872 -0.0000000 3.2501285
1023_Relu 1.2307299 -0.0000000 1.7892786
1024_Conv 1.9647784 -1.9647784 1.4833064
1025_Concat 1.4570982 -1.9647784 5.8255472
1027_Relu 1.4141033 -0.0000000 2.2614603
1030_Relu 1.1192808 -0.0000000 1.6272500
1031_Conv 1.4696230 -1.4696230 1.3396622
1032_Concat 1.4570982 -1.9647784 5.8255472
1034_Relu 1.1278603 -0.0000000 1.7512269
1037_Relu 1.1234998 -0.0000000 1.4972682
1038_Conv 1.2202973 -1.1897478 1.2202973
1039_Concat 1.8213727 -1.9647784 5.8255472
1041_Relu 1.2918699 -0.0000000 2.9514039
1044_Relu 0.9964783 -0.0000000 1.5935867
1045_Conv 1.4193634 -1.4193634 0.8934602
1046_Concat 1.8213727 -1.9647784 5.8255472
1048_Relu 1.1791858 -0.0000000 1.8135186
1051_Relu 1.1556286 -0.0000000 2.3101287
1052_Conv 1.6691109 -1.2234279 1.6691109
1053_Concat 1.8213727 -1.9647784 5.8255472
1055_Relu 2.0789003 -0.0000000 5.9907217
1056_Conv 2.8185222 -2.9579360 4.5074334
1059_AveragePool 2.6289828 -2.7793322 2.8028791
1062_Relu 0.9867333 -0.0000000 1.9725031
1065_Relu 0.8711674 -0.0000000 1.2665339
1066_Conv 1.3837698 -1.3837698 1.0501889
1067_Concat 2.2784517 -2.7793322 2.8028791
1069_Relu 1.2221622 -0.0000000 1.5039171
1072_Relu 0.9412994 -0.0000000 1.0002543
1073_Conv 1.9928944 -2.6558950 2.6287010
1074_Concat 2.2784517 -2.7793322 2.8028791
1076_Relu 0.8928657 -0.0000000 1.9167280
1079_Relu 0.7977038 -0.0000000 1.2757028
1080_Conv 0.9883780 -0.9883780 0.9757961
1081_Concat 2.2784517 -2.7793322 2.8028791
1083_Relu 0.8899803 -0.0000000 1.8979942
1086_Relu 1.1153451 -0.0000000 1.3720622
1087_Conv 0.7801472 -0.7801472 0.7274286
1088_Concat 2.2784517 -2.7793322 2.8028791
1090_Relu 0.8554782 -0.0000000 1.7104551
1093_Relu 0.9117821 -0.0000000 1.8226738
1094_Conv 1.0644267 -1.0644267 0.8377321
1095_Concat 2.1031861 -2.7793322 2.8028791
1097_Relu 1.1448182 -0.0000000 2.2334456
1100_Relu 0.8295905 -0.0000000 1.2060878
1101_Conv 0.9733238 -0.9733238 0.8125294
1102_Concat 2.1031861 -2.7793322 2.8028791
1104_Relu 0.8799616 -0.0000000 1.3406880
1107_Relu 0.9826461 -0.0000000 1.7460735
1108_Conv 0.8984424 -0.7889273 0.8984424
1109_Concat 2.1031861 -2.7793322 2.8028791
1111_Relu 0.7086348 -0.0000000 1.3573906
1114_Relu 1.2171952 -0.0000000 1.2977076
1115_Conv 0.9268016 -0.7643703 0.9268016
1116_Concat 2.1031861 -2.7793322 2.8028791
1118_Relu 0.8843164 -0.0000000 1.5713506
1121_Relu 0.9607896 -0.0000000 2.1952634
1122_Conv 0.8712328 -0.8712328 0.6783807
1123_Concat 2.1031861 -2.7793322 2.8028791
1125_Relu 1.1833923 -0.0000000 2.3087006
1128_Relu 1.4775319 -0.0000000 1.4775319
1129_Conv 1.1495678 -1.1495678 0.9306813
1130_Concat 2.1031861 -2.7793322 2.8028791
1132_Relu 0.9690410 -0.0000000 1.7223469
1135_Relu 1.2124316 -0.0000000 1.8647889
1136_Conv 0.7632903 -0.7307771 0.7632903
1137_Concat 2.1031861 -2.7793322 2.8028791
1139_Relu 0.8628176 -0.0000000 1.9714117
1142_Relu 1.4442034 -0.0000000 2.0996337
1143_Conv 0.8121412 -0.7877207 0.8121412
1144_Concat 1.9279207 -2.7793322 2.8028791
1146_Relu 1.9858445 -0.0000000 3.9697497
1147_Conv 1.2965416 -2.2176902 1.6854767
1150_AveragePool 1.1919706 -1.5885181 1.1449437
1153_Relu 0.7824891 -0.0000000 1.1376102
1156_Relu 0.6444603 -0.0000000 0.7927945
1157_Conv 1.2768567 -1.2768567 0.7791918
1158_Concat 1.1919706 -1.5885181 1.1449437
1160_Relu 0.8076579 -0.0000000 1.2186009
1163_Relu 1.4983351 -0.0000000 1.5974438
1164_Conv 1.1776547 -1.1776547 0.7468915
1165_Concat 1.1919706 -1.5885181 1.1449437
1167_Relu 0.6734985 -0.0000000 0.9167479
1170_Relu 1.2308455 -0.0000000 1.2308455
1171_Conv 0.8103568 -0.8103568 0.7222666
1172_Concat 1.1919706 -1.5885181 1.1449437
1174_Relu 0.7904491 -0.0000000 1.0537605
1177_Relu 1.1304947 -0.0000000 1.1304947
1178_Conv 0.7373381 -0.7373381 0.5734100
1179_Concat 1.1919706 -1.5885181 1.1449437
1181_Relu 0.7983404 -0.0000000 1.0216961
1184_Relu 1.1889527 -0.0000000 1.5214016
1185_Conv 0.7335541 -0.7335541 0.6881762
1186_Concat 1.1919706 -1.5885181 1.1449437
1188_Relu 1.0066310 -0.0000000 1.1841697
1191_Relu 1.9760141 -0.0000000 2.6333990
1192_Conv 0.7716389 -0.7007976 0.7716389
1193_Concat 1.1919706 -1.5885181 1.1449437
1195_Relu 0.7595463 -0.0000000 0.9720483
1198_Relu 1.1750876 -0.0000000 1.1750876
1199_Conv 0.5793562 -0.5793562 0.4722254
1200_Concat 1.1919706 -1.5885181 1.1449437
1202_Relu 0.8441888 -0.0000000 1.5259434
1205_Relu 0.8933911 -0.0000000 0.8933911
1206_Conv 0.6755320 -0.6755320 0.6266326
1207_Concat 1.1919706 -1.5885181 1.1449437
1209_Relu 0.6446887 -0.0000000 0.9372711
1212_Relu 2.9666758 -0.0000000 2.9666758
1213_Conv 1.0013194 -0.9736551 1.0013194
1214_Concat 1.1919706 -1.5885181 1.1449437
1216_Relu 0.7829254 -0.0000000 0.9489021
1219_Relu 0.9364026 -0.0000000 1.1519327
1220_Conv 0.8594412 -0.8594412 0.5145434
1221_Concat 1.1919706 -1.5885181 1.1449437
1223_Relu 0.7523463 -0.0000000 1.1462564
1226_Relu 0.9426422 -0.0000000 1.6749901
1227_Conv 0.6412297 -0.5169551 0.6412297
1228_Concat 1.1919706 -1.5885181 1.1449437
1230_Relu 0.7483568 -0.0000000 1.0320251
1233_Relu 1.0925746 -0.0000000 1.2480471
1234_Conv 0.5077469 -0.5077469 0.4720888
1235_Concat 1.1919706 -1.5885181 1.1449437
1237_Relu 0.9039691 -0.0000000 1.3773166
1240_Relu 1.4007556 -0.0000000 2.8911991
1241_Conv 0.6263990 -0.5283535 0.6263990
1242_Concat 1.1919706 -1.5885181 1.1449437
1244_Relu 0.8297799 -0.0000000 1.1061931
1247_Relu 1.6333162 -0.0000000 1.6333162
1248_Conv 0.7652029 -0.7652029 0.7535384
1249_Concat 1.1919706 -1.5885181 1.1449437
1251_Relu 0.6990648 -0.0000000 1.2088580
1254_Relu 1.1234078 -0.0000000 1.2832677
1255_Conv 0.6860240 -0.6860240 0.4192021
1256_Concat 1.1919706 -1.5885181 1.1449437
1258_Relu 1.5024134 -0.0000000 2.0900745
1261_Relu 2.8628619 -0.0000000 2.8628619
1262_Conv 0.9700797 -0.9453410 0.9700797
1263_Concat 1.1919706 -1.5885181 1.1449437
1265_Relu 1.0474329 -0.0000000 2.0187318
1268_Relu 1.8163036 -0.0000000 1.8163036
1269_Conv 0.7416490 -0.7416490 0.6516075
1270_Concat 1.1919706 -1.5885181 1.1449437
1272_Relu 1.0728506 -0.0000000 1.8552272
1275_Relu 2.0932283 -0.0000000 3.1582799
1276_Conv 0.6135709 -0.6135709 0.5750058
1277_Concat 1.1919706 -1.5885181 1.1449437
1279_Relu 0.5749306 -0.0000000 1.2342122
1282_Relu 1.2013503 -0.0000000 1.2013503
1283_Conv 0.6969173 -0.6456258 0.6969173
1284_Concat 1.1919706 -1.5885181 1.1449437
1286_Relu 0.9064487 -0.0000000 1.7684064
1289_Relu 2.0937998 -0.0000000 2.0937998
1290_Conv 0.9546839 -0.5625144 1.1977066
1291_Concat 1.1919706 -1.5885181 1.1977066
1293_Relu 0.9660252 -0.0000000 1.3438352
1296_Relu 1.7322769 -0.0000000 1.7322769
1297_Conv 0.8222268 -0.8222268 0.5840124
1298_Concat 1.1919706 -1.5885181 1.1977066
1300_Relu 0.7181395 -0.0000000 1.7273153
1303_Relu 1.4729302 -0.0000000 1.4729302
1304_Conv 0.7941568 -0.7941568 0.4218635
1305_Concat 1.1919706 -1.5885181 1.1977066
1307_Relu 0.6646216 -0.0000000 1.3288538
1310_Relu 1.6136036 -0.0000000 2.1511211
1311_Conv 0.6681244 -0.4760579 0.6681244
1312_Concat 1.1919706 -1.5885181 1.1977066
1314_Relu 0.6664477 -0.0000000 1.2541655
1317_Relu 1.0406897 -0.0000000 1.1803806
1318_Conv 0.7618037 -0.4657843 0.7618037
1319_Concat 0.9933089 -1.5885181 1.1977066
1321_Relu 0.9830171 -0.0000000 1.8499068
1324_Relu 2.8157508 -0.0000000 3.7695575
1325_Conv 0.9621629 -0.9621629 0.7805379
1326_Concat 0.9933089 -1.5885181 1.1977066
1328_Relu 1.0291372 -0.0000000 2.0077617
1331_Relu 2.0440841 -0.0000000 2.0440841
1332_Conv 1.2966768 -0.8044815 1.2966768
1333_Concat 0.9933089 -1.5885181 1.2966768
1335_Relu 0.6727946 -0.0000000 1.2661095
1338_Relu 1.2270205 -0.0000000 1.2270205
1339_Conv 0.5134850 -0.5134850 0.4502800
1340_Concat 0.9933089 -1.5885181 1.2966768
1342_Relu 0.8358659 -0.0000000 1.6109760
1345_Relu 3.8921588 -0.0000000 5.0215864
1346_Conv 1.3620723 -0.9896203 1.3620723
1347_Concat 0.9933089 -1.5885181 1.3620723
1349_Relu 0.6691132 -0.0000000 1.2161914
1352_Relu 1.4481574 -0.0000000 1.4481574
1353_Conv 0.5795775 -0.4377216 0.5795775
1354_Concat 0.9933089 -1.5885181 1.3620723
1356_Relu 1.1676335 -0.0000000 2.1105971
1359_Relu 2.1270020 -0.0000000 2.1270020
1360_Conv 0.7135927 -0.7135927 0.6026391
1361_Concat 0.9933089 -1.5885181 1.3620723
1363_Relu 0.7382079 -0.0000000 1.3420174
1366_Relu 1.8195932 -0.0000000 1.8195932
1367_Conv 0.7388029 -0.4781174 0.7388029
1368_Concat 0.9933089 -1.5885181 1.3620723
1370_Relu 0.6445425 -0.0000000 1.4729316
1373_Relu 1.3215868 -0.0000000 1.3215868
1374_Conv 0.4465639 -0.4465639 0.3960458
1375_Concat 0.9933089 -1.5885181 1.3620723
1377_Relu 1.2787935 -0.0000000 2.4949393
1380_Relu 5.0559699 -0.0000000 8.9863424
1381_Conv 2.0546122 -2.0546122 1.3866762
1382_Concat 1.0278080 -2.0546122 1.3866762
1384_Relu 0.9988644 -0.0000000 1.8056920
1387_Relu 2.4692118 -0.0000000 2.4692118
1388_Conv 0.7762839 -0.7762839 0.6164019
1389_Concat 1.0278080 -2.0546122 1.3866762
1391_Relu 0.9847390 -0.0000000 1.9212359
1394_Relu 2.7833796 -0.0000000 2.7833796
1395_Conv 0.8404206 -0.8404206 0.6641884
1396_Concat 1.0278080 -2.0546122 1.3866762
1398_Relu 0.8496083 -0.0000000 1.3592405
1401_Relu 1.6678324 -0.0000000 1.6678324
1402_Conv 0.5064767 -0.5064767 0.3901346
1403_Concat 1.0278080 -2.0546122 1.3866762
1405_Relu 1.1323260 -0.0000000 1.5616974
1408_Relu 1.9829569 -0.0000000 2.4116168
1409_Conv 0.6705005 -0.6705005 0.5764370
1410_Concat 1.0278080 -2.0546122 1.3866762
1412_Relu 0.9029369 -0.0000000 1.3628105
1415_Relu 2.1456366 -0.0000000 2.1456366
1416_Conv 0.8112735 -0.8112735 0.5914651
1417_Concat 1.0278080 -2.0546122 1.3866762
1419_Relu 0.8561913 -0.0000000 1.2922571
1422_Relu 2.3032182 -0.0000000 3.1223097
1423_Conv 0.8641223 -0.8641223 0.5916608
1424_Concat 1.0278080 -2.0546122 1.3866762
1426_Relu 0.9022477 -0.0000000 1.6402317
1429_Relu 2.1937778 -0.0000000 2.8294771
1430_Conv 0.7875249 -0.6783962 0.7875249
1431_Concat 1.0278080 -2.0546122 1.3866762
1433_Relu 0.9435777 -0.0000000 1.4241501
1436_Relu 1.5019782 -0.0000000 1.5019782
1437_Conv 0.5541750 -0.5541750 0.3599217
1438_Concat 1.0278080 -2.0546122 1.3866762
1440_Relu 0.7708806 -0.0000000 1.3119327
1443_Relu 1.5190048 -0.0000000 2.0243509
1444_Conv 0.6987843 -0.6987843 0.4129291
1445_Concat 1.0278080 -2.0546122 1.3866762
1447_Relu 0.8911562 -0.0000000 1.5166882
1450_Relu 2.2635179 -0.0000000 2.2635179
1451_Conv 0.7180628 -0.7180628 0.6285700
1452_Concat 1.0278080 -2.0546122 1.3866762
1454_Relu 1.0391120 -0.0000000 1.4843421
1457_Relu 4.0488148 -0.0000000 4.3166270
1458_Conv 1.7255843 -1.7255843 1.2724518
1459_Concat 1.0278080 -2.0546122 1.3866762
1461_Relu 0.9468712 -0.0000000 1.3525788
1464_Relu 2.1684897 -0.0000000 2.1684897
1465_Conv 0.7589937 -0.7589937 0.6032459
1466_Concat 1.0278080 -2.0546122 1.3866762
1468_Relu 0.9326613 -0.0000000 1.2645522
1471_Relu 2.0971651 -0.0000000 2.0971651
1472_Conv 0.8839467 -0.8839467 0.5705925
1473_Concat 1.0278080 -2.0546122 1.3866762
1475_Relu 0.8536966 -0.0000000 1.4529345
1478_Relu 1.9187438 -0.0000000 2.1917794
1479_Conv 0.8664911 -0.6004840 0.8664911
1480_Concat 1.0278080 -2.0546122 1.3866762
1482_Relu 0.9009145 -0.0000000 1.3597581
1485_Relu 2.1936297 -0.0000000 2.1936297
1486_Conv 0.8768686 -0.8768686 0.7226186
1487_Concat 1.0278080 -2.0546122 1.3866762
1489_Relu 2.3473680 -0.0000000 4.4692016
1490_Conv 1.3859883 -1.4060650 6.5206118
1493_AveragePool 1.0195903 -0.8115131 2.6733718
1496_Relu 1.0101368 -0.0000000 1.3692802
1499_Relu 1.6413654 -0.0000000 1.9737267
1500_Conv 0.8047715 -0.8047715 0.7622213
1501_Concat 0.8358368 -0.8115131 2.6733718
1503_Relu 1.1593175 -0.0000000 1.5520245
1506_Relu 1.7010067 -0.0000000 1.9293314
1507_Conv 0.7247635 -0.7247635 0.6121818
1508_Concat 0.9277135 -0.8115131 2.6733718
1510_Relu 0.9346996 -0.0000000 1.3350056
1513_Relu 2.2211571 -0.0000000 2.7323968
1514_Conv 1.0895982 -1.0895982 0.6876418
1515_Concat 0.8358368 -1.0895982 2.6733718
1517_Relu 0.7477291 -0.0000000 1.0678117
1520_Relu 1.5443507 -0.0000000 1.5443507
1521_Conv 0.7224945 -0.5694636 0.7224945
1522_Concat 1.1114670 -1.0895982 2.6733718
1524_Relu 1.1603328 -0.0000000 1.6001625
1527_Relu 3.4911175 -0.0000000 3.9890134
1528_Conv 1.3470786 -1.3067899 1.3470786
1529_Concat 0.8358368 -1.3067899 2.6733718
1531_Relu 0.9790065 -0.0000000 1.3106350
1534_Relu 1.3315221 -0.0000000 1.3315221
1535_Conv 0.4553266 -0.3380455 0.4553266
1536_Concat 0.8358368 -1.3067899 2.6733718
1538_Relu 0.9289513 -0.0000000 1.3267955
1541_Relu 1.6175748 -0.0000000 1.6175748
1542_Conv 0.4263533 -0.3352033 0.4263533
1543_Concat 0.9277135 -1.3067899 2.6733718
1545_Relu 1.1967831 -0.0000000 1.4900192
1548_Relu 1.5621836 -0.0000000 1.5621836
1549_Conv 0.7284168 -0.5951970 0.7284168
1550_Concat 0.8358368 -1.3067899 2.6733718
1552_Relu 1.3819416 -0.0000000 1.6749071
1555_Relu 1.7448708 -0.0000000 1.7448708
1556_Conv 1.2328069 -1.2328069 0.4554308
1557_Concat 0.8358368 -1.3067899 2.6733718
1559_Relu 0.6386876 -0.0000000 0.8173764
1562_Relu 0.8897309 -0.0000000 0.8897309
1563_Conv 0.4386370 -0.1549505 0.4386370
1564_Concat 0.8358368 -1.3067899 2.6733718
1566_Relu 1.1379895 -0.0000000 1.7502927
1569_Relu 2.4999816 -0.0000000 2.4999816
1570_Conv 0.8386188 -0.8132793 0.8386188
1571_Concat 0.8358368 -1.3067899 2.6733718
1573_Relu 0.6999934 -0.0000000 0.8264666
1576_Relu 1.1468129 -0.0000000 1.1468129
1577_Conv 0.3378524 -0.1520584 0.3378524
1578_Concat 0.8358368 -1.3067899 2.6733718
1580_Relu 0.6586336 -0.0000000 1.3166240
1583_Relu 1.3112464 -0.0000000 1.3112464
1584_Conv 0.6374911 -0.2638050 0.6374911
1585_Concat 0.8358368 -1.3067899 2.6733718
1587_Relu 0.7576208 -0.0000000 1.0539243
1590_Relu 1.0017220 -0.0000000 1.0017220
1591_Conv 0.3878947 -0.0983949 0.3878947
1592_Concat 0.8358368 -1.3067899 2.6733718
1594_Relu 1.0444204 -0.0000000 1.3003244
1597_Relu 0.8768845 -0.0000000 0.8768845
1598_Conv 0.3859123 -0.1056344 0.3859123
1599_Concat 0.8358368 -1.3067899 2.6733718
1601_Relu 0.8842060 -0.0000000 1.2628871
1604_Relu 0.8989511 -0.0000000 0.8989511
1605_Conv 0.4364710 -0.0856354 0.4364710
1606_Concat 0.6686695 -1.3067899 2.6733718
1608_Relu 1.0525936 -0.0000000 1.3472092
1611_Relu 1.0049226 -0.0000000 1.0049226
1612_Conv 0.5653226 -0.0737984 0.5653226
1613_Concat 0.6686695 -1.3067899 2.6733718
1615_Relu 0.8666289 -0.0000000 1.2055653
1618_Relu 0.6960312 -0.0000000 0.6960312
1619_Conv 0.2696087 -0.0621406 0.2696087
1620_Concat 0.6686695 -1.3067899 2.6733718
1622_Relu 0.7787697 -0.0000000 1.1865586
1625_Relu 0.8627325 -0.0000000 0.8627325
1626_Conv 0.2590878 -0.0481007 0.2590878
1627_Concat 0.6686695 -1.3067899 2.6733718
1629_Relu 0.8627646 -0.0000000 0.9929881
1632_Relu 0.8423842 -0.0000000 0.8423842
1633_Conv 0.3444123 -0.0537328 0.3444123
1634_Concat 0.6686695 -1.3067899 2.6733718
1636_Relu 1.0708305 -0.0000000 1.3332057
1639_Relu 0.7298598 -0.0000000 0.7298598
1640_Conv 0.3110685 -0.0446137 0.3110685
1641_Concat 0.6686695 -1.3067899 2.6733718
1643_Relu 0.8704976 -0.0000000 1.0837871
1646_Relu 0.8432868 -0.0000000 0.8432868
1647_Conv 0.2933207 -0.0475292 0.2933207
1648_Concat 0.6686695 -1.3067899 2.6733718
1650_Relu 0.9505206 -0.0000000 1.1520268
1653_Relu 0.7686788 -0.0000000 0.7686788
1654_Conv 0.4090776 -0.0531581 0.4090776
1655_Concat 0.6686695 -1.3067899 2.6733718
1657_Relu 0.8933235 -0.0000000 1.1165180
1660_Relu 0.8205099 -0.0000000 0.8205099
1661_Conv 0.3111042 -0.0700527 0.3111042
1662_Concat 0.6686695 -1.3067899 2.6733718
1664_Relu 0.9230985 -0.0000000 1.1492763
1667_Relu 0.7571238 -0.0000000 1.4415034
1668_Conv 0.4055123 -0.0679480 0.4055123
1669_Concat 0.6686695 -1.3067899 2.6733718
1671_Relu 0.8864824 -0.0000000 1.3506230
1674_Relu 0.5704420 -0.0000000 0.7240844
1675_Conv 0.2623364 -0.0448307 0.2623364
1676_Concat 0.6686695 -1.3067899 2.6733718
1678_Relu 0.8738130 -0.0000000 1.3187078
1681_Relu 1.1891320 -0.0000000 1.1891320
1682_Conv 0.3787665 -0.0693126 0.3787665
1683_Concat 0.6686695 -1.3067899 2.6733718
1685_Relu 0.6762204 -0.0000000 1.0202868
1688_Relu 0.7233776 -0.0000000 0.7233776
1689_Conv 0.2444319 -0.0569110 0.2444319
1690_Concat 0.6100956 -1.3067899 2.6733718
1692_Relu 0.9218553 -0.0000000 1.1798780
1695_Relu 0.8835818 -0.0000000 0.8835818
1696_Conv 0.3185740 -0.0613219 0.3185740
1697_Concat 0.5015021 -1.3067899 2.6733718
1699_Relu 0.9122997 -0.0000000 1.1057032
1702_Relu 0.7845846 -0.0000000 0.7845846
1703_Conv 0.3860203 -0.0495103 0.3860203
1704_Concat 0.5015021 -1.3067899 2.6733718
1706_Relu 0.9719610 -0.0000000 1.4135731
1709_Relu 0.6025325 -0.0000000 1.2044766
1710_Conv 0.3340178 -0.0696497 0.3340178
1711_Concat 0.5015021 -1.3067899 2.6733718
1713_Relu 0.8069591 -0.0000000 1.0757703
1716_Relu 0.6686409 -0.0000000 0.8225408
1717_Conv 0.3080423 -0.0645182 0.3080423
1718_Concat 0.5015021 -1.3067899 2.6733718
1720_Relu 21.3722968 -0.0000000 54.7103004
1721_GlobalAveragePool 8.7155530 0.0000000 16.4052753
1722_Flatten 8.7155530 0.0000000 16.4052753
1723_Gemm 29.5117970 -8.7514076 29.5117970
