# genetated time: 2022-08-17 20:59:22.780697
# histogram number: 2048
# sample number: 100
# tune number: 5
###
# op_name    threshold    min    max
data_0 2.6355782 -2.1148427 2.6355782
conv1/bn_3_Relu 2.3314885 0.0000000 4.5487580
pool1_1_MaxPool 1.1377450 0.0000000 4.5487580
conv2_1/x1/bn_3_Relu 2.3172550 0.0000000 4.1175532
conv2_1/x2/bn_3_Relu 1.1513755 0.0000000 2.0458903
conv2_1/x2_1_Conv 2.1051838 -2.7617552 2.8055410
concat_2_1_1_Concat 1.4221812 -2.7617552 4.5487580
conv2_2/x1/bn_3_Relu 2.3149062 0.0000000 4.6865921
conv2_2/x2/bn_3_Relu 1.2530993 0.0000000 2.2266445
conv2_2/x2_1_Conv 2.0707470 -2.1724722 1.6970263
concat_2_2_1_Concat 1.9910538 -2.7617552 4.5487580
conv2_3/x1/bn_3_Relu 1.4134736 0.0000000 2.2604535
conv2_3/x2/bn_3_Relu 1.2574145 0.0000000 1.8280735
conv2_3/x2_1_Conv 1.5778276 -1.5778276 1.4670595
concat_2_3_1_Concat 1.9910538 -2.7617552 4.5487580
conv2_4/x1/bn_3_Relu 1.4704763 0.0000000 2.1378303
conv2_4/x2/bn_3_Relu 1.2110608 0.0000000 1.7606828
conv2_4/x2_1_Conv 1.8017431 -1.7473094 1.8017431
concat_2_4_1_Concat 3.9093320 -2.7617552 4.5487580
conv2_5/x1/bn_3_Relu 1.1411201 0.0000000 2.0739350
conv2_5/x2/bn_3_Relu 0.8787721 0.0000000 1.5614988
conv2_5/x2_1_Conv 1.0821590 -1.0211780 1.0821590
concat_2_5_1_Concat 1.9910538 -2.7617552 4.5487580
conv2_6/x1/bn_3_Relu 1.1542171 0.0000000 2.0509398
conv2_6/x2/bn_3_Relu 1.2640977 0.0000000 2.8879554
conv2_6/x2_1_Conv 1.5713772 -1.5713772 1.5392648
concat_2_6_1_Concat 4.0372172 -2.7617552 4.5487580
conv2_blk/bn_3_Relu 2.2027638 0.0000000 7.0454021
conv2_blk_1_Conv 2.7035687 -3.9848125 4.3235974
pool2_1_AveragePool 2.7831011 -3.7089896 2.3063316
conv3_1/x1/bn_3_Relu 1.0524643 0.0000000 1.5879668
conv3_1/x2/bn_3_Relu 1.1014886 0.0000000 1.1014886
conv3_1/x2_1_Conv 2.0188782 -2.6905231 2.4581680
concat_3_1_1_Concat 2.7831011 -3.7089896 2.4581680
conv3_2/x1/bn_3_Relu 1.0067765 0.0000000 1.8297714
conv3_2/x2/bn_3_Relu 1.2068230 0.0000000 1.2068230
conv3_2/x2_1_Conv 1.5413332 -1.7327199 1.7547394
concat_3_2_1_Concat 2.7831011 -3.7089896 2.4581680
conv3_3/x1/bn_3_Relu 1.1113769 0.0000000 1.7092326
conv3_3/x2/bn_3_Relu 1.2604119 0.0000000 1.2604119
conv3_3/x2_1_Conv 1.2527895 -1.2527895 1.0397021
concat_3_3_1_Concat 2.7831011 -3.7089896 2.4581680
conv3_4/x1/bn_3_Relu 1.1460658 0.0000000 1.5273416
conv3_4/x2/bn_3_Relu 1.4467721 0.0000000 1.4467721
conv3_4/x2_1_Conv 1.2458236 -1.2458236 0.9725891
concat_3_4_1_Concat 2.7831011 -3.7089896 2.4581680
conv3_5/x1/bn_3_Relu 1.2970964 0.0000000 2.2074795
conv3_5/x2/bn_3_Relu 1.3724334 0.0000000 1.9952919
conv3_5/x2_1_Conv 1.5066929 -1.5066929 1.1348993
concat_3_5_1_Concat 2.5511761 -3.7089896 2.4581680
conv3_6/x1/bn_3_Relu 1.4815672 0.0000000 2.4432192
conv3_6/x2/bn_3_Relu 1.1799042 0.0000000 1.7153863
conv3_6/x2_1_Conv 1.4839673 -1.7264947 1.2005664
concat_3_6_1_Concat 2.5511761 -3.7089896 2.4581680
conv3_7/x1/bn_3_Relu 1.0607318 0.0000000 2.0318327
conv3_7/x2/bn_3_Relu 1.5371820 0.0000000 2.4587705
conv3_7/x2_1_Conv 1.1900144 -1.1534154 1.1900144
concat_3_7_1_Concat 2.5511761 -3.7089896 2.4581680
conv3_8/x1/bn_3_Relu 1.1390295 0.0000000 1.8219132
conv3_8/x2/bn_3_Relu 1.5473723 0.0000000 1.5570707
conv3_8/x2_1_Conv 0.9843748 -0.8903853 0.9843748
concat_3_8_1_Concat 2.5511761 -3.7089896 2.4581680
conv3_9/x1/bn_3_Relu 1.2036249 0.0000000 1.8164407
conv3_9/x2/bn_3_Relu 1.5070082 0.0000000 1.5860389
conv3_9/x2_1_Conv 1.1173626 -1.0237994 1.1173626
concat_3_9_1_Concat 2.3192511 -3.7089896 2.4581680
conv3_10/x1/bn_3_Relu 0.9576251 0.0000000 2.1880329
conv3_10/x2/bn_3_Relu 1.3479350 0.0000000 1.9778669
conv3_10/x2_1_Conv 0.9567476 -0.8376465 0.9567476
concat_3_10_1_Concat 2.3192511 -3.7089896 2.4581680
conv3_11/x1/bn_3_Relu 0.9474750 0.0000000 1.8940247
conv3_11/x2/bn_3_Relu 2.1840906 0.0000000 2.1840906
conv3_11/x2_1_Conv 1.0384446 -0.8248450 1.0384446
concat_3_11_1_Concat 2.3192511 -3.7089896 2.4581680
conv3_12/x1/bn_3_Relu 1.1471453 0.0000000 2.0383735
conv3_12/x2/bn_3_Relu 1.6181381 0.0000000 2.4419999
conv3_12/x2_1_Conv 1.4304748 -1.8453377 1.0863676
concat_3_12_1_Concat 2.0873258 -3.7089896 2.4581680
conv3_blk/bn_3_Relu 2.0585415 0.0000000 4.7029405
conv3_blk_1_Conv 1.2519233 -1.7610480 2.0020993
pool3_1_AveragePool 0.9271637 -1.2321293 1.2356145
conv4_1/x1/bn_3_Relu 1.0560323 0.0000000 2.0228307
conv4_1/x2/bn_3_Relu 1.6920526 0.0000000 1.6920526
conv4_1/x2_1_Conv 1.0416915 -1.1899233 0.9857367
concat_4_1_1_Concat 1.2356145 -1.2321293 1.2356145
conv4_2/x1/bn_3_Relu 1.1766208 0.0000000 1.1766208
conv4_2/x2/bn_3_Relu 1.1840275 0.0000000 1.3627417
conv4_2/x2_1_Conv 1.4370456 -1.4370456 1.0506172
concat_4_2_1_Concat 1.3478884 -1.4370456 1.2356145
conv4_3/x1/bn_3_Relu 1.0588708 0.0000000 1.6933661
conv4_3/x2/bn_3_Relu 2.3699210 0.0000000 3.1595860
conv4_3/x2_1_Conv 1.0148269 -1.0148269 0.8927436
concat_4_3_1_Concat 1.3478884 -1.4370456 1.2356145
conv4_4/x1/bn_3_Relu 1.1905527 0.0000000 1.4320072
conv4_4/x2/bn_3_Relu 4.0959498 0.0000000 4.8541956
conv4_4/x2_1_Conv 1.7211740 -1.5092642 1.7211740
concat_4_4_1_Concat 1.5067630 -1.5092642 1.7211740
conv4_5/x1/bn_3_Relu 1.7379432 0.0000000 2.3969612
conv4_5/x2/bn_3_Relu 3.4713948 0.0000000 3.6061635
conv4_5/x2_1_Conv 1.7425201 -1.2310226 1.7425201
concat_4_5_1_Concat 1.4164892 -1.5092642 1.7425201
conv4_6/x1/bn_3_Relu 1.4575378 0.0000000 1.4575378
conv4_6/x2/bn_3_Relu 1.5361574 0.0000000 2.0909760
conv4_6/x2_1_Conv 0.9942521 -0.9715660 0.9942521
concat_4_6_1_Concat 1.4164892 -1.5092642 1.7425201
conv4_7/x1/bn_3_Relu 0.8549444 0.0000000 1.3148544
conv4_7/x2/bn_3_Relu 1.5173237 0.0000000 1.5173237
conv4_7/x2_1_Conv 1.1773046 -1.1773046 0.8952602
concat_4_7_1_Concat 1.4164892 -1.5092642 1.7425201
conv4_8/x1/bn_3_Relu 1.5445042 0.0000000 1.9228220
conv4_8/x2/bn_3_Relu 3.8373106 0.0000000 3.9610574
conv4_8/x2_1_Conv 1.2475110 -1.7734331 1.2235583
concat_4_8_1_Concat 1.3307246 -1.7734331 1.7425201
conv4_9/x1/bn_3_Relu 2.1205835 0.0000000 2.5508811
conv4_9/x2/bn_3_Relu 3.6720214 0.0000000 4.4503422
conv4_9/x2_1_Conv 1.4591606 -2.9168961 1.6464119
concat_4_9_1_Concat 1.4591606 -2.9168961 1.7425201
conv4_10/x1/bn_3_Relu 1.6295979 0.0000000 2.4592943
conv4_10/x2/bn_3_Relu 2.3418137 0.0000000 3.0832562
conv4_10/x2_1_Conv 1.6413083 -1.6413083 0.9505580
concat_4_10_1_Concat 1.4591606 -2.9168961 1.7425201
conv4_11/x1/bn_3_Relu 1.3507141 0.0000000 1.8790388
conv4_11/x2/bn_3_Relu 3.6658481 0.0000000 6.0452681
conv4_11/x2_1_Conv 1.3445581 -2.1502426 0.8370544
concat_4_11_1_Concat 1.4591606 -2.9168961 1.7425201
conv4_12/x1/bn_3_Relu 1.3818753 0.0000000 1.7682683
conv4_12/x2/bn_3_Relu 2.6220874 0.0000000 3.2263842
conv4_12/x2_1_Conv 1.3807955 -1.4672856 1.6986108
concat_4_12_1_Concat 1.4591606 -2.9168961 1.7425201
conv4_13/x1/bn_3_Relu 1.4761284 0.0000000 2.0356619
conv4_13/x2/bn_3_Relu 1.9325611 0.0000000 2.7598386
conv4_13/x2_1_Conv 1.6597643 -1.6597643 1.0527465
concat_4_13_1_Concat 1.4591606 -2.9168961 1.7425201
conv4_14/x1/bn_3_Relu 1.3673548 0.0000000 1.9529551
conv4_14/x2/bn_3_Relu 2.3727043 0.0000000 2.3727043
conv4_14/x2_1_Conv 1.3151791 -1.4021728 1.2406027
concat_4_14_1_Concat 1.4591606 -2.9168961 1.7425201
conv4_15/x1/bn_3_Relu 1.5675597 0.0000000 1.8507828
conv4_15/x2/bn_3_Relu 2.1748815 0.0000000 2.1954200
conv4_15/x2_1_Conv 1.2775775 -1.3019047 1.0066416
concat_4_15_1_Concat 1.4591606 -2.9168961 1.7425201
conv4_16/x1/bn_3_Relu 1.0550762 0.0000000 1.6226454
conv4_16/x2/bn_3_Relu 1.9558047 0.0000000 1.9558047
conv4_16/x2_1_Conv 0.9715139 -0.9715139 0.9244175
concat_4_16_1_Concat 1.4591606 -2.9168961 1.7425201
conv4_17/x1/bn_3_Relu 1.3944115 0.0000000 1.8901796
conv4_17/x2/bn_3_Relu 3.6811419 0.0000000 3.8745873
conv4_17/x2_1_Conv 1.9302540 -1.7221131 1.9302540
concat_4_17_1_Concat 1.4591606 -2.9168961 1.9302540
conv4_18/x1/bn_3_Relu 1.2269523 0.0000000 1.8869808
conv4_18/x2/bn_3_Relu 2.6636589 0.0000000 2.7670691
conv4_18/x2_1_Conv 1.2795458 -1.4214860 0.8895822
concat_4_18_1_Concat 1.4591606 -2.9168961 1.9302540
conv4_19/x1/bn_3_Relu 1.4634974 0.0000000 2.1775606
conv4_19/x2/bn_3_Relu 3.4291433 0.0000000 4.3192668
conv4_19/x2_1_Conv 1.8825761 -1.4445741 1.8825761
concat_4_19_1_Concat 1.4591606 -2.9168961 1.9302540
conv4_20/x1/bn_3_Relu 1.5292332 0.0000000 1.9570743
conv4_20/x2/bn_3_Relu 3.2314854 0.0000000 3.2314854
conv4_20/x2_1_Conv 1.2841086 -1.3956957 1.5801444
concat_4_20_1_Concat 1.4591606 -2.9168961 1.9302540
conv4_21/x1/bn_3_Relu 1.5822067 0.0000000 2.2010038
conv4_21/x2/bn_3_Relu 2.7893438 0.0000000 2.7893438
conv4_21/x2_1_Conv 1.9378926 -1.9378926 1.1317441
concat_4_21_1_Concat 1.4591606 -2.9168961 1.9302540
conv4_22/x1/bn_3_Relu 1.3752929 0.0000000 1.9132315
conv4_22/x2/bn_3_Relu 3.7408018 0.0000000 3.7408018
conv4_22/x2_1_Conv 1.5242188 -2.0908926 2.7083991
concat_4_22_1_Concat 1.4591606 -2.9168961 2.7083991
conv4_23/x1/bn_3_Relu 1.4438588 0.0000000 2.0171158
conv4_23/x2/bn_3_Relu 2.6135809 0.0000000 2.6135809
conv4_23/x2_1_Conv 1.4429396 -1.7158195 1.2548535
concat_4_23_1_Concat 1.4591606 -2.9168961 2.7083991
conv4_24/x1/bn_3_Relu 1.7415607 0.0000000 2.3314965
conv4_24/x2/bn_3_Relu 3.5980624 0.0000000 3.6205249
conv4_24/x2_1_Conv 1.6843669 -1.4599069 1.7957808
concat_4_24_1_Concat 1.5320474 -2.9168961 2.7083991
conv4_blk/bn_3_Relu 3.8935857 0.0000000 5.2779088
conv4_blk_1_Conv 1.7675198 -1.9425199 3.0564840
pool4_1_AveragePool 1.2000873 -0.9922141 1.7774891
conv5_1/x1/bn_3_Relu 1.2103633 0.0000000 1.2953150
conv5_1/x2/bn_3_Relu 1.4616879 0.0000000 1.4616879
conv5_1/x2_1_Conv 0.8224393 -0.6693530 0.8224393
concat_5_1_1_Concat 1.2445029 -0.9922141 1.7774891
conv5_2/x1/bn_3_Relu 1.3509383 0.0000000 1.3509383
conv5_2/x2/bn_3_Relu 1.4517684 0.0000000 1.4517684
conv5_2/x2_1_Conv 0.8508590 -0.3994230 0.8508590
concat_5_2_1_Concat 1.2445029 -0.9922141 1.7774891
conv5_3/x1/bn_3_Relu 1.2521456 0.0000000 1.3815615
conv5_3/x2/bn_3_Relu 1.6891693 0.0000000 1.8508843
conv5_3/x2_1_Conv 1.4566560 -1.1292288 1.4566560
concat_5_3_1_Concat 1.2000873 -1.1292288 1.7774891
conv5_4/x1/bn_3_Relu 1.7379933 0.0000000 1.7882693
conv5_4/x2/bn_3_Relu 1.2296661 0.0000000 1.2296661
conv5_4/x2_1_Conv 0.8979658 -0.8221031 0.8979658
concat_5_4_1_Concat 1.1556718 -1.1292288 1.7774891
conv5_5/x1/bn_3_Relu 1.2488759 0.0000000 1.2488759
conv5_5/x2/bn_3_Relu 1.1362377 0.0000000 1.1362377
conv5_5/x2_1_Conv 0.4647703 -0.2560342 0.4647703
concat_5_5_1_Concat 1.2445029 -1.1292288 1.7774891
conv5_6/x1/bn_3_Relu 1.4526172 0.0000000 2.0747330
conv5_6/x2/bn_3_Relu 1.7037901 0.0000000 1.7037901
conv5_6/x2_1_Conv 1.1208802 -0.9695188 1.5005668
concat_5_6_1_Concat 1.0224253 -1.1292288 1.7774891
conv5_7/x1/bn_3_Relu 1.0498342 0.0000000 1.9081962
conv5_7/x2/bn_3_Relu 1.4673854 0.0000000 1.4673854
conv5_7/x2_1_Conv 0.5620461 -0.2394248 0.5620461
concat_5_7_1_Concat 1.0224253 -1.1292288 1.7774891
conv5_8/x1/bn_3_Relu 1.5261082 0.0000000 2.0346122
conv5_8/x2/bn_3_Relu 1.4593272 0.0000000 1.4593272
conv5_8/x2_1_Conv 1.0898309 -0.3296335 1.3948691
concat_5_8_1_Concat 0.9335942 -1.1292288 1.7774891
conv5_9/x1/bn_3_Relu 1.2701731 0.0000000 1.4941925
conv5_9/x2/bn_3_Relu 0.9858122 0.0000000 0.9858122
conv5_9/x2_1_Conv 0.5400284 -0.1351466 0.5400284
concat_5_9_1_Concat 0.9780097 -1.1292288 1.7774891
conv5_10/x1/bn_3_Relu 1.5457919 0.0000000 1.5457919
conv5_10/x2/bn_3_Relu 1.1954566 0.0000000 1.1954566
conv5_10/x2_1_Conv 0.4580444 -0.1044186 0.4580444
concat_5_10_1_Concat 1.0000655 -1.1292288 1.7774891
conv5_11/x1/bn_3_Relu 1.4389985 0.0000000 1.7372711
conv5_11/x2/bn_3_Relu 1.1274685 0.0000000 1.1274685
conv5_11/x2_1_Conv 0.5197512 -0.1014240 0.5197512
concat_5_11_1_Concat 0.9445353 -1.1292288 1.7774891
conv5_12/x1/bn_3_Relu 1.7192975 0.0000000 1.7410285
conv5_12/x2/bn_3_Relu 1.0842286 0.0000000 1.0842286
conv5_12/x2_1_Conv 0.5292767 -0.1356903 0.5292767
concat_5_12_1_Concat 0.9445353 -1.1292288 1.7774891
conv5_13/x1/bn_3_Relu 1.5413707 0.0000000 1.5413707
conv5_13/x2/bn_3_Relu 1.2488344 0.0000000 1.2488344
conv5_13/x2_1_Conv 0.7041754 -0.1567337 0.7041754
concat_5_13_1_Concat 1.0000655 -1.1292288 1.7774891
conv5_14/x1/bn_3_Relu 1.4360683 0.0000000 1.4360683
conv5_14/x2/bn_3_Relu 1.0649551 0.0000000 1.0649551
conv5_14/x2_1_Conv 0.4894524 -0.1386164 0.4894524
concat_5_14_1_Concat 1.0000655 -1.1292288 1.7774891
conv5_15/x1/bn_3_Relu 1.5837422 0.0000000 1.6243306
conv5_15/x2/bn_3_Relu 1.2273668 0.0000000 1.2273668
conv5_15/x2_1_Conv 0.5449216 -0.1041899 0.5449216
concat_5_15_1_Concat 1.0000655 -1.1292288 1.7774891
conv5_16/x1/bn_3_Relu 1.2877667 0.0000000 1.7239845
conv5_16/x2/bn_3_Relu 1.3647970 0.0000000 1.3647970
conv5_16/x2_1_Conv 0.6542901 -0.1780201 0.6542901
concat_5_16_1_Concat 0.6668840 -1.1292288 1.7774891
conv5_blk/bn_3_Relu 25.4410591 0.0000000 101.7542953
pool5_1_GlobalAveragePool 9.6315381 0.0000000 18.5656185
fc6_1_Conv 28.4417458 -9.3487606 28.4417458
