# genetated time: 2023-04-13 16:03:42.624341
# histogram number: 2048
# sample number: 100
# tune number: 5
###
# op_name    threshold    min    max
data 2.5680201 -2.1025600 2.5680201
conv1/bn 2.0978646 -0.0000000 4.4452448
pool1 1.1118541 -0.0000000 4.4452448
conv2_1/x1/bn 2.2747810 -0.0000000 4.0420804
conv2_1/x2/bn 1.1728704 -0.0000000 2.0061545
conv2_1/x2 2.1053262 -2.7304900 2.8057308
concat_2_1 1.3898176 -2.7304900 4.4452448
conv2_2/x1/bn 2.1445053 -0.0000000 4.6036415
conv2_2/x2/bn 1.3676882 -0.0000000 2.1872325
conv2_2/x2 1.9373959 -2.1375785 1.6749437
concat_2_2 1.3898176 -2.7304900 4.4452448
conv2_3/x1/bn 1.5317762 -0.0000000 2.2269502
conv2_3/x2/bn 1.1376448 -0.0000000 1.8193429
conv2_3/x2 1.6240323 -1.6240323 1.4490986
concat_2_3 1.9457446 -2.7304900 4.4452448
conv2_4/x1/bn 1.3231122 -0.0000000 2.1159458
conv2_4/x2/bn 1.1238295 -0.0000000 1.7449684
conv2_4/x2 1.8326504 -1.7428893 1.8326504
concat_2_4 1.9457446 -2.7304900 4.4452448
conv2_5/x1/bn 1.0260137 -0.0000000 2.7347007
conv2_5/x2/bn 0.9668504 -0.0000000 1.5462053
conv2_5/x2 1.0786840 -1.0757661 1.0786840
concat_2_5 1.9457446 -2.7304900 4.4452448
conv2_6/x1/bn 1.2696948 -0.0000000 2.0305197
conv2_6/x2/bn 1.2732446 -0.0000000 2.9088523
conv2_6/x2 1.6956289 -1.6956289 1.5738456
concat_2_6 1.9457446 -2.7304900 4.4452448
conv2_blk/bn 2.2394812 -0.0000000 7.1628408
conv2_blk 2.5551231 -2.9779043 4.5402231
pool2 2.6110287 -2.7837374 2.4243958
conv3_1/x1/bn 1.1142232 -0.0000000 1.4850988
conv3_1/x2/bn 0.8410062 -0.0000000 1.0345792
conv3_1/x2 2.5575993 -2.5575993 2.4102666
concat_3_1 2.4369602 -2.7837374 2.4243958
conv3_2/x1/bn 1.1013287 -0.0000000 1.9146628
conv3_2/x2/bn 0.8874562 -0.0000000 1.1826971
conv3_2/x2 1.8045371 -1.8045371 1.7953042
concat_3_2 2.4369602 -2.7837374 2.4243958
conv3_3/x1/bn 1.1401216 -0.0000000 1.8144442
conv3_3/x2/bn 1.1557536 -0.0000000 1.3202163
conv3_3/x2 1.2432303 -1.2432303 1.0210162
concat_3_3 2.2628915 -2.7837374 2.4243958
conv3_4/x1/bn 1.0605687 -0.0000000 1.5418921
conv3_4/x2/bn 1.0724224 -0.0000000 1.4291983
conv3_4/x2 1.3185415 -1.3185415 1.0075128
concat_3_4 2.2628915 -2.7837374 2.4243958
conv3_5/x1/bn 1.1406166 -0.0000000 2.4008660
conv3_5/x2/bn 1.4222694 -0.0000000 1.9781793
conv3_5/x2 1.5004227 -1.5004227 1.1444093
concat_3_5 2.2628915 -2.7837374 2.4243958
conv3_6/x1/bn 1.1297210 -0.0000000 2.5812469
conv3_6/x2/bn 1.0933664 -0.0000000 1.4571100
conv3_6/x2 1.4215604 -1.4215604 1.0866246
concat_3_6 2.0888231 -2.7837374 2.4243958
conv3_7/x1/bn 0.9980263 -0.0000000 2.1284158
conv3_7/x2/bn 1.1941402 -0.0000000 2.7284353
conv3_7/x2 1.2751609 -1.2101418 1.2751609
concat_3_7 2.0888231 -2.7837374 2.4243958
conv3_8/x1/bn 0.9128353 -0.0000000 1.6220260
conv3_8/x2/bn 1.4523890 -0.0000000 1.7866828
conv3_8/x2 1.0064435 -0.8703040 1.0064435
concat_3_8 2.0888231 -2.7837374 2.4243958
conv3_9/x1/bn 1.1015851 -0.0000000 1.7361087
conv3_9/x2/bn 1.3189975 -0.0000000 1.7578046
conv3_9/x2 1.0966262 -1.0548742 1.0966262
concat_3_9 2.0888231 -2.7837374 2.4243958
conv3_10/x1/bn 0.9333284 -0.0000000 2.2964401
conv3_10/x2/bn 1.1436057 -0.0000000 2.0320840
conv3_10/x2 1.1018529 -0.8354895 1.1018529
concat_3_10 2.0888231 -2.7837374 2.4243958
conv3_11/x1/bn 1.1138014 -0.0000000 1.9791245
conv3_11/x2/bn 1.2208033 -0.0000000 2.4404144
conv3_11/x2 1.1152278 -0.8383706 1.1152278
concat_3_11 1.9147544 -2.7837374 2.4243958
conv3_12/x1/bn 1.1738865 -0.0000000 2.2349865
conv3_12/x2/bn 1.5629878 -0.0000000 2.4874139
conv3_12/x2 1.4529293 -1.7878847 1.1529953
concat_3_12 1.9147544 -2.7837374 2.4243958
conv3_blk/bn 2.1622689 -0.0000000 4.9399157
conv3_blk 1.3403246 -1.9142411 1.9486113
pool3 0.9592661 -1.2157859 1.2574799
conv4_1/x1/bn 1.5087222 -0.0000000 1.9863993
conv4_1/x2/bn 1.7977128 -0.0000000 1.7977128
conv4_1/x2 1.2468891 -1.2468891 1.1175983
concat_4_1 0.9435706 -1.2468891 1.2574799
conv4_2/x1/bn 0.8409805 -0.0000000 1.1955186
conv4_2/x2/bn 0.9761736 -0.0000000 1.2008578
conv4_2/x2 1.4188558 -1.4188558 1.0119371
concat_4_2 1.4188558 -1.4188558 1.2574799
conv4_3/x1/bn 1.0416234 -0.0000000 1.6661091
conv4_3/x2/bn 1.6629426 -0.0000000 3.3249106
conv4_3/x2 1.0397183 -1.0397183 0.9465424
concat_4_3 1.4188558 -1.4188558 1.2574799
conv4_4/x1/bn 1.0800147 -0.0000000 1.5088143
conv4_4/x2/bn 3.3456292 -0.0000000 5.0973191
conv4_4/x2 1.7022949 -1.6028644 1.7022949
concat_4_4 1.3837904 -1.6028644 1.7022949
conv4_5/x1/bn 1.4395093 -0.0000000 2.3738625
conv4_5/x2/bn 2.6280745 -0.0000000 3.7536063
conv4_5/x2 1.2549765 -1.2974182 1.7840458
concat_4_5 1.3386880 -1.6028644 1.7840458
conv4_6/x1/bn 0.9928612 -0.0000000 1.4434566
conv4_6/x2/bn 2.1000137 -0.0000000 2.1000137
conv4_6/x2 1.1259586 -1.1259586 0.9192297
concat_4_6 1.3386880 -1.6028644 1.7840458
conv4_7/x1/bn 0.8180605 -0.0000000 1.3019007
conv4_7/x2/bn 1.5471821 -0.0000000 1.5471821
conv4_7/x2 1.1599823 -1.1599823 0.8947127
concat_4_7 1.3386880 -1.6028644 1.7840458
conv4_8/x1/bn 1.0713803 -0.0000000 1.9037460
conv4_8/x2/bn 3.1517920 -0.0000000 3.9240448
conv4_8/x2 1.8521738 -1.8521738 1.1846726
concat_4_8 1.5056263 -1.8521738 1.7840458
conv4_9/x1/bn 1.3594986 -0.0000000 2.4708281
conv4_9/x2/bn 3.0105414 -0.0000000 4.3768311
conv4_9/x2 2.8054986 -2.8054986 1.4237721
concat_4_9 1.4034345 -2.8054986 1.7840458
conv4_10/x1/bn 1.3507535 -0.0000000 2.1605723
conv4_10/x2/bn 2.0155053 -0.0000000 3.0997291
conv4_10/x2 1.3009322 -1.4860537 0.9373167
concat_4_10 1.4034345 -2.8054986 1.7840458
conv4_11/x1/bn 1.0605603 -0.0000000 1.6467303
conv4_11/x2/bn 3.5650615 -0.0000000 5.4316406
conv4_11/x2 1.2577771 -2.0016870 0.8067912
concat_4_11 1.4034345 -2.8054986 1.7840458
conv4_12/x1/bn 1.1114912 -0.0000000 1.7094084
conv4_12/x2/bn 3.0211701 -0.0000000 3.2210078
conv4_12/x2 1.6736119 -1.3503650 1.6736119
concat_4_12 1.4034345 -2.8054986 1.7840458
conv4_13/x1/bn 1.1148556 -0.0000000 1.9381795
conv4_13/x2/bn 2.2253163 -0.0000000 2.5419767
conv4_13/x2 1.2652919 -1.6192888 1.0301852
concat_4_13 1.4034345 -2.8054986 1.7840458
conv4_14/x1/bn 1.0659365 -0.0000000 2.0418022
conv4_14/x2/bn 2.4180045 -0.0000000 2.4180045
conv4_14/x2 1.4486033 -1.4486033 1.2360291
concat_4_14 1.4034345 -2.8054986 1.7840458
conv4_15/x1/bn 0.9891651 -0.0000000 1.7576571
conv4_15/x2/bn 2.2449837 -0.0000000 2.2449837
conv4_15/x2 1.2967619 -1.2967619 1.0002264
concat_4_15 1.4034345 -2.8054986 1.7840458
conv4_16/x1/bn 0.9518932 -0.0000000 1.6281809
conv4_16/x2/bn 1.8559473 -0.0000000 1.9787104
conv4_16/x2 0.9461433 -0.9028593 0.9461433
concat_4_16 1.4034345 -2.8054986 1.7840458
conv4_17/x1/bn 1.1661489 -0.0000000 1.8106776
conv4_17/x2/bn 3.0810346 -0.0000000 3.4945991
conv4_17/x2 1.9414659 -1.5472510 1.9414659
concat_4_17 1.4034345 -2.8054986 1.9414659
conv4_18/x1/bn 1.2658186 -0.0000000 1.8402916
conv4_18/x2/bn 2.7599852 -0.0000000 2.7599852
conv4_18/x2 1.2573276 -1.4898696 0.8310535
concat_4_18 1.4034345 -2.8054986 1.9414659
conv4_19/x1/bn 1.2684304 -0.0000000 2.2538862
conv4_19/x2/bn 4.2773328 -0.0000000 4.2773328
conv4_19/x2 1.8850091 -1.4334759 1.8850091
concat_4_19 1.4034345 -2.8054986 1.9414659
conv4_20/x1/bn 1.1621052 -0.0000000 1.9160931
conv4_20/x2/bn 2.8054772 -0.0000000 3.1820540
conv4_20/x2 1.2544920 -1.3680658 1.5801281
concat_4_20 1.4034345 -2.8054986 1.9414659
conv4_21/x1/bn 1.0946015 -0.0000000 1.9893893
conv4_21/x2/bn 2.9785051 -0.0000000 2.9785051
conv4_21/x2 1.3794147 -1.8383216 1.1941807
concat_4_21 1.4034345 -2.8054986 1.9414659
conv4_22/x1/bn 1.0990491 -0.0000000 1.9005311
conv4_22/x2/bn 3.5842898 -0.0000000 3.5842898
conv4_22/x2 1.7327851 -2.0827060 2.7711024
concat_4_22 1.4034345 -2.8054986 2.7711024
conv4_23/x1/bn 1.1351705 -0.0000000 2.0170953
conv4_23/x2/bn 2.5521793 -0.0000000 2.5521793
conv4_23/x2 1.2638844 -1.7578877 1.1892176
concat_4_23 1.4034345 -2.8054986 2.7711024
conv4_24/x1/bn 1.1077190 -0.0000000 2.2426078
conv4_24/x2/bn 3.3355601 -0.0000000 3.5561934
conv4_24/x2 1.2944825 -1.5531890 1.8819643
concat_4_24 1.4034345 -2.8054986 2.7711024
conv4_blk/bn 3.0368772 -0.0000000 5.3962569
conv4_blk 1.5551932 -1.9275782 3.1088676
pool4 0.9662934 -0.9237806 1.8509358
conv5_1/x1/bn 0.8543347 -0.0000000 1.3265240
conv5_1/x2/bn 1.6890332 -0.0000000 1.6890332
conv5_1/x2 0.9208198 -0.5988188 0.9208198
concat_5_1 0.9662934 -0.9237806 1.8509358
conv5_2/x1/bn 0.9720167 -0.0000000 1.4131521
conv5_2/x2/bn 1.5180995 -0.0000000 1.5180995
conv5_2/x2 0.8118054 -0.3932602 0.8118054
concat_5_2 0.9662934 -0.9237806 1.8509358
conv5_3/x1/bn 0.9041030 -0.0000000 1.4458586
conv5_3/x2/bn 2.0223413 -0.0000000 2.0223413
conv5_3/x2 1.5315676 -1.1863645 1.5315676
concat_5_3 0.9662934 -1.1863645 1.8509358
conv5_4/x1/bn 0.8241020 -0.0000000 1.8827419
conv5_4/x2/bn 1.3174119 -0.0000000 1.3174119
conv5_4/x2 0.8574393 -0.7070286 0.8574393
concat_5_4 0.9142556 -1.1863645 1.8509358
conv5_5/x1/bn 1.2884710 -0.0000000 1.2884710
conv5_5/x2/bn 1.2096990 -0.0000000 1.2096990
conv5_5/x2 0.4798754 -0.2639736 0.4798754
concat_5_5 0.9662934 -1.1863645 1.8509358
conv5_6/x1/bn 1.8181013 -0.0000000 2.1862500
conv5_6/x2/bn 1.7761844 -0.0000000 1.7761844
conv5_6/x2 0.8804087 -1.0457866 1.6001035
concat_5_6 0.8101800 -1.1863645 1.8509358
conv5_7/x1/bn 1.0610126 -0.0000000 2.0449042
conv5_7/x2/bn 1.3061616 -0.0000000 1.3061616
conv5_7/x2 0.4808469 -0.2245254 0.4808469
concat_5_7 0.8101800 -1.1863645 1.8509358
conv5_8/x1/bn 0.9556597 -0.0000000 2.1832983
conv5_8/x2/bn 1.3037925 -0.0000000 1.3037925
conv5_8/x2 0.8635973 -0.3495172 1.3158047
concat_5_8 0.8101800 -1.1863645 1.8509358
conv5_9/x1/bn 0.9604030 -0.0000000 1.6001505
conv5_9/x2/bn 0.8147614 -0.0000000 1.3029816
conv5_9/x2 0.5401822 -0.1223537 0.5401822
concat_5_9 0.8101800 -1.1863645 1.8509358
conv5_10/x1/bn 0.7243570 -0.0000000 1.6548647
conv5_10/x2/bn 1.1808332 -0.0000000 1.1808332
conv5_10/x2 0.5085137 -0.0942068 0.5085137
concat_5_10 0.8101800 -1.1863645 1.8509358
conv5_11/x1/bn 1.0475414 -0.0000000 1.8613864
conv5_11/x2/bn 0.9935767 -0.0000000 0.9935767
conv5_11/x2 0.5465880 -0.0982430 0.5465880
concat_5_11 0.8100896 -1.1863645 1.8509358
conv5_12/x1/bn 1.1306606 -0.0000000 1.8645470
conv5_12/x2/bn 1.1154801 -0.0000000 1.1154801
conv5_12/x2 0.4756556 -0.1049682 0.4756556
concat_5_12 0.8100896 -1.1863645 1.8509358
conv5_13/x1/bn 1.6324624 -0.0000000 1.6324624
conv5_13/x2/bn 1.3290629 -0.0000000 1.3290629
conv5_13/x2 0.5441937 -0.1378307 0.5441937
concat_5_13 0.8100896 -1.1863645 1.8509358
conv5_14/x1/bn 0.9888317 -0.0000000 1.5353574
conv5_14/x2/bn 1.2057445 -0.0000000 1.2057445
conv5_14/x2 0.4810393 -0.1664288 0.4810393
concat_5_14 0.8100896 -1.1863645 1.8509358
conv5_15/x1/bn 0.7612934 -0.0000000 1.7392496
conv5_15/x2/bn 1.3400251 -0.0000000 1.3400251
conv5_15/x2 0.7006613 -0.1161221 0.7006613
concat_5_15 0.8100896 -1.1863645 1.8509358
conv5_16/x1/bn 1.0145491 -0.0000000 1.8440615
conv5_16/x2/bn 1.2560203 -0.0000000 1.2560203
conv5_16/x2 0.6973375 -0.1633260 0.6973375
concat_5_16 0.6944400 -1.1863645 1.8509358
conv5_blk/bn 28.4949542 -0.0000000 95.9756012
pool5 9.1190620 0.0000000 17.7913837
fc6 27.7917938 -10.1454554 27.7917938
