# genetated time: 2023-07-22 13:11:13.007718
# histogram number: 2048
# sample number: 100
# tune number: 5
###
# op_name    threshold    min    max
input 2.6399705 -2.1173160 2.6399705
339_Relu 4.6908276 -0.0000000 8.8275099
340_MaxPool 5.5198889 -0.0000000 8.8275099
343_Relu 1.8774116 -0.0000000 2.7294471
346_Relu 1.7337548 -0.0000000 2.5205936
348_BatchNormalization 2.8342837 -3.6804626 3.7468297
349_GlobalAveragePool 1.4443231 -1.4443231 1.3337915
350_Squeeze 1.4443231 -1.4443231 1.3337915
351_Transpose 1.4443231 -1.4443231 1.3337915
352_Conv 2.4024847 -3.4928167 1.9473175
353_Transpose 2.4024847 -3.4928167 1.9473175
354_Unsqueeze 2.4024847 -3.4928167 1.9473175
355_Sigmoid 0.8751538 0.0295173 0.8751538
358_Mul 1.5038747 -2.6722496 2.3424757
360_BatchNormalization 2.2850120 -5.2203345 3.1774809
362_Relu 1.7041320 0.0000000 3.4065998
365_Relu 1.8391727 -0.0000000 3.2680440
368_Relu 2.0499740 -0.0000000 2.9803243
370_BatchNormalization 2.1165571 -4.8354826 4.4560761
371_GlobalAveragePool 1.1611832 -1.1611832 1.0150247
372_Squeeze 1.1611832 -1.1611832 1.0150247
373_Transpose 1.1611832 -1.1611832 1.0150247
374_Conv 2.9194155 -2.9194155 1.4937885
375_Transpose 2.9194155 -2.9194155 1.4937885
376_Unsqueeze 2.9194155 -2.9194155 1.4937885
377_Sigmoid 0.8166462 0.0512021 0.8166462
380_Mul 1.3662677 -3.2862346 2.4816954
382_Relu 1.8060122 0.0000000 3.2091208
385_Relu 1.2689849 -0.0000000 2.2548716
388_Relu 1.8990676 -0.0000000 2.5308537
390_BatchNormalization 1.3493176 -3.5964234 3.5167992
391_GlobalAveragePool 0.4584568 -0.4480288 0.4584568
392_Squeeze 0.4584568 -0.4480288 0.4584568
393_Transpose 0.4584568 -0.4480288 0.4584568
394_Conv 0.4624727 -0.4467964 0.4624727
395_Transpose 0.4624727 -0.4467964 0.4624727
396_Unsqueeze 0.4624727 -0.4467964 0.4624727
397_Sigmoid 0.6136006 0.3901227 0.6136006
400_Mul 1.2681603 -1.9321381 1.8541557
402_Relu 1.8018034 0.0000000 3.2016420
405_Relu 2.0757723 -0.0000000 3.6884599
408_Relu 1.7504363 -0.0000000 3.1103673
410_BatchNormalization 2.5808367 -3.8107808 4.4144330
411_GlobalAveragePool 1.2201805 -0.8091383 1.2201805
412_Squeeze 1.2201805 -0.8091383 1.2201805
413_Transpose 1.2201805 -0.8091383 1.2201805
414_Conv 4.5751452 -4.5751452 3.2766402
415_Transpose 4.5751452 -4.5751452 3.2766402
416_Unsqueeze 4.5751452 -4.5751452 3.2766402
417_Sigmoid 0.9636187 0.0101997 0.9636187
420_Mul 1.3428113 -2.6843114 2.5022938
422_BatchNormalization 1.0727453 -1.9061717 1.6005747
424_Relu 1.1653467 0.0000000 2.6623492
427_Relu 1.6156206 -0.0000000 1.6156206
430_Relu 2.2485790 -0.0000000 2.2485790
432_BatchNormalization 3.4142717 -4.4348421 5.6294923
433_GlobalAveragePool 1.1514463 -0.8600827 1.1514463
434_Squeeze 1.1514463 -0.8600827 1.1514463
435_Transpose 1.1514463 -0.8600827 1.1514463
436_Conv 4.8755069 -4.8755069 2.5949059
437_Transpose 4.8755069 -4.8755069 2.5949059
438_Unsqueeze 4.8755069 -4.8755069 2.5949059
439_Sigmoid 0.9305330 0.0075734 0.9305330
442_Mul 1.2660832 -3.3745732 1.5222179
444_Relu 1.3341583 0.0000000 2.6675348
447_Relu 1.6358997 -0.0000000 1.7441076
450_Relu 1.7157335 -0.0000000 2.2865276
452_BatchNormalization 2.4126408 -2.3252277 3.8583403
453_GlobalAveragePool 0.8690503 -0.5286101 0.8690503
454_Squeeze 0.8690503 -0.5286101 0.8690503
455_Transpose 0.8690503 -0.5286101 0.8690503
456_Conv 1.7426713 -1.7426713 1.1610906
457_Transpose 1.7426713 -1.7426713 1.1610906
458_Unsqueeze 1.7426713 -1.7426713 1.1610906
459_Sigmoid 0.7615308 0.1489740 0.7615308
462_Mul 1.0466807 -1.3018814 1.3503642
464_Relu 1.4927682 0.0000000 2.8593988
467_Relu 1.7177150 -0.0000000 3.4775615
470_Relu 1.9056370 -0.0000000 3.3861451
472_BatchNormalization 2.4385267 -4.2034264 6.7250443
473_GlobalAveragePool 1.2052284 -0.6390930 1.2052284
474_Squeeze 1.2052284 -0.6390930 1.2052284
475_Transpose 1.2052284 -0.6390930 1.2052284
476_Conv 3.6277769 -3.6277769 1.7616411
477_Transpose 3.6277769 -3.6277769 1.7616411
478_Unsqueeze 3.6277769 -3.6277769 1.7616411
479_Sigmoid 0.8534151 0.0258872 0.8534151
482_Mul 1.1607364 -2.5787144 1.6076938
484_Relu 1.4249102 0.0000000 2.8847702
487_Relu 2.0227455 -0.0000000 3.2354445
490_Relu 2.1789768 -0.0000000 3.1678731
492_BatchNormalization 4.8555234 -8.3081532 9.3581171
493_GlobalAveragePool 1.6944708 -0.9360286 1.6944708
494_Squeeze 1.6944708 -0.9360286 1.6944708
495_Transpose 1.6944708 -0.9360286 1.6944708
496_Conv 7.4016356 -6.8466797 7.4016356
497_Transpose 7.4016356 -6.8466797 7.4016356
498_Unsqueeze 7.4016356 -6.8466797 7.4016356
499_Sigmoid 0.9993901 0.0010619 0.9993901
502_Mul 1.3078576 -6.1530328 2.9469259
504_BatchNormalization 1.1425870 -1.3732159 1.3743136
506_Relu 1.6111928 0.0000000 2.8010631
509_Relu 1.8518773 -0.0000000 2.1153979
512_Relu 1.5060904 -0.0000000 1.5060904
514_BatchNormalization 2.1884604 -4.3747835 3.6370044
515_GlobalAveragePool 1.1133082 -1.1133082 0.7940312
516_Squeeze 1.1133082 -1.1133082 0.7940312
517_Transpose 1.1133082 -1.1133082 0.7940312
518_Conv 5.7541375 -5.7541375 3.8153770
519_Transpose 5.7541375 -5.7541375 3.8153770
520_Unsqueeze 5.7541375 -5.7541375 3.8153770
521_Sigmoid 0.9784454 0.0031596 0.9784454
524_Mul 1.2582868 -1.4938591 2.7954342
526_Relu 1.5381033 0.0000000 2.7954342
529_Relu 1.3763601 -0.0000000 1.7755289
532_Relu 1.3020717 -0.0000000 1.8929976
534_BatchNormalization 2.1832614 -3.4628384 3.7343941
535_GlobalAveragePool 0.7740928 -0.6628660 0.7740928
536_Squeeze 0.7740928 -0.6628660 0.7740928
537_Transpose 0.7740928 -0.6628660 0.7740928
538_Conv 2.4512894 -3.2667899 2.6328485
539_Transpose 2.4512894 -3.2667899 2.6328485
540_Unsqueeze 2.4512894 -3.2667899 2.6328485
541_Sigmoid 0.9329460 0.0367282 0.9329460
544_Mul 1.2711503 -2.3921349 1.6306322
546_Relu 1.5328240 0.0000000 2.3575706
549_Relu 1.4020119 -0.0000000 2.0382943
552_Relu 1.5954435 -0.0000000 2.8349590
554_BatchNormalization 3.0584092 -8.4345751 7.1722760
555_GlobalAveragePool 1.0069658 -0.7530932 1.0069658
556_Squeeze 1.0069658 -0.7530932 1.0069658
557_Transpose 1.0069658 -0.7530932 1.0069658
558_Conv 4.4880300 -5.5210323 4.7210388
559_Transpose 4.4880300 -5.5210323 4.7210388
560_Unsqueeze 4.4880300 -5.5210323 4.7210388
561_Sigmoid 0.9911727 0.0039858 0.9911727
564_Mul 1.0450404 -8.3562412 2.1912448
566_Relu 1.6964299 0.0000000 2.5126386
569_Relu 2.1910305 -0.0000000 2.9199476
572_Relu 2.0068147 -0.0000000 2.4687200
574_BatchNormalization 2.5074550 -3.6184137 4.2889161
575_GlobalAveragePool 0.6011361 -0.6408987 0.5885831
576_Squeeze 0.6011361 -0.6408987 0.5885831
577_Transpose 0.6011361 -0.6408987 0.5885831
578_Conv 5.7948089 -5.7948089 3.1468821
579_Transpose 5.7948089 -5.7948089 3.1468821
580_Unsqueeze 5.7948089 -5.7948089 3.1468821
581_Sigmoid 0.9587857 0.0030341 0.9587857
584_Mul 1.4509296 -1.6423811 3.7137268
586_Relu 1.7299580 0.0000000 3.7137268
589_Relu 2.0466928 -0.0000000 2.1820731
592_Relu 1.4273348 -0.0000000 1.9021838
594_BatchNormalization 2.0971896 -3.0684679 3.5871711
595_GlobalAveragePool 0.6877329 -0.6877329 0.6349660
596_Squeeze 0.6877329 -0.6877329 0.6349660
597_Transpose 0.6877329 -0.6877329 0.6349660
598_Conv 6.2211013 -6.2211013 4.2455826
599_Transpose 6.2211013 -6.2211013 4.2455826
600_Unsqueeze 6.2211013 -6.2211013 4.2455826
601_Sigmoid 0.9858750 0.0019831 0.9858750
604_Mul 1.4217619 -1.5987351 2.9926443
606_Relu 1.7642353 0.0000000 3.5267477
609_Relu 1.4133858 -0.0000000 2.8614388
612_Relu 2.2124496 -0.0000000 2.7216852
614_BatchNormalization 4.2274040 -5.8479877 12.1820173
615_GlobalAveragePool 1.2857845 -1.5846405 3.1636527
616_Squeeze 1.2857845 -1.5846405 3.1636527
617_Transpose 1.2857845 -1.5846405 3.1636527
618_Conv 19.5484982 -19.5484982 9.7908039
619_Transpose 19.5484982 -19.5484982 9.7908039
620_Unsqueeze 19.5484982 -19.5484982 9.7908039
621_Sigmoid 0.9999441 0.0000000 0.9999441
624_Mul 3.2798396 -4.7581267 8.0699940
626_BatchNormalization 3.2883431 -4.2250595 6.2988243
628_Relu 4.2999201 0.0000000 8.5956411
631_Relu 2.1389709 -0.0000000 2.8039279
634_Relu 2.1379039 -0.0000000 2.1379039
636_BatchNormalization 5.4088802 -5.3808780 12.3571186
637_GlobalAveragePool 3.0715027 -1.3996902 3.0715027
638_Squeeze 3.0715027 -1.3996902 3.0715027
639_Transpose 3.0715027 -1.3996902 3.0715027
640_Conv 19.8860130 -8.6492853 19.8860130
641_Transpose 19.8860130 -8.6492853 19.8860130
642_Unsqueeze 19.8860130 -8.6492853 19.8860130
643_Sigmoid 1.0000000 0.0001752 1.0000000
646_Mul 4.2881666 -2.5952344 12.3571157
648_Relu 7.0163269 0.0000000 18.7010689
651_Relu 1.8091967 -0.0000000 3.2147791
654_Relu 2.1115785 -0.0000000 2.8140631
656_BatchNormalization 7.1614766 -5.4519858 22.9055347
657_GlobalAveragePool 5.9806504 -2.1109054 5.9806504
658_Squeeze 5.9806504 -2.1109054 5.9806504
659_Transpose 5.9806504 -2.1109054 5.9806504
660_Conv 24.8558807 -18.5004025 27.4241295
661_Transpose 24.8558807 -18.5004025 27.4241295
662_Unsqueeze 18.8633003 -18.5004025 27.4241295
663_Sigmoid 1.0000000 0.0000000 1.0000000
666_Mul 6.1577502 -3.0080936 22.9055328
668_Relu 11.8994179 0.0000000 38.0595436
669_GlobalAveragePool 8.9977427 0.0000000 10.2781134
677_Reshape 9.0617612 0.0000000 10.2781134
output_Gemm 25.8670254 -7.0660682 25.8670254
