# mlir version: v1.10.beta.0-118-g213e69c26-20240904
# mlir: efficientnetv2.mlir
# genetated time: 2024-09-04 17:53:38.109499
# histogram number: 2048
# sample number: 100
###
# op_name    threshold    min    max
input.1 2.6399999 -2.1179039 2.6399999
1355_Conv 21.0499973 -17.8819895 21.0499973
764_Mul 21.0600941 -0.2784645 21.0600941
1358_Conv 70.5759098 -70.5759098 43.9522126
768_Mul 43.9699204 -0.2784644 43.9699204
769_Add 51.1751631 -0.5562036 51.1751631
1361_Conv 88.7963518 -88.7963518 59.5237297
773_Mul 59.5540332 -0.2784644 59.5540332
774_Add 74.8363161 -0.8055217 74.8363161
1364_Conv 42.7003751 -42.7003751 35.0669181
778_Mul 35.0781620 -0.2784645 35.0781620
1367_Conv 24.7240963 -23.3762302 24.7240963
1370_Conv 21.5932694 -21.5932694 7.9300976
784_Mul 7.9311280 -0.2784645 7.9311280
1373_Conv 15.0978676 -14.9197941 15.0978676
787_Add 24.0858418 -22.7383675 24.0858418
1376_Conv 12.4384915 -12.4384915 5.2749071
791_Mul 5.2494470 -0.2784645 5.2494470
1379_Conv 16.2528176 -16.2528176 16.2442568
794_Add 26.7088926 -25.1869771 26.7088926
1382_Conv 10.1920399 -10.1920399 3.5686181
798_Mul 3.4718231 -0.2784646 3.4718231
1385_Conv 28.1732907 -28.1732907 28.0701554
801_Add 37.4166817 -36.5143238 37.4166817
1388_Conv 12.4968475 -12.4968475 10.2028892
805_Mul 10.2105480 -0.2784645 10.2105480
1391_Conv 26.0959447 -26.0959447 23.6138060
1394_Conv 12.9111222 -12.9111222 3.7705747
811_Mul 3.6882641 -0.2784646 3.6882641
1397_Conv 12.8276121 -12.8276121 12.8070482
814_Add 28.5884844 -26.3535806 28.5884844
1400_Conv 13.6688359 -13.6688359 3.6555765
818_Mul 3.5664600 -0.2784646 3.5664600
1403_Conv 15.4070535 -15.4070535 14.1011179
821_Add 32.2214147 -30.1953760 32.2214147
1406_Conv 9.4351060 -9.4351060 3.8419904
825_Mul 3.7631658 -0.2784646 3.7631658
1409_Conv 30.8430209 -30.8430209 18.3531002
828_Add 35.2285811 -31.5609366 35.2285811
1412_Conv 10.2775716 -9.6184128 10.2775716
832_Mul 10.2795271 -0.2784645 10.2795271
1415_Conv 28.1705342 -9.9672216 28.1705342
836_Mul 28.1734670 -0.2784644 28.1734670
837_ReduceMean 10.5499669 -0.2357153 10.5499669
838_Conv 8.0577374 -8.0577374 6.4714713
840_Mul 6.4614754 -0.2784633 6.4614754
841_Conv 4.9118931 -2.8234897 4.9118931
842_Sigmoid 0.9926954 0.0560696 0.9926954
843_Mul 11.5133971 -0.2657121 11.5133971
1418_Conv 21.7916804 -21.7916804 20.6247905
1421_Conv 10.0131428 -10.0131428 7.8843218
849_Mul 7.8828864 -0.2784645 7.8828864
1424_Conv 25.5811110 -13.1206320 25.5811110
853_Mul 25.6079822 -0.2784645 25.6079822
854_ReduceMean 8.3313653 -0.2782773 8.3313653
855_Conv 17.0397949 -17.0397949 8.6695910
857_Mul 8.6681023 -0.2784645 8.6681023
858_Conv 7.1505742 -7.1505742 3.7242280
859_Sigmoid 0.9764407 0.0007839 0.9764407
860_Mul 3.5841511 -0.2521916 3.5841511
1427_Conv 8.9354307 -7.3548234 8.9354307
863_Add 21.1263972 -21.1263972 20.4927831
1430_Conv 8.0916040 -8.0916040 6.6199557
867_Mul 6.6145170 -0.2784645 6.6145170
1433_Conv 26.4866372 -11.8309946 26.4866372
871_Mul 26.5060223 -0.2784646 26.5060223
872_ReduceMean 7.4472943 -0.2763366 7.4472943
873_Conv 8.6501493 -6.2187715 8.6501493
875_Mul 8.6486349 -0.2784645 8.6486349
876_Conv 7.6925655 -7.6925655 4.2728192
877_Sigmoid 0.9857952 0.0004584 0.9857952
878_Mul 4.3972177 -0.2533607 4.3972177
1436_Conv 8.7497975 -6.7432577 8.7497975
881_Add 21.3360280 -21.3360280 20.4885711
1439_Conv 7.2504719 -7.2504719 6.0678925
885_Mul 6.0575904 -0.2784645 6.0575904
1442_Conv 18.6355517 -10.1819640 18.6355517
889_Mul 18.6615300 -0.2784646 18.6615300
890_ReduceMean 6.8332538 -0.2759333 6.8332538
891_Conv 13.4601955 -5.0665088 13.4601955
893_Mul 13.4601765 -0.2784644 13.4601765
894_Conv 8.8999646 -8.8999646 3.9937810
895_Sigmoid 0.9819084 0.0001420 0.9819084
896_Mul 3.5383017 -0.2669989 3.5383017
1445_Conv 11.8398548 -11.2478037 11.8398548
899_Add 22.4954628 -22.4954628 21.2226434
1448_Conv 8.5280150 -8.5280150 6.0474018
903_Mul 6.0363165 -0.2784645 6.0363165
1451_Conv 19.7592179 -10.5201552 19.7592179
907_Mul 19.7863491 -0.2784646 19.7863491
908_ReduceMean 5.6175675 -0.2762092 5.6175675
909_Conv 7.0917835 -3.6227088 7.0917835
911_Mul 7.0858884 -0.2784644 7.0858884
912_Conv 6.0934978 -6.0934978 2.6998313
913_Sigmoid 0.9370145 0.0022525 0.9370145
914_Mul 4.1761323 -0.2373511 4.1761323
1454_Conv 7.8597939 -7.8597939 6.8544291
917_Add 23.1801242 -23.1801242 21.4709207
1457_Conv 8.3167479 -8.3167479 5.4807493
921_Mul 5.4600518 -0.2784646 5.4600518
1460_Conv 19.6956681 -10.8942939 19.6956681
925_Mul 19.7095976 -0.2784645 19.7095976
926_ReduceMean 6.7123383 -0.2749929 6.7123383
927_Conv 6.4572105 -3.5960119 6.4572105
929_Mul 6.4470940 -0.2784483 6.4470940
930_Conv 6.8880927 -6.8880927 2.4736799
931_Sigmoid 0.9223262 0.0010177 0.9223262
932_Mul 4.5064162 -0.2302271 4.5064162
1463_Conv 9.1290326 -9.1290326 8.0889128
935_Add 23.5685894 -23.5685894 21.5450710
1466_Conv 9.1629172 -6.6371518 9.1629172
939_Mul 9.1690607 -0.2784645 9.1690607
1469_Conv 14.7343343 -7.7896864 14.7343343
943_Mul 14.7584029 -0.2784645 14.7584029
944_ReduceMean 3.8390091 -0.2650509 3.8390091
945_Conv 9.2067108 -5.1838846 9.2067108
947_Mul 9.2057867 -0.2784646 9.2057867
948_Conv 6.7202949 -6.7202949 2.8754263
949_Sigmoid 0.9466286 0.0012059 0.9466286
950_Mul 3.6657187 -0.2538365 3.6657187
1472_Conv 20.8728552 -20.8728552 19.8949411
1475_Conv 7.0355059 -7.0355059 6.7043168
956_Mul 6.6984927 -0.2784645 6.6984927
1478_Conv 23.0248221 -12.3544259 23.0248221
960_Mul 23.0396717 -0.2784646 23.0396717
961_ReduceMean 5.8191402 -0.2731661 5.8191402
962_Conv 10.6578865 -10.6578865 9.4804916
964_Mul 9.4797688 -0.2784631 9.4797688
965_Conv 7.2129793 -7.2129793 5.1089241
966_Sigmoid 0.9939983 0.0007360 0.9939983
967_Mul 4.5133640 -0.2509645 4.5133640
1481_Conv 9.6165154 -9.6165154 8.4543832
970_Add 21.1267042 -21.1267042 19.9568826
1484_Conv 6.8080646 -6.8080646 6.0370030
974_Mul 6.0266272 -0.2784646 6.0266272
1487_Conv 26.8203619 -12.8140962 26.8203619
978_Mul 26.8364133 -0.2784646 26.8364133
979_ReduceMean 10.4220495 -0.2750906 10.4220495
980_Conv 13.2353420 -6.5554562 13.2353420
982_Mul 13.2353182 -0.2784612 13.2353182
983_Conv 9.3551697 -9.3551697 4.2979132
984_Sigmoid 0.9866099 0.0000864 0.9866099
985_Mul 5.5094786 -0.2592562 5.5094786
1490_Conv 10.1475019 -9.7239498 10.1475019
988_Add 21.5602574 -21.5602574 21.0502582
1493_Conv 7.3209218 -7.3209218 7.1389157
992_Mul 7.1385440 -0.2784646 7.1385440
1496_Conv 28.4266520 -11.2729835 28.4266520
996_Mul 28.4474924 -0.2784646 28.4474924
997_ReduceMean 6.1734233 -0.2752944 6.1734233
998_Conv 13.0337896 -13.0337896 10.5362272
1000_Mul 10.5359468 -0.2784645 10.5359468
1001_Conv 12.2253961 -12.2253961 5.5899032
1002_Sigmoid 0.9962768 0.0000049 0.9962768
1003_Mul 3.8145438 -0.2632725 3.8145438
1499_Conv 14.2165464 -14.2165464 11.7388444
1006_Add 23.8629913 -23.8278802 23.8629913
1502_Conv 7.4796719 -7.4796719 5.6315802
1010_Mul 5.6174517 -0.2784646 5.6174517
1505_Conv 31.1218356 -13.5237373 31.1218356
1014_Mul 31.1723533 -0.2784646 31.1723533
1015_ReduceMean 8.4238441 -0.2750957 8.4238441
1016_Conv 10.7863493 -5.5867968 10.7863493
1018_Mul 10.7861271 -0.2784644 10.7861271
1019_Conv 8.0970374 -8.0970374 3.8094239
1020_Sigmoid 0.9783211 0.0003041 0.9783211
1021_Mul 6.1106765 -0.2585219 6.1106765
1508_Conv 14.5145534 -13.7814062 14.5145534
1024_Add 28.5524882 -26.0450952 28.5524882
1511_Conv 7.4114360 -7.4114360 5.5515753
1028_Mul 5.5368209 -0.2784646 5.5368209
1514_Conv 29.1224698 -11.8046759 29.1224698
1032_Mul 29.1376413 -0.2784646 29.1376413
1033_ReduceMean 6.4757005 -0.2759949 6.4757005
1034_Conv 8.0694027 -5.0474463 8.0694027
1036_Mul 8.0668783 -0.2784644 8.0668783
1037_Conv 7.0346360 -7.0346360 3.9245039
1038_Sigmoid 0.9805781 0.0008790 0.9805781
1039_Mul 4.5209807 -0.2480656 4.5209807
1517_Conv 11.6965923 -10.8799600 11.6965923
1042_Add 31.8776676 -26.5988854 31.8776676
1520_Conv 7.3509064 -7.3509064 5.5472049
1046_Mul 5.5303281 -0.2784646 5.5303281
1523_Conv 26.8796863 -12.7106890 26.8796863
1050_Mul 26.8891935 -0.2784646 26.8891935
1051_ReduceMean 5.5934221 -0.2734604 5.5934221
1052_Conv 7.6202450 -6.2017579 7.6202450
1054_Mul 7.6165094 -0.2784636 7.6165094
1055_Conv 6.2834264 -6.2834264 2.9771031
1056_Sigmoid 0.9516848 0.0018609 0.9516848
1057_Mul 4.9703303 -0.2405674 4.9703303
1526_Conv 11.7483018 -10.6086211 11.7483018
1060_Add 35.0277635 -27.6534536 35.0277635
1529_Conv 7.3272706 -7.3272706 5.3009156
1064_Mul 5.2780915 -0.2784646 5.2780915
1532_Conv 25.6715790 -11.0477324 25.6715790
1068_Mul 25.7364821 -0.2784646 25.7364821
1069_ReduceMean 6.9986520 -0.2748855 6.9986520
1070_Conv 7.1993442 -5.4164639 7.1993442
1072_Mul 7.1939697 -0.2784644 7.1939697
1073_Conv 5.8170242 -5.8170242 2.6434862
1074_Sigmoid 0.9336240 0.0029648 0.9336240
1075_Mul 5.1486121 -0.2380103 5.1486121
1535_Conv 13.9855484 -12.2057406 13.9855484
1078_Add 40.7069262 -29.4052804 40.7069262
1538_Conv 6.8214880 -6.8214880 5.4339799
1082_Mul 5.4127622 -0.2784646 5.4127622
1541_Conv 21.3651568 -12.1324297 21.3651568
1086_Mul 21.3859412 -0.2784646 21.3859412
1087_ReduceMean 5.3015400 -0.2754402 5.3015400
1088_Conv 7.2015190 -2.3409340 7.2015190
1090_Mul 7.1961551 -0.2784646 7.1961551
1091_Conv 5.3427602 -5.3427602 2.5360631
1092_Sigmoid 0.9266574 0.0047565 0.9266574
1093_Mul 4.4899696 -0.2332629 4.4899696
1544_Conv 12.8228241 -11.4111795 12.8228241
1096_Add 40.7358301 -30.5504178 40.7358301
1547_Conv 5.6159942 -5.5055379 5.6159942
1100_Mul 5.6029385 -0.2784646 5.6029385
1550_Conv 16.6265322 -7.5739231 16.6265322
1104_Mul 16.6413580 -0.2784645 16.6413580
1105_ReduceMean 6.6935256 -0.2611492 6.6935256
1106_Conv 5.5704122 -5.5704122 1.2204691
1108_Mul 0.9423805 -0.2723709 0.9423805
1109_Conv 2.6533472 -1.4776383 2.6533472
1110_Sigmoid 0.9342193 0.1857841 0.9342193
1111_Mul 8.7308826 -0.2419864 8.7308826
1553_Conv 17.7789954 -17.7789954 16.7102345
1556_Conv 6.3824328 -6.3824328 6.1358990
1117_Mul 6.1280410 -0.2784646 6.1280410
1559_Conv 22.1139953 -13.1669989 22.1139953
1121_Mul 22.1153595 -0.2784646 22.1153595
1122_ReduceMean 9.1389175 -0.2759737 9.1389175
1123_Conv 12.8118992 -4.9173999 12.8118992
1125_Mul 12.8118639 -0.2784645 12.8118639
1126_Conv 8.6446191 -8.6446191 4.5496664
1127_Sigmoid 0.9895595 0.0001753 0.9895595
1128_Mul 5.5485704 -0.2596770 5.5485704
1562_Conv 5.6805384 -5.5634196 5.6805384
1131_Add 17.8903150 -17.8903150 17.5892689
1565_Conv 6.8152886 -6.8152886 6.1722042
1135_Mul 6.1727023 -0.2784646 6.1727023
1568_Conv 28.0292418 -12.2071392 28.0292418
1139_Mul 28.0729179 -0.2784646 28.0729179
1140_ReduceMean 12.1906489 -0.2767363 12.1906489
1141_Conv 15.1433954 -6.4025517 15.1433954
1143_Mul 15.1433916 -0.2784645 15.1433916
1144_Conv 7.8494089 -7.8494089 4.4510351
1145_Sigmoid 0.9884694 0.0003897 0.9884694
1146_Mul 7.3895949 -0.2647098 7.3895949
1571_Conv 10.0610017 -8.8189789 10.0610017
1149_Add 19.0665959 -19.0665959 18.4236014
1574_Conv 6.8728725 -6.8728725 5.3777389
1153_Mul 5.3569840 -0.2784646 5.3569840
1577_Conv 29.3057213 -12.6972560 29.3057213
1157_Mul 29.4144103 -0.2784646 29.4144103
1158_ReduceMean 11.0718094 -0.2756799 11.0718094
1159_Conv 16.6793098 -6.7165623 16.6793098
1161_Mul 16.6793098 -0.2784645 16.6793098
1162_Conv 8.2691541 -8.2691541 5.1502716
1163_Sigmoid 0.9942534 0.0002558 0.9942534
1164_Mul 8.5739322 -0.2705562 8.5739322
1580_Conv 6.4558716 -6.2871046 6.4558716
1167_Add 19.9120549 -19.9120549 19.5528654
1583_Conv 7.5209728 -7.5209728 5.5600967
1171_Mul 5.5514771 -0.2784646 5.5514771
1586_Conv 31.9096567 -13.4773506 31.9096567
1175_Mul 31.9879217 -0.2784646 31.9879217
1176_ReduceMean 13.0049126 -0.2746427 13.0049126
1177_Conv 15.0550852 -4.9045310 15.0550852
1179_Mul 15.0550814 -0.2784646 15.0550814
1180_Conv 8.2475615 -8.2475615 4.5633778
1181_Sigmoid 0.9897104 0.0002615 0.9897104
1182_Mul 10.4404568 -0.2679529 10.4404568
1589_Conv 6.9624943 -6.8682416 6.9624943
1185_Add 21.3340130 -21.3340130 21.1668897
1592_Conv 7.7446714 -7.7446714 5.0796608
1189_Mul 5.0506830 -0.2784646 5.0506830
1595_Conv 31.7984367 -13.6340672 31.7984367
1193_Mul 31.8443118 -0.2784646 31.8443118
1194_ReduceMean 14.5964066 -0.2755189 14.5964066
1195_Conv 19.0383453 -7.0106268 19.0383453
1197_Mul 19.0383453 -0.2784645 19.0383453
1198_Conv 9.8917082 -9.8917082 5.8945296
1199_Sigmoid 0.9972586 0.0000505 0.9972586
1200_Mul 13.0655754 -0.2743125 13.0655754
1598_Conv 8.4183028 -8.4183028 8.4020876
1203_Add 23.6067394 -23.6005927 23.6067394
1601_Conv 8.3937189 -8.3937189 5.3098645
1207_Mul 5.2951115 -0.2784646 5.2951115
1604_Conv 33.0888076 -15.2113254 33.0888076
1211_Mul 33.1955933 -0.2784646 33.1955933
1212_ReduceMean 14.5151223 -0.2722278 14.5151223
1213_Conv 16.7422237 -6.3971314 16.7422237
1215_Mul 16.7422237 -0.2784636 16.7422237
1216_Conv 8.5542243 -8.5542243 6.5786760
1217_Sigmoid 0.9986262 0.0001911 0.9986262
1218_Mul 14.2901360 -0.2744092 14.2901360
1607_Conv 29.3075286 -29.3075286 27.1625829
1221_Add 43.0722542 -43.0722542 37.6929266
1610_Conv 10.9607079 -10.9607079 6.3748617
1225_Mul 6.4362645 -0.2784646 6.4362645
1613_Conv 58.7301906 -19.7936834 58.7301906
1229_Mul 58.9559202 -0.2784646 58.9559202
1230_ReduceMean 29.8481786 -0.2736003 29.8481786
1231_Conv 20.9323406 -15.0214415 20.9323406
1233_Mul 20.9323406 -0.2784643 20.9323406
1234_Conv 14.9585101 -14.9585101 6.9568803
1235_Sigmoid 0.9990474 0.0000003 0.9990474
1236_Mul 25.4385920 -0.2738797 25.4385920
1616_Conv 56.2232104 -56.2232104 51.2143822
1239_Add 87.4943093 -87.4943093 71.7053989
1619_Conv 24.5764455 -24.5764455 9.4587698
1243_Mul 9.4884349 -0.2784646 9.4884349
1622_Conv 69.3119250 -30.8393989 69.3119250
1247_Mul 69.5931477 -0.2784646 69.5931477
1248_ReduceMean 36.6215303 -0.2743652 36.6215303
1249_Conv 35.6453629 -16.6425476 35.6453629
1251_Mul 35.6453629 -0.2784645 35.6453629
1252_Conv 28.2846083 -28.2846083 12.8589539
1253_Sigmoid 0.9999967 0.0000000 0.9999967
1254_Mul 29.6505026 -0.2761776 29.6505026
1625_Conv 53.9172886 -53.9172886 49.2373975
1257_Add 119.0550549 -119.0550549 84.0607343
1628_Conv 25.8314094 -25.8314094 9.0067750
1261_Mul 9.0367717 -0.2784646 9.0367717
1631_Conv 62.2049076 -43.4810848 62.2049076
1265_Mul 62.5537144 -0.2784646 62.5537144
1266_ReduceMean 34.8545134 -0.2768067 34.8545134
1267_Conv 16.7582874 -8.6694603 16.7582874
1269_Mul 16.7582874 -0.2784645 16.7582874
1270_Conv 18.7916894 -18.7916894 5.8005498
1271_Sigmoid 0.9969074 0.0000000 0.9969074
1272_Mul 28.8407760 -0.2692278 28.8407760
1634_Conv 43.2725628 -31.2653729 43.2725628
1275_Add 129.8270900 -129.8270900 95.8583418
1637_Conv 24.7224158 -24.7224158 8.2855176
1279_Mul 8.3264047 -0.2784646 8.3264047
1640_Conv 76.7672928 -43.8511887 76.7672928
1283_Mul 77.0138500 -0.2784646 77.0138500
1284_ReduceMean 35.3859540 -0.2759687 35.3859540
1285_Conv 27.3657990 -17.2108402 27.3657990
1287_Mul 27.3657990 -0.2784645 27.3657990
1288_Conv 24.9780348 -24.9780348 12.1213791
1289_Sigmoid 0.9999942 0.0000000 0.9999942
1290_Mul 54.3777374 -0.2758575 54.3777374
1643_Conv 81.3273540 -81.3273540 60.5964682
1293_Add 147.3600421 -147.3600421 101.5277140
1646_Conv 25.6361089 -25.6361089 12.4588817
1297_Mul 12.4997000 -0.2784646 12.4997000
1649_Conv 84.3631279 -45.9826398 84.3631279
1301_Mul 84.4130694 -0.2784646 84.4130694
1302_ReduceMean 49.7118101 -0.2761845 49.7118101
1303_Conv 48.5301399 -22.7293797 48.5301399
1305_Mul 48.5301399 -0.2784645 48.5301399
1306_Conv 38.0315285 -37.5187223 38.0315285
1307_Sigmoid 1.0000000 0.0000000 1.0000000
1308_Mul 28.2952974 -0.2784416 28.2952974
1652_Conv 77.1154393 -55.5034483 77.1154393
1311_Add 191.4491458 -191.4491458 123.7530985
1655_Conv 25.3811786 -25.3811786 15.6589193
1315_Mul 16.0433152 -0.2784646 16.0433152
1658_Conv 67.8628555 -35.8414797 67.8628555
1319_Mul 68.2239178 -0.2784646 68.2239178
1320_ReduceMean 27.6690674 -0.2757476 27.6690674
1321_Conv 30.3804569 -12.1778603 30.3804569
1323_Mul 30.3804569 -0.2784644 30.3804569
1324_Conv 19.1490555 -19.0191822 19.1490555
1325_Sigmoid 1.0000000 0.0000000 1.0000000
1326_Mul 16.2348525 -0.2781291 16.2348525
1661_Conv 129.0743271 -53.7895202 129.0743271
1329_Add 234.7978857 -230.5455700 234.7978857
1664_Conv 32.1509965 -32.1509965 18.0909550
1333_Mul 18.2198639 -0.2784646 18.2198639
1667_Conv 54.1842383 -37.8661378 54.1842383
1337_Mul 54.3502951 -0.2784646 54.3502951
1338_ReduceMean 29.8734837 -0.2768179 29.8734837
1339_Conv 17.3733292 -11.5370207 17.3733292
1341_Mul 17.3733292 -0.2784645 17.3733292
1342_Conv 20.7109337 -20.7109337 14.3744240
1343_Sigmoid 0.9999994 0.0000000 0.9999994
1344_Mul 7.9436781 -0.2753727 7.9436781
1670_Conv 43.8567892 -35.8189817 43.8567892
1347_Add 321.4109921 -247.8743995 321.4109921
1673_Conv 56.5125173 -56.5125173 21.6125050
1351_Mul 22.1536716 -0.2784646 22.1536716
1352_GlobalAveragePool 3.5893362 -0.2587794 3.5893362
1353_Flatten 3.5893362 -0.2587794 3.5893362
1354_Gemm 10.5188293 -2.7605813 10.5188293
