# genetated time: 2023-07-22 19:57:56.510269
# histogram number: 2048
# sample number: 100
# tune number: 5
###
# op_name    threshold    min    max
x.1 2.6399705 -2.1173160 2.6399705
839_BatchNormalization 69.7076263 -91.3547745 92.8981247
841_Mul 40.6627846 -0.2784646 92.8981247
896_BatchNormalization 61.4590435 -145.2743988 178.7661285
898_Mul 37.9976265 -0.2784646 178.7661285
899_GlobalAveragePool 21.2226056 -0.2753915 31.1405849
953_Conv 13.6396332 -13.6396332 -0.1743671
955_Mul 0.2784413 -0.2784413 -0.0000163
1009_Conv 2.9466579 -2.9466579 1.2654232
1010_Sigmoid 0.7799582 0.0498947 0.7799582
1011_Mul 10.8645229 -0.2171786 21.7184353
1066_BatchNormalization 77.2663727 -137.2953644 106.7460403
1121_BatchNormalization 53.4872223 -148.4577637 154.1329498
1123_Mul 48.1900787 -0.2784646 154.1329498
1178_BatchNormalization 89.5074638 -311.2047119 272.7090149
1180_Mul 62.2354719 -0.2784646 272.7090149
1181_GlobalAveragePool 17.5593166 -0.2014961 17.5593166
1235_Conv 7.0596414 -7.0596414 -0.0738530
1237_Mul 0.2784284 -0.2784284 -0.0060596
1291_Conv 1.5011309 -1.0635648 1.5011309
1292_Sigmoid 0.8177431 0.2566288 0.8177431
1293_Mul 22.9967762 -0.2267783 70.7353897
1348_BatchNormalization 67.4128723 -91.6660156 98.0072021
1401_Pad 67.4128723 -91.6660156 98.0072021
1403_BatchNormalization 49.0026703 -44.3431282 78.3659897
1405_Mul 19.6010685 -0.2784646 78.3659897
1460_BatchNormalization 31.8612112 -91.8137512 67.3828125
1462_Mul 31.8002765 -0.2784646 67.3828125
1463_GlobalAveragePool 5.2656866 -0.2784874 10.6605282
1517_Conv 8.2366419 -3.4154990 8.2366419
1519_Mul 8.2344618 -0.2784157 8.2344618
1573_Conv 3.9679780 -3.9679780 2.2279687
1574_Sigmoid 0.9027331 0.0185606 0.9027331
1575_Mul 8.2447166 -0.2510751 19.8307209
1630_BatchNormalization 56.7678452 -89.9308395 113.4802551
1631_Add 72.2532501 -94.8271866 105.0443192
1686_BatchNormalization 22.3559593 -38.2391052 34.5473289
1688_Mul 12.9615765 -0.2784646 34.5473289
1743_BatchNormalization 27.8801861 -40.5331955 37.8812599
1745_Mul 22.7361580 -0.2784646 37.8812599
1746_GlobalAveragePool 11.2401657 -0.1576622 13.2203054
1800_Conv 3.6960158 -3.6960158 -1.5431747
1802_Mul 0.2717133 -0.2717133 -0.0895212
1856_Conv 1.3353629 -1.3353629 1.3070387
1857_Sigmoid 0.7870172 0.2082736 0.7870172
1858_Mul 7.7223250 -0.2191216 16.4688225
1913_BatchNormalization 48.2047157 -59.2999115 54.9918823
1966_Pad 48.2047157 -59.2999115 54.9918823
1968_BatchNormalization 17.1480196 -25.4445610 32.6484642
1970_Mul 12.2491550 -0.2784646 32.6484642
2025_BatchNormalization 25.4712276 -50.9175797 40.7091408
2027_Mul 15.9048046 -0.2784646 40.7091408
2028_GlobalAveragePool 5.3063278 -0.2715725 5.3063278
2082_Conv 4.0713806 -0.3688645 4.0713806
2084_Mul 4.0031123 -0.1507975 4.0031123
2138_Conv 2.5575476 -2.5575476 1.1825444
2139_Sigmoid 0.7654049 0.0719211 0.7654049
2140_Mul 5.7367568 -0.2131380 13.7984152
2195_BatchNormalization 43.1546440 -50.1557617 62.7397385
2196_Add 53.2760620 -77.4546127 71.2503128
2249_Pad 53.2760620 -77.4546127 71.2503128
2251_BatchNormalization 14.7860957 -23.9790764 31.7415314
2253_Mul 11.0149471 -0.2784646 31.7415314
2308_BatchNormalization 17.3509655 -27.3002987 27.7479897
2310_Mul 22.5508328 -0.2784646 27.7479897
2311_GlobalAveragePool 8.0340672 -0.2192320 8.0340672
2365_Conv 3.0758131 -3.0758131 -2.6211898
2367_Mul 0.1776828 -0.1776828 -0.1356927
2421_Conv 0.9526309 -0.6701167 0.9526309
2422_Sigmoid 0.7216440 0.3384707 0.7216440
2423_Mul 6.0849661 -0.2009496 14.6359510
2478_BatchNormalization 55.2029037 -58.8543472 54.7030830
2531_Pad 55.2029037 -58.8543472 54.7030830
2533_BatchNormalization 12.6157761 -20.1753864 16.8065910
2535_Mul 7.3564758 -0.2784646 16.8065910
2590_BatchNormalization 23.2461712 -37.7926865 49.9029007
2592_Mul 17.1564077 -0.2784646 49.9029007
2593_GlobalAveragePool 5.7184976 -0.2767541 8.6300240
2647_Conv 9.3922787 -0.9582219 9.3922787
2649_Mul 9.3914957 -0.2656520 9.3914957
2703_Conv 6.5656328 -6.5656328 1.8266197
2704_Sigmoid 0.8613585 0.0014060 0.8613585
2705_Mul 3.9739230 -0.2398578 10.9594078
2760_BatchNormalization 33.9729916 -35.7601242 25.9835587
2761_Add 55.4169731 -55.1602097 55.4169731
2814_Pad 55.4169731 -55.1602097 55.4169731
2816_BatchNormalization 11.5199785 -23.0287075 14.7885342
2818_Mul 7.3978763 -0.2784646 14.7885284
2873_BatchNormalization 26.1638550 -26.0409336 64.3757553
2875_Mul 16.4996287 -0.2784646 64.3757553
2876_GlobalAveragePool 5.1868756 -0.2747171 7.2154498
2930_Conv 8.9935942 -0.4329917 8.9935942
2932_Mul 8.9924774 -0.1703442 8.9924774
2986_Conv 6.0576363 -6.0576363 1.7159787
2987_Sigmoid 0.8476102 0.0023345 0.8476102
2988_Mul 3.7130614 -0.2348370 8.9308929
3043_BatchNormalization 32.9111245 -33.4329529 25.9792595
3044_Add 47.2769814 -58.1586418 56.5717888
3099_BatchNormalization 13.6735604 -29.3532372 24.4822330
3101_Mul 9.1853228 -0.2784646 24.4822330
3156_BatchNormalization 23.2478201 -18.7661839 86.4769897
3158_Mul 17.5678827 -0.2784646 86.4769897
3159_GlobalAveragePool 8.2547016 -0.2710879 8.2547016
3213_Conv 5.7130036 -5.6882529 5.7130036
3215_Mul 5.6941977 -0.2784480 5.6941977
3269_Conv 4.1087704 -4.1087704 1.7111324
3270_Sigmoid 0.8469831 0.0161624 0.8469831
3271_Mul 5.5139393 -0.2358529 13.7814817
3326_BatchNormalization 31.8437042 -41.1180344 46.2954979
3379_Pad 31.8437042 -41.1180344 46.2954979
3381_BatchNormalization 10.8171101 -17.6556759 21.6236572
3383_Mul 5.8131406 -0.2784646 21.6236572
3438_BatchNormalization 23.6436005 -36.7869606 63.0188179
3440_Mul 16.1518429 -0.2784646 63.0188179
3441_GlobalAveragePool 6.6588705 -0.2747339 10.3392181
3495_Conv 12.4368620 -5.0418653 12.4368620
3497_Mul 12.4368134 -0.2784547 12.4368134
3551_Conv 6.9162340 -6.9162340 2.1557496
3552_Sigmoid 0.8962048 0.0009906 0.8962048
3553_Mul 5.8441440 -0.2495576 27.4947433
3608_BatchNormalization 26.2464033 -40.9503098 45.6294441
3609_Add 35.5157928 -40.7304001 51.6341133
3662_Pad 35.5157928 -40.7304001 51.6341133
3664_BatchNormalization 10.2415314 -14.7383871 18.1982765
3666_Mul 5.9164402 -0.2784646 18.1982765
3721_BatchNormalization 31.8134384 -62.1802139 90.8765106
3723_Mul 22.7213474 -0.2784646 90.8765106
3724_GlobalAveragePool 4.2175379 -0.2709294 11.2412758
3778_Conv 9.0268059 -1.2700371 9.0268059
3780_Mul 9.0257215 -0.2784568 9.0257215
3834_Conv 4.1679664 -4.1679664 2.1117435
3835_Sigmoid 0.8920394 0.0152476 0.8920394
3836_Mul 5.8083977 -0.2483882 28.5915356
3891_BatchNormalization 26.5098969 -40.3103981 53.0042572
3892_Add 37.1636429 -54.3015823 74.2909927
3945_Pad 37.1636429 -54.3015823 74.2909927
3947_BatchNormalization 12.2430741 -13.6127815 23.4516182
3949_Mul 7.3322110 -0.2784646 23.4516182
4004_BatchNormalization 15.1113939 -20.7873363 34.5234642
4006_Mul 16.1882495 -0.2784646 34.5234642
4007_GlobalAveragePool 3.8517728 -0.2535482 3.8517728
4061_Conv 3.4649510 -3.4649510 1.8263615
4063_Mul 1.5730957 -0.2151376 1.5730957
4117_Conv 0.8440455 -0.8440455 0.7415795
4118_Sigmoid 0.6773412 0.3006834 0.6773412
4119_Mul 7.6136887 -0.1830768 19.0295734
4174_BatchNormalization 22.7376633 -31.2068405 33.0568161
4227_Pad 22.7376633 -31.2068405 33.0568161
4229_BatchNormalization 9.2628002 -14.2634573 18.5165539
4231_Mul 5.3256578 -0.2784646 18.5165539
4286_BatchNormalization 27.5477276 -27.8815346 58.7489700
4288_Mul 22.9499824 -0.2784646 58.7489700
4289_GlobalAveragePool 10.8787804 -0.2748342 12.6581573
4343_Conv 11.1368570 -4.8355160 11.1368570
4345_Mul 11.1366949 -0.2784632 11.1366949
4399_Conv 8.6008930 -8.6008930 4.4949350
4400_Sigmoid 0.9889579 0.0001839 0.9889579
4401_Mul 7.9880671 -0.2753895 26.9050980
4456_BatchNormalization 25.2427139 -33.6405182 26.0258446
4457_Add 31.4502754 -41.9132233 34.2998199
4510_Pad 31.4502754 -41.9132233 34.2998199
4512_BatchNormalization 9.7893600 -14.4487810 15.6553288
4514_Mul 6.8494923 -0.2784646 15.6553268
4569_BatchNormalization 26.6162485 -29.0423012 81.8684616
4571_Mul 17.4015474 -0.2784646 81.8684616
4572_GlobalAveragePool 7.4771048 -0.2739124 15.7384405
4626_Conv 10.1896648 -2.6519268 10.1896648
4628_Mul 10.1892824 -0.2783448 10.1892824
4682_Conv 8.5906134 -8.5906134 3.4801993
4683_Sigmoid 0.9701191 0.0001858 0.9701191
4684_Mul 6.0620001 -0.2625475 38.7899780
4739_BatchNormalization 22.1061920 -38.6191750 50.5094070
4740_Add 36.8292770 -58.8980713 48.9964828
4793_Pad 36.8292770 -58.8980713 48.9964828
4795_BatchNormalization 11.0634604 -16.0844479 15.0270615
4797_Mul 5.8709767 -0.2784646 15.0270576
4852_BatchNormalization 26.4288327 -43.5550537 115.8082428
4854_Mul 28.9548893 -0.2784646 115.8082428
4855_GlobalAveragePool 7.5778764 -0.2736887 15.9505529
4909_Conv 11.8319283 -5.9476986 11.8319283
4911_Mul 11.8318424 -0.2784643 11.8318424
4965_Conv 8.8318825 -10.8647022 6.7157369
4966_Sigmoid 0.9987898 0.0000191 0.9987898
4967_Mul 6.3388900 -0.2769806 25.3530827
5022_BatchNormalization 25.0407795 -36.4927216 42.8313980
5023_Add 40.8680878 -59.4154625 53.0570526
5078_BatchNormalization 10.9250431 -16.1512470 19.4128151
5080_Mul 4.4302377 -0.2784646 19.4128151
5135_BatchNormalization 22.1550523 -36.8617935 131.2440796
5137_Mul 8.2067623 -0.2784646 131.2440796
5138_GlobalAveragePool 5.6178000 -0.2761123 14.3790388
5192_Conv 13.5061655 -5.3096409 13.5061655
5194_Mul 13.5061474 -0.2784645 13.5061474
5248_Conv 8.4757919 -8.4757919 3.9312701
5249_Sigmoid 0.9807587 0.0002084 0.9807587
5250_Mul 7.1128438 -0.2730926 35.0126038
5305_BatchNormalization 21.2743568 -37.8026123 37.7579422
