# genetated time: 2023-03-27 14:40:58.330740
# histogram number: 2048
# sample number: 60
# tune number: 5
###
# op_name    threshold    min    max
data 255.0000000 0.0000000 255.0000000
DownsamplerBlock1_conv 744.6380860 -1294.5552979 1252.2031250
DownsamplerBlock1_pool 255.0000000 0.0000000 255.0000000
DownsamplerBlock1_concat/4 728.5430908 -1294.5552979 1252.2031250
DownsamplerBlock1_concat/1 23.6620858 -0.0000000 48.8392143
DownsamplerBlock2_conv 42.2454834 -135.1195374 60.4962654
DownsamplerBlock2_pool 43.3468903 -0.0000000 48.8392143
DownsamplerBlock2_concat/4 33.7963867 -135.1195374 60.4962654
DownsamplerBlock2_concat/1 17.5857005 -0.0000000 50.6763268
NBD3_conv1_3x1 25.6577950 0.0000000 46.6318970
NBD3_conv1_1x3 12.7308441 0.0000000 33.3803482
NBD3_conv2_3x1 18.0448343 0.0000000 67.1229782
NBD3_conv2_1x3 18.0450081 -67.1236267 44.1070290
NBD3_res 22.4830818 0.0000000 59.9256134
NBD4_conv1_3x1 26.5064583 0.0000000 52.9870300
NBD4_conv1_1x3 12.7200394 0.0000000 25.4276562
NBD4_conv2_3x1 9.9685631 0.0000000 26.5698547
NBD4_conv2_1x3 19.5760420 -26.9964352 19.7366142
NBD4_res 30.0508385 0.0000000 60.0723305
NBD5_conv1_3x1 28.1706524 0.0000000 56.3137932
NBD5_conv1_1x3 30.0089673 0.0000000 34.7848778
NBD5_conv2_3x1 25.2155418 0.0000000 26.8834438
NBD5_conv2_1x3 19.4504152 -16.4819164 27.7843685
NBD5_res 26.8177160 0.0000000 61.2745438
NBD6_conv1_3x1 36.0581360 0.0000000 48.0540390
NBD6_conv1_1x3 10.2139244 0.0000000 11.6673565
NBD6_conv2_3x1 12.8452339 0.0000000 12.8452339
NBD6_conv2_1x3 17.4198685 -15.0815601 17.4198685
NBD6_res 29.1078232 0.0000000 62.4861984
NBD7_conv1_3x1 44.1885376 0.0000000 70.6671371
NBD7_conv1_1x3 22.5725822 0.0000000 25.7846413
NBD7_conv2_3x1 41.2192531 0.0000000 48.8497963
NBD7_conv2_1x3 24.8361924 -37.8398170 21.9408188
NBD7_res 22.2485957 0.0000000 61.3578644
DownsamplerBlock8_conv 33.4383742 -56.6031723 60.4427147
DownsamplerBlock8_pool 34.5216667 0.0000000 61.3578644
DownsamplerBlock8_concat/4 29.7272415 -56.6031723 61.3578644
DownsamplerBlock8_concat/1 19.7063316 -0.0000000 65.6770782
NBD9_conv1_3x1 19.7806644 0.0000000 45.1908722
NBD9_conv1_1x3 15.8737211 0.0000000 18.1325378
NBD9_conv2_3x1 11.4841576 0.0000000 15.3047333
NBD9_conv2_1x3 16.6846382 -32.1610756 16.8439045
NBD9_res 17.3465210 0.0000000 64.5253983
NBD10_conv1_3x1 23.7499313 0.0000000 42.2014847
NBD10_conv1_1x3 19.7110710 0.0000000 24.2479324
NBD10_conv2_3x1 23.1958027 0.0000000 31.9915161
NBD10_conv2_1x3 16.1613869 -23.9414959 15.0976429
NBD10_res 19.6057474 0.0000000 63.3561668
NBD11_conv1_3x1 31.0314102 0.0000000 35.4471550
NBD11_conv1_1x3 14.2247219 0.0000000 16.2488861
NBD11_conv2_3x1 21.7409450 0.0000000 28.6280365
NBD11_conv2_1x3 17.6448488 -25.2051678 12.4685373
NBD11_res 22.1184204 0.0000000 63.1822586
NBD12_conv1_3x1 34.6510735 0.0000000 34.6510735
NBD12_conv1_1x3 14.0295849 0.0000000 17.2587509
NBD12_conv2_3x1 18.7054405 0.0000000 24.9284077
NBD12_conv2_1x3 17.0825348 -17.0825348 9.7383623
NBD12_res 22.7845422 0.0000000 62.8359146
NBD13_conv1_3x1 30.2957840 0.0000000 34.6068459
NBD13_conv1_1x3 12.2215862 0.0000000 15.0346079
NBD13_conv2_3x1 13.1889887 0.0000000 16.2246742
NBD13_conv2_1x3 22.1422451 -39.3618546 16.9268436
NBD13_res 19.1120524 0.0000000 58.7864342
NBD14_conv1_3x1 29.5336647 0.0000000 39.3589935
NBD14_conv1_1x3 9.3450470 0.0000000 18.6809673
NBD14_conv2_3x1 6.6112270 0.0000000 9.6116343
NBD14_conv2_1x3 17.2911072 -17.2911072 14.7501373
NBD14_res 18.0762463 0.0000000 57.8157463
NBD15_conv1_3x1 28.8565254 0.0000000 41.9526329
NBD15_conv1_1x3 13.3396540 0.0000000 35.5550423
NBD15_conv2_3x1 6.6347294 0.0000000 9.6458035
NBD15_conv2_1x3 16.0245609 -16.0245609 9.8263998
NBD15_res 18.3404707 0.0000000 56.4131393
NBD16_conv1_3x1 35.9143944 0.0000000 35.9143944
NBD16_conv1_1x3 13.5186529 0.0000000 16.6302185
NBD16_conv2_3x1 7.9595499 0.0000000 15.9113264
NBD16_conv2_1x3 21.1489143 -46.2084389 54.5718231
NBD16_res 22.5028649 0.0000000 56.2434235
UpsamplerBlock17_deconv/4 19.6147289 -62.7364845 25.6726723
UpsamplerBlock17_deconv/1 15.0272255 -0.0000000 21.8471088
NBD18_conv1_3x1 10.9984989 0.0000000 12.5635757
NBD18_conv1_1x3 8.9827623 0.0000000 20.5220032
NBD18_conv2_3x1 5.3858128 0.0000000 8.6130924
NBD18_conv2_1x3 13.7798685 -4.6748705 46.4128189
NBD18_res 14.3625800 0.0000000 46.4128189
NBD19_conv1_3x1 15.3480959 0.0000000 27.2721806
NBD19_conv1_1x3 10.2343817 0.0000000 20.4587688
NBD19_conv2_3x1 10.0323375 0.0000000 17.8312016
NBD19_conv2_1x3 14.6495344 -23.0913620 22.3767986
NBD19_res 8.6029034 0.0000000 68.7896194
NBD19_add_conv1_3x1 10.1380548 0.0000000 10.1380548
NBD19_add_conv1_1x3 79.2575455 0.0000000 79.2575455
NBD19_add_conv2_3x1 12.8251877 0.0000000 12.8251877
NBD19_add_conv2_1x3 26.8697724 -78.1617508 56.8991470
NBD19_add_res 31.2867004 0.0000000 125.1345749
UpsamplerBlock20_deconv/4 9.9129782 -79.2651062 13.7905207
UpsamplerBlock20_deconv/1 22.9029217 -0.0000000 24.4178543
NBD21_conv1_3x1 21.8736401 0.0000000 23.3204899
NBD21_conv1_1x3 6.6678076 0.0000000 8.8860693
NBD21_conv2_3x1 5.8232751 0.0000000 6.6519217
NBD21_conv2_1x3 12.0834284 -4.8498030 12.0834284
NBD21_res 26.0157681 0.0000000 34.6707535
NBD22_conv1_3x1 16.1945515 0.0000000 17.2657547
NBD22_conv1_1x3 6.5837593 0.0000000 8.7740593
NBD22_conv2_3x1 4.1180372 0.0000000 5.0658789
NBD22_conv2_1x3 5.4914660 -5.3172989 5.4914660
NBD22_res 26.8206406 0.0000000 35.7433929
NBD22_add_conv1_3x1 11.9840412 0.0000000 11.9840412
NBD22_add_conv1_1x3 12.3223314 0.0000000 14.0757885
NBD22_add_conv2_3x1 1.9361274 0.0000000 2.2116365
NBD22_add_conv2_1x3 3.1296303 -3.1296303 3.0000212
NBD22_add_res 23.8880100 0.0000000 34.7292290
Deconvolution23_deconv 35.6755028 -40.7520943 36.9460678
