# genetated time: 2023-01-11 14:43:00.672385
# histogram number: 2048
# sample number: 100
# tune number: 5
###
# op_name    threshold    min    max
data 2.5680201 -2.1025600 2.5680201
scale0 3.6901349 -5.7427807 5.9041004
relu0 3.4133892 -3.4982729 5.9041004
stage1_unit1_bn1_scale 13.0111150 -16.0362091 26.8607254
stage1_unit1_bn2_scale 9.7179337 -17.2678909 14.3330536
stage1_unit1_relu1 7.1686272 -0.6739723 14.3330536
stage1_unit1_bn3_scale 7.9040604 -15.8004017 14.9280968
stage1_unit1_sc_scale 7.2074409 -7.2074409 3.7643435
_plus0 10.8995018 -15.8460798 14.9342403
stage1_unit2_bn1_scale 5.6707749 -10.0764551 9.2129660
stage1_unit2_bn2_scale 6.1468186 -12.2876348 7.3060760
stage1_unit2_relu1 4.9327613 -0.0298101 7.3060760
stage1_unit2_bn3_scale 8.8587436 -8.6924381 12.2166929
_plus1 12.8182611 -15.7686186 14.7325373
stage1_unit3_bn1_scale 4.4287093 -10.1189508 8.6308384
stage1_unit3_bn2_scale 8.5196323 -13.6247568 6.9542179
stage1_unit3_relu1 3.4349829 0.0000000 6.9542179
stage1_unit3_bn3_scale 7.0523896 -7.0523896 6.6836281
_plus2 12.8995380 -15.8686018 13.5758533
stage2_unit1_bn1_scale 4.9837979 -11.3872461 10.4099560
stage2_unit1_bn2_scale 5.5532017 -8.0734396 6.0688443
stage2_unit1_relu1 3.4153926 -0.1906750 6.0688443
stage2_unit1_bn3_scale 5.1752687 -5.0488591 5.1752687
stage2_unit1_sc_scale 5.3695999 -9.7068672 9.0534229
_plus3 5.4759426 -9.7302561 7.7854352
stage2_unit2_bn1_scale 3.9639206 -4.8762894 4.3990788
stage2_unit2_bn2_scale 4.2926521 -5.2806845 4.2376809
stage2_unit2_relu1 2.9148290 -0.0248378 4.2376809
stage2_unit2_bn3_scale 4.9994507 -4.9553032 9.0369339
_plus4 9.1413221 -7.7508612 13.2899761
stage2_unit3_bn1_scale 3.9299984 -3.0779564 4.8345594
stage2_unit3_bn2_scale 3.4551950 -3.9468660 3.8706052
stage2_unit3_relu1 2.4321281 0.0000000 3.8706052
stage2_unit3_bn3_scale 6.1131163 -4.0287251 6.1131163
_plus5 9.7890129 -9.4425964 14.2316113
stage2_unit4_bn1_scale 3.0704582 -2.8276486 5.4559269
stage2_unit4_bn2_scale 3.0900466 -3.5412722 4.9416604
stage2_unit4_relu1 1.8540280 0.0000000 4.9416604
stage2_unit4_bn3_scale 6.7879910 -3.8131151 6.7879910
_plus6 9.9770985 -9.6328611 14.5050573
stage3_unit1_bn1_scale 4.2302804 -6.2423697 7.5168262
stage3_unit1_bn2_scale 4.1530700 -6.6416678 2.8271632
stage3_unit1_relu1 1.5910562 -0.4108239 2.8271632
stage3_unit1_bn3_scale 2.9487321 -2.2494478 2.9487321
stage3_unit1_sc_scale 4.3429402 -7.8509283 4.4357018
_plus7 3.9303493 -7.8568606 4.7041903
stage3_unit2_bn1_scale 2.6219607 -3.6467834 2.3840368
stage3_unit2_bn2_scale 1.6800052 -2.2389131 1.5014231
stage3_unit2_relu1 1.0327327 -0.0330898 1.5014231
stage3_unit2_bn3_scale 2.3872516 -1.8385812 2.3872516
_plus8 4.6920905 -7.5036788 4.8244619
stage3_unit3_bn1_scale 1.4948197 -2.3210042 1.3681043
stage3_unit3_bn2_scale 1.8750608 -1.9990883 1.1890169
stage3_unit3_relu1 0.7434987 -0.0152793 1.1890169
stage3_unit3_bn3_scale 1.2635218 -1.2635218 1.1574391
_plus9 5.0971308 -7.4103885 4.8764358
stage3_unit4_bn1_scale 1.3204339 -2.1116626 1.2158462
stage3_unit4_bn2_scale 1.6408474 -1.8743385 1.3277189
stage3_unit4_relu1 0.6558166 -0.0138345 1.3277189
stage3_unit4_bn3_scale 1.5485835 -1.5485835 1.1693070
_plus10 4.6350532 -7.4124641 4.7216148
stage3_unit5_bn1_scale 1.4279649 -2.0760257 1.2830256
stage3_unit5_bn2_scale 1.2621671 -1.5526779 0.8663425
stage3_unit5_relu1 0.6635117 -0.0284832 0.8663425
stage3_unit5_bn3_scale 2.3137183 -2.3137183 1.6285913
_plus11 4.7042770 -7.5231681 4.7175374
stage3_unit6_bn1_scale 1.2947446 -2.0705798 1.0727843
stage3_unit6_bn2_scale 2.0233221 -2.1571565 1.0909930
stage3_unit6_relu1 0.5457630 -0.0444397 1.0909930
stage3_unit6_bn3_scale 1.7143846 -1.7143846 1.6571778
_plus12 5.1121836 -7.4322729 4.6806831
stage3_unit7_bn1_scale 1.2080661 -1.7563291 1.0038036
stage3_unit7_bn2_scale 1.1014751 -1.2582141 0.9252520
stage3_unit7_relu1 0.5785649 -0.0662588 0.9252520
stage3_unit7_bn3_scale 1.5581012 -1.1727322 1.5581012
_plus13 4.7086720 -7.5301967 4.6624565
stage3_unit8_bn1_scale 1.4992381 -1.9980081 1.1504241
stage3_unit8_bn2_scale 1.2406197 -1.3226815 1.2419132
stage3_unit8_relu1 0.8346664 -0.0107277 1.2419132
stage3_unit8_bn3_scale 1.6209095 -1.6209095 1.5919592
_plus14 5.1808162 -7.5320530 4.6400275
stage3_unit9_bn1_scale 1.5421209 -1.8970683 1.1005163
stage3_unit9_bn2_scale 0.8966132 -1.3035278 0.8946049
stage3_unit9_relu1 0.6153413 -0.0021053 0.8946049
stage3_unit9_bn3_scale 1.5125690 -1.5125690 1.4134561
_plus15 5.1481175 -7.4845147 4.6356812
stage3_unit10_bn1_scale 1.6446352 -1.8786653 1.0605826
stage3_unit10_bn2_scale 1.3175545 -1.3175545 0.8762138
stage3_unit10_relu1 0.5479012 0.0000000 0.8762138
stage3_unit10_bn3_scale 1.2332666 -1.2332666 1.2167041
_plus16 5.0670490 -7.3666544 4.6493750
stage3_unit11_bn1_scale 1.3553902 -1.6673579 1.1469285
stage3_unit11_bn2_scale 1.3682265 -1.5629239 1.4997332
stage3_unit11_relu1 0.6564538 0.0000000 1.4997332
stage3_unit11_bn3_scale 2.2075834 -2.2075834 1.4445667
_plus17 5.0716105 -7.3732858 4.6359234
stage3_unit12_bn1_scale 1.4440813 -1.7764630 1.1019329
stage3_unit12_bn2_scale 1.5238513 -1.5238513 0.8812420
stage3_unit12_relu1 0.6061499 0.0000000 0.8812420
stage3_unit12_bn3_scale 1.6633112 -1.6633112 1.5526875
_plus18 6.0177746 -7.4028754 4.7118411
stage3_unit13_bn1_scale 1.2120653 -1.7621434 1.1799208
stage3_unit13_bn2_scale 1.6884750 -1.6884750 1.1561260
stage3_unit13_relu1 0.6506386 0.0000000 1.1561260
stage3_unit13_bn3_scale 2.5596461 -2.0129974 2.5596461
_plus19 5.9509916 -7.3207211 4.7369680
stage3_unit14_bn1_scale 1.4934903 -1.8372444 1.0457221
stage3_unit14_bn2_scale 1.0674436 -1.3550992 1.4225631
stage3_unit14_relu1 0.8005826 0.0000000 1.4225631
stage3_unit14_bn3_scale 4.1400005 -5.2987657 3.0549786
_plus20 4.9991546 -7.2679472 5.3393383
stage4_unit1_bn1_scale 2.3343096 -3.1108930 1.8407612
stage4_unit1_bn2_scale 2.3641422 -2.9082928 1.3537308
stage4_unit1_relu1 0.6771961 -0.0121344 1.3537308
stage4_unit1_bn3_scale 0.5637946 -0.6667746 0.7513590
stage4_unit1_sc_scale 0.3674330 -0.6995633 0.5879534
_plus21 0.5812409 -0.7801208 0.9295313
stage4_unit2_bn1_scale 0.8435048 -1.0030233 0.9750777
stage4_unit2_bn2_scale 1.5192916 -1.8689843 1.0891645
stage4_unit2_relu1 0.5448483 -0.0403678 1.0891645
stage4_unit2_bn3_scale 0.6726894 -0.9779796 0.7890979
_plus22 0.9131345 -1.0258541 1.0430727
stage4_unit3_bn1_scale 0.7833588 -1.1388745 1.0435728
stage4_unit3_bn2_scale 1.6620930 -1.8986075 1.2243860
stage4_unit3_relu1 0.6890536 0.0000000 1.2243860
stage4_unit3_bn3_scale 2.6228869 -2.2730064 3.2265923
_plus23 1.7611086 -2.1796210 2.5603619
bn1_scale 1.2624002 -1.2702813 1.2306629
pre_fc1 2.9605100 -2.6344759 2.9605100
fc1_scale 3.2429867 -2.8182025 3.2429867
