# genetated time: 2023-06-02 11:46:57.521003
# histogram number: 2048
# sample number: 100
# tune number: 5
###
# op_name    threshold    min    max
data 151.0000000 -123.0000000 151.0000000
conv1/7x7_s2 3158.7388306 -0.0000000 4394.1137695
pool1/3x3_s2 2472.8964844 -0.0000000 4394.1137695
pool1/norm1 138.7264862 -0.0000000 138.7264862
conv2/3x3_reduce 351.4970398 -0.0000000 351.4970398
conv2/3x3 568.2332153 -0.0000000 699.0224609
conv2/norm2 138.7263947 -0.0000000 138.7263947
pool2/3x3_s2 138.7263947 -0.0000000 138.7263947
inception_3a/1x1 524.3353882 -0.0000000 524.3353882
inception_3a/3x3_reduce 440.5500793 -0.0000000 440.5500793
inception_3a/3x3 611.3273315 -0.0000000 752.0355225
inception_3a/5x5_reduce 384.8720093 -0.0000000 384.8720093
inception_3a/5x5 629.5414429 -0.0000000 629.5414429
inception_3a/pool 138.7263947 -0.0000000 138.7263947
inception_3a/pool_proj 362.1835022 -0.0000000 362.1835022
inception_3a/output 611.3273315 -0.0000000 752.0355225
inception_3b/1x1 487.9725907 -0.0000000 706.4464111
inception_3b/3x3_reduce 410.4800446 -0.0000000 746.0291748
inception_3b/3x3 490.9514771 -0.0000000 603.9529419
inception_3b/5x5_reduce 587.5715942 -0.0000000 587.5715942
inception_3b/5x5 616.0270386 -0.0000000 616.0270386
inception_3b/pool 752.0355225 -0.0000000 752.0355225
inception_3b/pool_proj 485.3445129 -0.0000000 485.3445129
inception_3b/output 496.9455215 -0.0000000 706.4464111
pool3/3x3_s2 618.4425659 -0.0000000 706.4464111
inception_4a/1x1 432.5873413 -0.0000000 576.5015259
inception_4a/3x3_reduce 642.1774902 -0.0000000 1141.0914307
inception_4a/3x3 893.1829834 -0.0000000 893.1829834
inception_4a/5x5_reduce 538.9078979 -0.0000000 538.9078979
inception_4a/5x5 373.2983704 -0.0000000 373.2983704
inception_4a/pool 706.4464111 -0.0000000 706.4464111
inception_4a/pool_proj 473.4360046 -0.0000000 473.4360046
inception_4a/output 726.0656738 -0.0000000 893.1829834
inception_4b/1x1 346.6842865 -0.0000000 571.6171875
inception_4b/3x3_reduce 353.3496399 -0.0000000 706.3541870
inception_4b/3x3 350.5625656 -0.0000000 557.9020996
inception_4b/5x5_reduce 431.5136719 -0.0000000 575.0706177
inception_4b/5x5 483.1125793 -0.0000000 483.1125793
inception_4b/pool 893.1829834 -0.0000000 893.1829834
inception_4b/pool_proj 423.1059265 -0.0000000 423.1059265
inception_4b/output 446.6544647 -0.0000000 571.6171875
inception_4c/1x1 316.2976074 -0.0000000 421.5791016
inception_4c/3x3_reduce 317.2404175 -0.0000000 507.3368530
inception_4c/3x3 317.2214264 -0.0000000 642.2235718
inception_4c/5x5_reduce 546.5905762 -0.0000000 971.2420654
inception_4c/5x5 425.8310547 -0.0000000 680.9970093
inception_4c/pool 571.6171875 -0.0000000 571.6171875
inception_4c/pool_proj 345.1529846 -0.0000000 345.1529846
inception_4c/output 374.6980713 -0.0000000 680.9970093
inception_4d/1x1 357.1024475 -0.0000000 357.1024475
inception_4d/3x3_reduce 331.5174713 -0.0000000 602.5181885
inception_4d/3x3 255.5865326 -0.0000000 408.7387695
inception_4d/5x5_reduce 343.7508850 -0.0000000 343.7508850
inception_4d/5x5 296.3657227 -0.0000000 296.3657227
inception_4d/pool 425.8310547 -0.0000000 680.9970093
inception_4d/pool_proj 360.2448425 -0.0000000 360.2448425
inception_4d/output 319.4232513 -0.0000000 408.7387695
inception_4e/1x1 186.1302612 -0.0000000 232.6344147
inception_4e/3x3_reduce 152.9968704 -0.0000000 201.4372711
inception_4e/3x3 186.3510353 -0.0000000 196.7254944
inception_4e/5x5_reduce 248.7983093 -0.0000000 265.2552795
inception_4e/5x5 253.8660889 -0.0000000 253.8660889
inception_4e/pool 408.7387695 -0.0000000 408.7387695
inception_4e/pool_proj 337.1834717 -0.0000000 337.1834717
inception_4e/output 193.9505081 -0.0000000 337.1834717
pool4/3x3_s2 210.8014450 -0.0000000 337.1834717
inception_5a/1x1 168.4892120 -0.0000000 168.4892120
inception_5a/3x3_reduce 158.2465210 -0.0000000 158.2465210
inception_5a/3x3 150.1293182 -0.0000000 150.1293182
inception_5a/5x5_reduce 236.2723694 -0.0000000 236.2723694
inception_5a/5x5 184.0651855 -0.0000000 184.0651855
inception_5a/pool 337.1834717 -0.0000000 337.1834717
inception_5a/pool_proj 147.0716858 -0.0000000 147.0716858
inception_5a/output 129.4795635 -0.0000000 184.0651855
inception_5b/1x1 64.0925064 -0.0000000 64.0925064
inception_5b/3x3_reduce 100.9386063 -0.0000000 100.9386063
inception_5b/3x3 62.3488922 -0.0000000 62.3488922
inception_5b/5x5_reduce 94.5208588 -0.0000000 94.5208588
inception_5b/5x5 51.1273613 -0.0000000 51.1273613
inception_5b/pool 184.0651855 -0.0000000 184.0651855
inception_5b/pool_proj 59.6968765 -0.0000000 59.6968765
inception_5b/output 55.2927036 -0.0000000 64.0925064
pool5/7x7_s1 14.6110633 0.0000000 17.5743141
loss3/classifier 25.8868188 -10.2802010 37.9845314
prob 0.0625305 0.0000000 1.0000000
