# genetated time: 2023-04-11 16:51:42.462213
# histogram number: 2048
# sample number: 100
# tune number: 5
###
# op_name    threshold    min    max
input.168 1.0000000 -0.9921875 1.0000000
99 2.3251710 -0.0000000 4.1316190
121 2.2389529 -0.0000000 5.1151080
152 0.7365646 -0.0000000 1.4724098
164 1.2548087 -0.0000000 1.4333668
out.80 1.9506908 -2.8369906 2.1979423
residual.2 2.2788670 -9.1110172 6.5318046
190 2.4445143 0.0000000 6.5155220
209 0.9512926 -0.0000000 1.5213251
221 1.4550811 -0.0000000 2.3269930
out.82 2.0192584 -3.4001744 1.9722230
234 2.8671508 0.0000000 6.5502872
253 1.1936328 -0.0000000 2.1209779
265 1.1558992 -0.0000000 2.0539284
out.84 2.0029239 -3.4087007 2.0794168
278 2.9846764 0.0000000 5.3035007
297 1.3963654 -0.0000000 1.5950669
309 1.4994123 -0.0000000 2.1798983
out.86 1.9809436 -2.6187422 2.6151285
322 2.1410655 0.0000000 5.2680583
344 3.9315188 -0.0000000 4.8364296
368 3.9503987 -0.0000000 3.9503987
410 0.9332660 -0.0000000 0.9332660
out.88 0.9751748 -0.5705630 0.9751748
423 3.9461842 0.0000000 4.8544707
440 1.1670926 -0.0000000 1.1670926
out.90 1.4662238 -1.1957564 1.4662238
453 4.2693701 0.0000000 4.8768978
470 1.3379300 -0.0000000 1.3379300
out.92 3.3140465 -3.7872174 1.6417742
483 4.0405259 0.0000000 4.9705267
500 1.3367267 -0.0000000 1.4251456
out.94 3.3387547 -3.3387547 1.1762513
513 4.2887836 0.0000000 5.2759256
534 0.8823302 -0.0000000 0.8823302
out.96 1.0203437 -0.7463852 1.0203437
547 3.9325597 0.0000000 4.1788616
564 1.3169712 -0.0000000 1.3169712
out.98 1.2459496 -0.8397198 1.2459496
577 3.4576204 0.0000000 4.2534547
594 0.9612190 -0.0000000 0.9612190
out.100 1.7219856 -1.0971272 1.7219856
607 3.5330876 0.0000000 5.4858198
624 1.2525738 -0.0000000 1.2525738
out.102 2.6952107 -2.6952107 1.6810873
637 3.6684036 0.0000000 6.5184221
input.760 0.3888777 -0.5653641 0.5625958
653 0.5653641 -0.5653641 0.5625958
51 5.3174796 0.0000000 5.3174796
y.28 1.3348008 -1.0754117 1.3348008
50 4.0754824 0.0000000 6.5175877
699 0.6585792 -0.0000000 0.6585792
759 1.0291908 -0.0000000 1.4962738
out.104 1.9374938 -1.1125884 1.9374938
772 4.7884274 0.0000000 5.4698162
789 1.2551351 -0.0000000 1.4337397
out.106 1.8361628 -0.8309369 1.8361628
802 4.4807787 0.0000000 5.5121121
819 1.2434473 -0.0000000 1.4203887
out.108 1.4031988 -1.1685178 1.4031988
832 4.8714657 0.0000000 5.9927225
849 1.0571241 -0.0000000 1.3004405
out.110 1.1368105 -1.0631807 1.1368105
862 5.5116296 0.0000000 6.2959294
883 0.9631075 -0.0000000 0.9631075
out.112 1.7674215 -1.7674215 1.5805103
896 4.0958443 0.0000000 6.5501509
913 1.3368449 -0.0000000 1.3368449
out.114 1.2589800 -1.2589800 1.1470362
926 5.3821840 0.0000000 6.6209922
943 0.8919678 -0.0000000 0.8919678
out.116 1.7229388 -1.3324337 1.7229388
956 4.5584216 0.0000000 6.6271935
973 0.9240702 -0.0000000 0.9240702
out.118 1.5698563 -1.0653498 1.5698563
986 4.5762401 0.0000000 6.6530991
1007 0.7764077 -0.0000000 0.7764077
out.120 0.6562670 -0.5637661 0.6562670
1020 0.7445926 0.0000000 0.9303998
1037 0.6898312 -0.0000000 0.6898312
out.122 0.5917126 -0.7631755 0.6586087
1050 0.7648029 0.0000000 0.7648029
1067 0.6293911 -0.0000000 0.6293911
out.124 0.6465601 -0.5640731 0.6547322
1080 0.7885898 0.0000000 0.9008055
1097 0.5628576 -0.0000000 0.5628576
out.126 0.6480311 -0.6480311 0.4164551
1110 1.1006165 0.0000000 1.1006165
input.127 1.1094750 -1.0975540 1.1828622
1126 1.1828622 -1.0975540 1.1828622
y.8 5.1438570 -1.0975540 6.3278098
input.131 0.7255743 -0.7950382 0.4081695
1143 0.7950382 -0.7950382 0.4081695
1227 6.4027615 0.0000000 6.4027615
y.10 2.4574189 -1.9404308 2.4574189
y0.3 5.8257327 -1.6847872 6.6547294
input.139 0.8979670 -0.6514675 0.8979670
1176 0.8979670 -0.6514675 0.8979670
1228 4.5813475 0.0000000 6.6605239
1195 1.5414262 -0.0000000 1.5414262
y.12 1.1259547 -0.9152732 2.5723541
1222 1.2108576 -1.3648674 1.6136886
y1.3 2.2945199 -1.2175646 2.8226454
1229 2.2945199 0.0000000 2.8226454
1275 1.1326754 -0.0000000 1.3933814
out.128 2.5736992 -2.4560845 2.5736992
1288 5.1179662 0.0000000 6.8206229
1305 1.3378980 -0.0000000 1.3378980
out.130 1.6581535 -1.4435072 1.6581535
1318 5.4175415 0.0000000 6.6644874
1335 1.4770650 -0.0000000 1.4770650
out.132 3.1717844 -1.7731966 3.1717844
1348 5.3136201 0.0000000 7.0813675
1365 1.2445087 -0.0000000 1.2445087
out.134 2.5882502 -1.9190391 2.5882502
1378 7.1476059 0.0000000 7.1476059
1399 0.7192055 -0.0000000 0.9584724
out.136 1.9857820 -1.0672904 1.9857820
1412 4.5978322 0.0000000 6.6844907
1429 0.9915973 -0.0000000 0.9915973
out.138 1.6007061 -1.6007061 1.5207998
1442 4.6054373 0.0000000 6.6955471
1459 0.7173198 -0.0000000 1.2746127
out.140 2.7374525 -2.7374525 1.4850805
1472 4.6068044 0.0000000 6.6975341
1489 0.9312226 -0.0000000 0.9312226
out.142 1.8452950 -1.6876937 1.8452950
1502 4.6666780 0.0000000 6.7845807
1523 0.7608688 -0.0000000 0.7608688
out.144 1.1601052 -1.0537863 1.1601052
1536 1.6429451 0.0000000 2.6274285
1553 0.8561709 -0.0000000 0.8561709
out.146 1.2717013 -0.9614460 1.4129248
1566 2.0047245 0.0000000 2.6716609
1583 0.8713135 -0.0000000 0.8713135
out.148 0.9752796 -0.9706314 0.9752796
1596 1.8411160 0.0000000 2.6766791
1613 0.9075483 -0.0000000 0.9075483
out.150 0.9327539 -0.7120495 0.9327539
1626 2.9019647 0.0000000 2.9019647
input.440 0.8614703 -0.8579219 0.8614703
1642 0.8614703 -0.8579219 0.8614703
y.14 5.8143177 -0.8231497 7.1525893
input.444 0.6579114 -0.6579114 0.6019078
1659 0.6579114 -0.6579114 0.6019078
1743 7.1613660 0.0000000 7.1613660
y.16 2.9293935 -1.4306992 2.9293935
y0.5 5.0896015 -1.0316890 6.7828221
input.452 1.8344036 -1.8344036 1.1691173
1692 1.8344036 -1.8344036 1.1691173
1744 6.0230017 0.0000000 6.8800693
1711 1.7265254 -0.0000000 2.3012094
y.18 2.1591901 -1.7431984 3.0028276
1738 1.5072156 -1.3386252 1.5072156
y1.5 2.3707909 -1.7052416 2.9173484
1745 3.5639520 0.0000000 3.5639520
1791 1.3731982 -0.0000000 1.3731982
out.152 3.0843749 -2.4210248 3.0843749
1804 7.2511172 0.0000000 7.2511172
1821 1.5021844 -0.0000000 1.7159439
out.154 3.8247437 -2.2045760 3.8247437
1834 6.1946292 0.0000000 7.6204362
1851 1.0987872 -0.0000000 1.6349027
out.156 3.8055322 -2.3357742 3.8055322
1864 6.4801435 0.0000000 8.6359720
1881 1.0724748 -0.0000000 1.5246056
out.158 2.8306236 -2.8306236 2.7620652
1894 6.1602387 0.0000000 8.9559717
1915 0.9746190 -0.0000000 0.9746190
out.160 1.5150509 -1.4766924 1.5150509
1928 6.0229597 0.0000000 6.8800211
1945 0.7887403 -0.0000000 0.9702833
out.162 2.3440075 -1.3302351 2.3440075
1958 6.0657058 0.0000000 6.9288502
1975 0.7281721 -0.0000000 0.8855824
out.164 2.7409406 -2.7409406 1.9518886
1988 6.0732145 0.0000000 6.9374280
2005 0.9439405 -0.0000000 0.9439405
out.166 1.7286769 -1.7286769 1.3843122
2018 5.2355347 0.0000000 6.9773045
2039 0.9839357 -0.0000000 0.9839357
out.72 1.6632228 -1.6632228 0.9269234
2052 3.4612062 0.0000000 3.4612062
2069 1.2752219 -0.0000000 1.2752219
out.74 1.4823310 -1.4823310 1.2571239
2082 2.5315833 0.0000000 3.3737962
2099 0.8654566 -0.0000000 0.8654566
out.76 1.6573181 -1.3434979 1.6573181
2112 2.7086077 0.0000000 3.3320432
2129 0.9441696 -0.0000000 0.9441696
out.78 0.9369253 -0.7440479 0.9369253
2142 3.4882205 0.0000000 3.4882205
input.560 0.6069761 -0.7675192 0.8091697
2158 0.8091697 -0.7675192 0.8091697
y.20 6.6166372 -0.7296713 8.8178749
input.564 0.7593975 -0.7593975 0.6563140
2175 0.7593975 -0.7593975 0.6563140
2259 6.5988855 0.0000000 8.7942181
y.22 4.2550153 -5.0427074 3.2838597
y0.6 6.1100979 -4.4697628 6.9795589
input.572 0.8005446 -0.7411968 0.8534973
2208 0.8534973 -0.7411968 0.8534973
2260 5.2498155 0.0000000 6.9963360
2227 2.7569585 -0.0000000 2.7569585
y.19 2.0014990 -1.4369519 3.2014599
2254 1.9392231 -1.4082563 1.9392231
y1.6 3.1956816 -1.8281292 3.6504240
2261 3.5044723 0.0000000 5.0949249
2307 0.9489450 -0.0000000 1.3796096
out.168 2.5191543 -1.7826850 2.5191543
2320 6.5178337 0.0000000 8.6862011
2337 0.9522960 -0.0000000 1.3844814
out.170 1.6974463 -1.6974463 1.6774019
2350 7.0546789 0.0000000 8.6784420
2367 1.0963721 -0.0000000 1.7533388
out.172 4.6722732 -3.7790027 4.6722732
2380 6.8414831 0.0000000 9.9463892
2397 1.3880143 -0.0000000 1.4798257
out.174 2.4060848 -2.3544354 2.4060848
2410 7.1109447 0.0000000 10.3381414
2431 0.7454392 -0.0000000 0.7454392
out.176 2.2949929 -1.4992861 2.2949929
2444 7.0784574 0.0000000 7.0784574
2461 0.9894692 -0.0000000 1.3186481
out.178 1.4904023 -1.4904023 1.4415708
2474 7.3410425 0.0000000 7.3410425
2491 0.8001032 -0.0000000 0.8001032
out.180 2.4337301 -2.4337301 2.3697395
2504 5.8456655 0.0000000 7.7904148
2521 0.8170648 -0.0000000 0.8170648
out.182 2.7416017 -2.7416017 2.5884018
2534 5.3733902 0.0000000 7.1610222
2555 0.8328725 -0.0000000 1.2108594
out.184 1.9083669 -1.9083669 1.3487215
2568 4.6580720 0.0000000 4.6580720
2585 0.6953481 -0.0000000 1.1120137
out.186 1.5142394 -1.5142394 1.3582543
2598 4.0317140 0.0000000 4.0317140
2615 1.0899644 -0.0000000 1.0899644
out.188 1.7307274 -1.5174428 1.7307274
2628 3.8127868 0.0000000 3.8127868
2645 0.9353761 -0.0000000 0.9353761
out.190 2.1592813 -2.1592813 1.2717955
2658 3.8668838 0.0000000 4.7027960
input.652 0.9126617 -0.7891207 1.4595457
2674 1.4595457 -0.7891207 1.4595457
y.24 7.2650652 -0.7336362 10.5622082
input.654 0.8282868 -0.6246787 0.8282868
2691 0.8282868 -0.6246787 0.8282868
55 7.9388285 0.0000000 10.5799360
y.26 1.9702271 -1.9702271 1.4772902
y0.7 5.7627053 -1.8300773 7.6798553
input.662 1.3374243 -1.9150808 2.3251157
2724 2.3251157 -1.9150808 2.3251157
56 7.6993427 0.0000000 7.6993427
2743 2.2031589 -0.0000000 2.2031589
y.30 1.8353330 -1.4463454 4.1934667
2770 1.7891336 -1.3224914 2.5901599
y1.7 2.7018809 -2.1052372 4.4556112
54 5.2948012 0.0000000 6.5134964
2802 1.1275083 -0.0000000 1.1275083
2882 0.7534156 -0.0000000 1.0953422
out.8 2.1664064 -2.0487249 2.1664064
2895 7.1204724 0.0000000 10.3519936
2912 0.7010369 -0.0000000 0.9965780
out.10 1.9773479 -0.9529173 1.9773479
2925 7.1983318 0.0000000 10.4651880
2942 1.0718100 -0.0000000 1.0718100
out.12 2.1582537 -2.1582537 2.1170976
2955 9.7777929 0.0000000 10.4245529
2972 0.9010124 -0.0000000 0.9010124
out.14 1.9455253 -1.9455253 1.0721775
2985 8.0682831 0.0000000 9.9253464
3006 0.8062614 -0.0000000 0.9209917
out.16 4.5107007 -2.4222248 4.5107007
3019 6.2119522 0.0000000 9.9342699
3036 0.7717540 -0.0000000 0.7717540
out.18 2.3721826 -2.3721826 1.5638001
3049 7.5990667 0.0000000 9.3481302
3066 0.7242642 -0.0000000 0.7242642
out.20 1.4933689 -1.1933389 1.4933689
3079 5.4004087 0.0000000 9.5960388
3096 0.7648383 -0.0000000 0.7648383
out.22 2.0831735 -2.0831735 1.5989016
3109 5.3647757 0.0000000 9.5327225
3130 0.6252803 -0.0000000 1.4285141
out.24 1.9319592 -1.6525640 1.9319592
3143 6.1009998 0.0000000 6.1009998
3160 1.2721345 -0.0000000 1.2721345
out.26 1.4908870 -1.4643379 1.4908870
3173 3.8323519 0.0000000 6.1287689
3190 0.7952570 -0.0000000 1.3249968
out.28 2.3869839 -1.2613432 2.3869839
3203 3.5413382 0.0000000 6.2926383
3220 1.0723710 -0.0000000 1.0723710
out.30 3.1153405 -1.5754061 3.1153405
3233 3.6946876 0.0000000 6.3196373
3254 0.8419130 -0.0000000 0.8419130
out.32 0.8453922 -0.8453922 0.6272229
3267 1.3992956 0.0000000 1.3992956
3284 0.8774675 -0.0000000 0.8774675
out.34 0.9597048 -0.9597048 0.7996376
3297 1.4683446 0.0000000 1.4683446
3314 0.8349502 -0.0000000 0.8349502
out.36 0.8228377 -0.7928922 0.8228377
3327 1.2473685 0.0000000 1.5170146
3344 0.8201686 -0.0000000 0.8201686
out.38 1.6214501 -1.1444895 2.8811703
3357 2.9908342 0.0000000 2.9908342
input.177 1.1185251 -0.9892031 1.1925110
3373 1.1925110 -0.9892031 1.1925110
y.3 7.1927342 -0.6920227 10.4570503
input.181 0.7417565 -0.9565595 1.0096589
3390 1.0096589 -0.9565595 1.0096589
y0.2 8.6614389 -1.0829090 10.6550274
input.185 1.0675763 -1.0076855 1.0675763
3407 1.0675763 -1.0076855 1.0675763
3619 6.6945591 0.0000000 10.7060642
y.5 1.4468424 -1.4468424 1.1037068
y1.2 5.4301090 -1.4247105 9.6488132
input.193 1.1971407 -2.0979593 2.4236448
3440 2.4236448 -2.0979593 2.4236448
y2.2 7.7687612 -2.2927134 9.5568829
input.197 1.5563734 -1.5563734 1.2589235
3457 1.5563734 -1.5563734 1.2589235
3620 7.9513669 0.0000000 9.7815189
3476 2.0232651 -0.0000000 2.0232651
y.7 2.2782630 -1.7293754 3.5040982
3503 2.1046360 -1.5979455 2.1046360
y3.2 3.3266342 -1.8364160 4.3435626
y4.2 4.4216061 -1.8356888 7.0711155
input.209 1.5288055 -1.1878221 1.5288055
3521 1.5288055 -1.1878221 1.5288055
3621 7.2608871 0.0000000 7.2608871
3541 0.9497650 -0.0000000 1.0772511
3556 1.5048366 -0.0000000 1.5048366
y.9 1.1415864 -1.3418734 1.7558248
3586 1.2193500 -0.0000000 1.2193500
3599 1.1480688 -1.5513047 2.0400145
y5.2 1.1917734 -1.9101799 2.0384877
3614 1.8544835 -1.4329560 1.8544835
y6.2 2.6189582 -2.3056107 2.7921915
3622 3.0511138 0.0000000 3.0511138
3688 1.0001705 -0.0000000 1.0001705
out.40 3.9021962 -3.9021962 2.3580904
3701 6.8447876 0.0000000 10.9463129
3718 0.6217514 -0.0000000 0.9039240
out.42 2.8258350 -2.4570651 2.8258350
3731 8.3472099 0.0000000 11.1241798
3748 0.8197238 -0.0000000 0.8197238
out.44 2.6696074 -1.8950812 2.6696074
3761 8.9076748 0.0000000 10.9579391
3778 0.4654841 -0.0000000 0.6767371
out.46 1.3435667 -1.3435667 0.9224606
3791 7.5453873 0.0000000 10.9697504
3812 0.5902711 -0.0000000 0.5902711
out.48 1.9767486 -1.9767486 1.7854416
3825 5.9226284 0.0000000 9.4715786
3842 1.1064633 -0.0000000 1.1064633
out.50 4.3711820 -2.5105855 4.3711820
3855 5.8152723 0.0000000 9.2998924
3872 0.6060194 -0.0000000 0.6060194
out.52 1.6599634 -1.2505132 1.6599634
3885 6.8235726 0.0000000 9.0936546
3902 0.7701548 -0.0000000 0.7701548
out.54 2.0842321 -2.0842321 1.5935982
3915 5.3975859 0.0000000 8.6319199
3936 0.8902245 -0.0000000 0.8902245
out.56 2.0071464 -2.0071464 1.3375283
3949 4.3448869 0.0000000 7.4317803
3966 0.9043002 -0.0000000 0.9043002
out.58 1.8462468 -1.8462468 1.5019130
3979 4.2298937 0.0000000 7.5161390
3996 0.9317062 -0.0000000 1.1461555
out.60 1.9746370 -1.8091139 1.9746370
4009 4.5643420 0.0000000 7.2993813
4026 1.0805395 -0.0000000 1.0805395
out.62 1.7539823 -1.2729418 1.7539823
4039 6.9057384 0.0000000 6.9057384
4060 0.9310074 -0.0000000 0.9310074
out.64 1.7491337 -1.7491337 1.1316216
4073 3.1798530 0.0000000 3.1798530
4090 1.2458842 -0.0000000 1.2458842
out.66 1.5818645 -1.5566043 1.5818645
4103 3.0244863 0.0000000 3.7206271
4120 1.4210818 -0.0000000 1.4210818
out.68 1.7118884 -2.1729672 1.4912170
4133 3.4764712 0.0000000 3.9711699
4150 1.0236905 -0.0000000 1.8190056
out.70 1.8083532 -1.9284705 1.5719857
4163 4.7195377 0.0000000 4.7195377
input.359 1.2150419 -1.0146072 2.2082844
4179 2.2082844 -1.0146072 2.2082844
y.11 6.8069429 -0.7922114 10.8857908
input.363 0.9135153 -1.2178221 1.1856878
4196 1.2178221 -1.2178221 1.1856878
y0.4 8.9350147 -1.0836103 10.9915724
input.367 0.7547668 -0.7547668 0.7306006
4213 0.7547668 -0.7547668 0.7306006
4425 6.8914390 0.0000000 11.0209188
y.13 1.1371779 -1.1371779 0.6494410
y1.4 4.9323192 -0.9645724 8.7642851
input.375 1.2670543 -1.2931045 2.8947101
4246 2.8947101 -1.2931045 2.8947101
y2.4 7.9397254 -1.6425841 9.7671986
input.379 1.1485772 -1.0938437 2.0874879
4263 2.0874879 -1.0938437 2.0874879
4426 7.0169950 0.0000000 9.3514252
4282 1.4384751 -0.0000000 1.9172800
y.15 1.8345683 -2.3740137 2.6671600
4309 1.7887367 -1.7028346 1.9078491
y3.4 2.9953079 -1.6640613 2.9953079
y4.4 5.2971988 -1.5923371 7.7012544
input.391 1.7618810 -1.7618810 1.7231495
4327 1.7618810 -1.7618810 1.7231495
4427 8.1603317 0.0000000 8.1603317
4347 1.4157982 -0.0000000 1.4157982
4362 2.1955640 -0.0000000 2.1955640
y.17 1.2092302 -1.2336521 1.8775698
4392 1.1011691 -0.0000000 1.1011691
4405 1.2051344 -1.3854731 1.4280232
y5.4 1.8833656 -1.7297081 2.0079424
4420 1.8531641 -1.6087090 1.8531641
y6.4 2.6705341 -2.0515547 2.6705341
4428 5.3061590 0.0000000 5.3061590
4494 0.6756102 -0.0000000 0.6756102
out.3 1.7531196 -1.7531196 1.5795249
4507 6.9108028 0.0000000 11.0518856
4524 0.7804566 -0.0000000 0.7804566
out.5 1.7258488 -1.7171433 1.7258488
4537 7.5912595 0.0000000 11.0364408
4554 0.7869911 -0.0000000 0.8390473
out.7 1.7973149 -1.7973149 1.5978132
4567 6.7677898 0.0000000 10.8231764
4584 0.4757081 -0.0000000 0.6916013
out.9 1.2314262 -1.2314262 0.9058418
4597 8.7384281 0.0000000 10.7497368
4618 0.6797588 -0.0000000 0.6797588
out.11 3.9510438 -3.9510438 2.0669398
4631 8.8660069 0.0000000 8.8660069
4648 0.8216738 -0.0000000 0.8216738
out.13 2.2909021 -2.2909021 1.1688198
4661 6.1603785 0.0000000 8.9561749
4678 0.6340144 -0.0000000 0.6340144
out.15 2.3116360 -1.8970059 2.3116360
4691 8.1299648 0.0000000 8.1299648
4708 0.6007788 -0.0000000 0.6862691
out.17 1.6832331 -1.6832331 1.3786476
4721 5.6682983 0.0000000 8.0579233
4742 1.1304210 -0.0000000 1.1304210
out.19 2.4483495 -2.0568912 2.4483495
4755 6.5731688 0.0000000 8.0861034
4772 1.2868061 -0.0000000 1.2868061
out.21 2.6291883 -2.3397691 2.6291883
4785 8.2825441 0.0000000 8.2825441
4802 0.7435143 -0.0000000 1.3513041
out.23 3.8942156 -1.6061796 3.8942156
4815 8.3036671 0.0000000 8.3036671
4832 0.7497356 -0.0000000 1.1989913
out.25 1.6621649 -1.3822126 1.6621649
4845 6.1597646 0.0000000 8.3845053
4866 2.1207533 -0.0000000 2.1207533
out.2 2.5214729 -2.5778275 2.3065817
4879 6.3727126 0.0000000 6.3727126
4896 0.9978292 -0.0000000 1.1238275
out.4 2.4882333 -2.4882333 1.7081716
4909 4.6193113 0.0000000 7.3872890
4926 1.2496116 -0.0000000 1.2496116
out.6 2.5683455 -2.2668867 2.5683455
4939 4.3577890 0.0000000 8.7113228
4956 1.0575386 -0.0000000 1.0575386
out.192 2.7304614 -2.7304614 1.7852969
4969 5.1351967 0.0000000 8.2123022
input.112 1.3209728 -1.4117785 2.3472493
4985 2.3472493 -1.4117785 2.3472493
y.2 6.6602812 -1.3127515 10.6512470
input.116 0.8901747 -1.2941674 1.0631448
5002 1.2941674 -1.2941674 1.0631448
y0.1 7.4052052 -1.7330916 10.7659483
input.118 0.9242084 -0.9242084 0.7555006
5019 0.9242084 -0.9242084 0.7555006
59 7.4137373 0.0000000 10.7783527
y.4 1.3963728 -0.8004842 1.3963728
y1.1 6.7903051 -0.6702466 8.3532181
input.126 1.5207892 -1.5113494 2.4325497
5052 2.4325497 -1.5113494 2.4325497
y2.1 8.5334978 -1.6544099 9.7478075
input.130 1.2261803 -1.2261803 1.0250233
5069 1.2261803 -1.2261803 1.0250233
60 6.2900839 0.0000000 10.0103416
5088 1.2569785 -0.0000000 1.2569785
y.6 1.6316040 -1.8887951 2.0312564
5115 1.9600413 -2.0773284 2.8495770
y3.1 2.9522831 -2.5958450 2.9522831
y4.1 8.4245758 -2.4564660 9.6233845
input.146 2.3108099 -1.8519927 2.3108099
5133 2.3108099 -1.8519927 2.3108099
61 9.5774082 0.0000000 10.1438169
5153 0.9175237 -0.0000000 0.9175237
5168 3.0364423 -0.0000000 3.6245720
y.1 1.3157778 -1.9285796 2.3380182
5198 0.7372839 -0.0000000 0.7372839
5211 1.0507207 -1.2713095 1.4243876
y5.1 1.1923692 -1.5093316 2.7240844
5226 1.8879538 -1.8879538 1.7363259
y6.1 2.8171086 -1.7346673 2.8171086
62 5.2635579 0.0000000 8.4175806
5263 0.9757413 -0.0000000 1.3003531
5275 1.0121807 -0.0000000 1.7313005
out.194 0.9343466 -1.5713844 1.8916105
residual.4 1.1223775 -2.2436590 1.5601004
5301 1.2260744 0.0000000 2.1315336
5329 1.4195039 -0.0000000 1.4195039
5341 1.2225077 -0.0000000 2.7929389
out.196 1.3403408 -1.9754330 2.5674238
residual.6 1.3083959 -1.8733467 2.0822439
5367 1.4208181 0.0000000 3.2459984
5390 1.3688955 -0.0000000 2.1052809
input0.8 1.6945951 0.0000000 3.2459984
5418 1.4270564 -0.0000000 1.5636777
5430 1.1279680 -0.0000000 2.0042973
out.198 1.2214190 -2.1703513 2.0555146
residual.8 1.1119928 -1.7783197 1.3706377
5456 1.7498901 0.0000000 2.3320477
5479 1.4382566 -0.0000000 2.8751087
input1.3 1.8514416 0.0000000 3.2898445
5507 1.8433414 -0.0000000 1.8433414
5519 1.8292617 -0.0000000 1.8292617
out.1 1.4393313 -2.5575619 2.0135579
residual.1 0.9412642 -1.3684430 0.7506217
5545 2.0651939 0.0000000 2.2017980
5568 1.0361522 -0.0000000 2.3674557
input2.3 1.2869292 0.0000000 2.5726018
5590 13.9401026 -0.0000000 37.1554565
74 13.9401026 -0.0000000 37.1554565
input3.1 4.5457629 0.0000000 6.9911170
5595 20.6569252 -7.9241805 27.5291176
