# genetated time: 2023-03-27 11:28:03.161027
# histogram number: 2048
# sample number: 30
# tune number: 5
###
# op_name    threshold    min    max
data 255.0000000 0.0000000 255.0000000
data_sub1 255.0000000 0.0000000 255.0000000
data_sub2 255.0000000 0.0000000 255.0000000
conv1_1_3x3_s2 46.4541126 0.0000000 72.1292267
conv1_2_3x3 81.1374817 0.0000000 144.1739807
conv1_3_3x3 48.3110035 0.0000000 179.7067566
pool1_3x3_s2 51.6865412 0.0000000 179.7067566
conv2_1_1x1_reduce 22.7680931 0.0000000 45.5139503
conv2_1_3x3 24.4586353 0.0000000 26.0764713
conv2_1_1x1_increase 35.9258345 -43.5419540 36.2446098
conv2_1_1x1_proj 48.1494293 -192.5036774 114.2451935
conv2_1 54.0666782 0.0000000 115.3039474
conv2_2_1x1_reduce 20.7456150 0.0000000 47.3953934
conv2_2_3x3 23.1951466 0.0000000 33.7219200
conv2_2_1x1_increase 39.4921807 -52.8697510 41.3371620
conv2_2 48.1539688 0.0000000 110.0124741
conv2_3_1x1_reduce 19.2790928 0.0000000 28.0286236
conv2_3_3x3 17.4445934 0.0000000 27.8977222
conv2_3_1x1_increase 28.8791275 -25.8393917 28.8791275
conv2_3 50.4709129 0.0000000 115.3057556
conv3_1_1x1_reduce 15.2861242 0.0000000 34.9226532
conv3_1_3x3 13.5588312 0.0000000 15.4882402
conv3_1_1x1_increase 20.2331867 -20.2331867 18.2842464
conv3_1_1x1_proj 29.4838028 -67.3586426 54.5018616
conv3_1 33.0840912 0.0000000 66.1358719
conv3_1_sub4 33.0840912 0.0000000 66.1358719
conv3_2_1x1_reduce 9.6706371 0.0000000 15.4654636
conv3_2_3x3 13.8560181 0.0000000 13.8560181
conv3_2_1x1_increase 20.2750149 -19.6946735 20.2750149
conv3_2 36.2789726 0.0000000 64.4644547
conv3_3_1x1_reduce 7.7923737 0.0000000 11.3288279
conv3_3_3x3 13.1415110 0.0000000 13.1415110
conv3_3_1x1_increase 17.9852180 -17.9852180 10.5854683
conv3_3 31.5424671 0.0000000 63.0541306
conv3_4_1x1_reduce 13.8807501 0.0000000 26.5885887
conv3_4_3x3 10.7892952 0.0000000 15.6858578
conv3_4_1x1_increase 24.1277161 -24.1277161 23.6408939
conv3_4 31.7155053 0.0000000 60.3837967
conv4_1_1x1_reduce 10.3731670 0.0000000 13.8241367
conv4_1_3x3 8.8469706 0.0000000 10.8832626
conv4_1_1x1_increase 14.8330965 -13.4334469 14.8330965
conv4_1_1x1_proj 25.6130772 -40.9609108 39.8173294
conv4_1 21.3427296 0.0000000 37.9241028
conv4_2_1x1_reduce 7.6668549 0.0000000 12.2609777
conv4_2_3x3 9.1563320 0.0000000 11.2638292
conv4_2_1x1_increase 17.3980217 -17.3980217 15.0794058
conv4_2 19.4696102 0.0000000 38.9202080
conv4_3_1x1_reduce 7.7364964 0.0000000 7.7364964
conv4_3_3x3 6.1269083 0.0000000 6.5321779
conv4_3_1x1_increase 14.9316864 -14.9316864 10.1696224
conv4_3 19.5115242 0.0000000 39.0039940
conv4_4_1x1_reduce 7.5000334 0.0000000 9.2263031
conv4_4_3x3 8.4802732 0.0000000 10.4321632
conv4_4_1x1_increase 15.8143730 -15.8143730 10.9184446
conv4_4 21.5145426 0.0000000 39.1017227
conv4_5_1x1_reduce 10.8047075 0.0000000 13.2916079
conv4_5_3x3 5.6274514 0.0000000 11.2494068
conv4_5_1x1_increase 15.6661720 -15.6661720 11.8021612
conv4_5 21.1011411 0.0000000 40.1748924
conv4_6_1x1_reduce 11.2067471 0.0000000 12.8014565
conv4_6_3x3 9.3404350 0.0000000 12.4478321
conv4_6_1x1_increase 14.0179920 -14.0179920 10.1718702
conv4_6 20.5904036 0.0000000 41.6858444
conv5_1_1x1_reduce 8.7105656 0.0000000 17.4126244
conv5_1_3x3 9.2630692 -0.0000000 12.3447285
conv5_1_1x1_increase 26.0121111 -27.0240269 24.6567669
conv5_1_1x1_proj 35.3945045 -62.8928375 56.5259438
conv5_1 34.1052017 0.0000000 54.5416794
conv5_2_1x1_reduce 6.2472854 0.0000000 14.2725372
conv5_2_3x3 7.0032663 -0.0000000 10.1815948
conv5_2_1x1_increase 25.7731911 -27.1275826 26.9280930
conv5_2 30.2828674 0.0000000 48.4289284
conv5_3_1x1_reduce 5.7421532 0.0000000 9.1829586
conv5_3_3x3 5.9305911 -0.0000000 6.7745090
conv5_3_1x1_increase 25.6726084 -28.3221931 17.0688858
conv5_3 25.7156391 0.0000000 41.1249313
conv5_3_pool1 4.3398391 0.0000000 5.7855101
conv5_3_pool1_interp 5.7855101 0.0000000 5.7855101
conv5_3_pool2 6.7625038 0.0000000 11.5093288
conv5_3_pool2_interp 11.5093288 0.0000000 11.5093288
conv5_3_pool3 9.1714326 0.0000000 14.4564915
conv5_3_pool3_interp 14.4564915 0.0000000 14.4564915
conv5_3_pool6 12.0018265 0.0000000 17.1442699
conv5_3_pool6_interp 15.4764028 0.0000000 16.8448963
conv5_3_sum 36.8316593 0.0000000 71.8555222
conv5_4_k1 9.6453238 0.0000000 9.6453238
conv5_4_interp 7.2375269 0.0000000 9.6453238
conv_sub4 8.5068312 -8.6970081 9.7173452
conv3_1_sub2_proj 7.4571189 -10.3707609 9.7240105
sub24_sum 12.2004290 0.0000000 13.9365387
sub24_sum_interp 11.3289690 0.0000000 13.9365387
conv_sub2 11.0954660 -9.5811863 11.3795376
conv1_sub1 46.4594002 0.0000000 92.8734283
conv2_sub1 85.9379578 0.0000000 152.7039948
conv3_sub1 57.7025948 0.0000000 70.9839020
conv3_sub1_proj 15.9485512 -21.2543507 18.2888031
sub12_sum 15.0884552 0.0000000 20.1081181
sub12_sum_interp 13.8310843 0.0000000 20.1081181
conv6_cls 17.1506729 -12.6791220 18.2851200
conv6_interp 17.1506729 -12.6791220 18.2851200
