# genetated time: 2022-09-26 16:01:48.715542
# histogram number: 2048
# sample number: 100
# tune number: 5
###
# op_name    threshold    min    max
data 1.0000000 -1.0000000 0.9921875
conv1_3x3_s2 23.3021673 -0.0000000 25.5350838
conv2_3x3_s1 11.8411703 -0.0000000 23.6707764
conv3_3x3_s1 13.4131155 -0.0000000 21.4505062
pool1_3x3_s2 13.4131155 -0.0000000 21.4505062
conv4_3x3_reduce 13.6773489 -0.0000000 13.8942127
conv4_3x3 11.3483028 -0.0000000 16.4985619
pool2_3x3_s2 13.4116306 -0.0000000 16.4985619
inception_a1_1x1 10.2034502 -0.0000000 13.5979567
inception_a1_5x5_reduce 9.8981562 -0.0000000 15.8293171
inception_a1_5x5 10.0010576 -0.0000000 12.3029842
inception_a1_3x3_reduce 16.2500540 -0.0000000 16.3519039
inception_a1_3x3_1 8.1612214 -0.0000000 20.0805588
inception_a1_3x3_2 9.0599761 -0.0000000 13.6697664
inception_a1_pool 13.1693638 0.0000000 13.2515793
inception_a1_pool_proj 8.9867964 -0.0000000 10.1930866
inception_a1_output 10.2573328 -0.0000000 13.6697664
inception_a2_1x1 10.3027201 -0.0000000 13.7302532
inception_a2_5x5_reduce 8.7823704 -0.0000000 13.2509117
inception_a2_5x5 8.6344919 -0.0000000 12.5531292
inception_a2_3x3_reduce 8.7247009 -0.0000000 12.6842766
inception_a2_3x3_1 8.1694794 -0.0000000 18.6639786
inception_a2_3x3_2 8.0900136 -0.0000000 12.4429016
inception_a2_pool 6.7833700 0.0000000 10.8480921
inception_a2_pool_proj 9.3674183 -0.0000000 10.7003937
inception_a2_output 9.4441605 -0.0000000 13.7302532
inception_a3_1x1 8.0767975 -0.0000000 11.7423325
inception_a3_5x5_reduce 7.2858810 -0.0000000 9.7097645
inception_a3_5x5 7.1498203 -0.0000000 7.1498203
inception_a3_3x3_reduce 8.2661085 -0.0000000 13.2193155
inception_a3_3x3_1 9.7781096 -0.0000000 11.1695251
inception_a3_3x3_2 6.8101716 -0.0000000 10.8909540
inception_a3_pool 6.9778275 0.0000000 10.1446114
inception_a3_pool_proj 6.8017790 -0.0000000 7.7147756
inception_a3_output 7.5625326 -0.0000000 11.7423325
reduction_a_3x3 9.0461063 -0.0000000 10.3333597
reduction_a_3x3_2_reduce 7.6739159 -0.0000000 11.8020325
reduction_a_3x3_2 7.6678324 -0.0000000 10.2187843
reduction_a_3x3_3 7.6351767 -0.0000000 17.4433098
reduction_a_pool 8.0767975 -0.0000000 11.7423325
reduction_a_concat 8.1255834 -0.0000000 17.4433098
inception_b1_1x1_2 8.5726938 -0.0000000 13.7096119
inception_b1_1x7_reduce 11.1354504 -0.0000000 12.7200146
inception_b1_1x7 8.5591545 -0.0000000 11.4066343
inception_b1_7x1 6.7614416 -0.0000000 9.6558332
inception_b1_7x1_reduce 7.0993854 -0.0000000 8.6026411
inception_b1_7x1_2 6.3470434 -0.0000000 10.8564014
inception_b1_1x7_2 8.2594813 -0.0000000 13.2112980
inception_b1_7x1_3 7.5453620 -0.0000000 10.9697132
inception_b1_1x7_3 7.8621659 -0.0000000 8.9809456
inception_b1_pool_ave 5.1342945 0.0000000 8.2108603
inception_b1_1x1 7.4604349 -0.0000000 7.4604349
inception_b1_concat 7.7154241 -0.0000000 13.7096119
inception_b2_1x1_2 8.0169001 -0.0000000 11.6552515
inception_b2_1x7_reduce 7.8999952 -0.0000000 9.8713770
inception_b2_1x7 8.4691753 -0.0000000 13.5440636
inception_b2_7x1 6.8851562 -0.0000000 11.0108709
inception_b2_7x1_reduce 6.4248323 -0.0000000 9.3406477
inception_b2_7x1_2 8.3240547 -0.0000000 8.3240547
inception_b2_1x7_2 6.0832372 -0.0000000 8.8440247
inception_b2_7x1_3 6.5760484 -0.0000000 8.7637835
inception_b2_1x7_3 6.5289235 -0.0000000 8.5247688
inception_b2_pool_ave 3.4255600 0.0000000 6.8477745
inception_b2_1x1 6.6191972 -0.0000000 8.5372677
inception_b2_concat 7.2880907 -0.0000000 11.6552515
inception_b3_1x1_2 9.2972946 -0.0000000 10.6202917
inception_b3_1x7_reduce 8.2024133 -0.0000000 9.4386082
inception_b3_1x7 7.9777575 -0.0000000 15.9477243
inception_b3_7x1 7.5859003 -0.0000000 13.4794598
inception_b3_7x1_reduce 8.2772894 -0.0000000 11.0309963
inception_b3_7x1_2 7.6943626 -0.0000000 10.2541409
inception_b3_1x7_2 6.8236175 -0.0000000 12.1249523
inception_b3_7x1_3 7.2758603 -0.0000000 11.6356926
inception_b3_1x7_3 10.1626596 -0.0000000 10.1626596
inception_b3_pool_ave 3.8012996 0.0000000 7.5988870
inception_b3_1x1 5.9737167 -0.0000000 5.9737167
inception_b3_concat 7.7534880 -0.0000000 13.4794598
inception_b4_1x1_2 7.0739178 -0.0000000 9.1254787
inception_b4_1x7_reduce 7.3000822 -0.0000000 10.6131163
inception_b4_1x7 8.3527672 -0.0000000 14.5213079
inception_b4_7x1 7.0244014 -0.0000000 12.1469479
inception_b4_7x1_reduce 8.6813593 -0.0000000 9.9167089
inception_b4_7x1_2 7.5297327 -0.0000000 9.2628384
inception_b4_1x7_2 7.5592031 -0.0000000 9.2990923
inception_b4_7x1_3 8.8895004 -0.0000000 9.6076069
inception_b4_1x7_3 7.6476583 -0.0000000 8.1535187
inception_b4_pool_ave 3.3632242 0.0000000 5.8469744
inception_b4_1x1 5.7298260 -0.0000000 5.7298260
inception_b4_concat 8.0489107 -0.0000000 12.1469479
reduction_b_3x3_reduce 6.4568865 -0.0000000 10.7579737
reduction_b_3x3 8.9656413 -0.0000000 12.1532793
reduction_b_1x7_reduce 9.7513645 -0.0000000 11.8182611
reduction_b_1x7 8.9683651 -0.0000000 11.2063503
reduction_b_7x1 8.8706684 -0.0000000 12.3926010
reduction_b_3x3_2 10.7287464 -0.0000000 10.7287464
reduction_b_pool 9.1134747 -0.0000000 12.1469479
reduction_b_concat 9.1933297 -0.0000000 12.1532793
inception_c1_1x1_2 7.0439706 -0.0000000 7.0439706
inception_c1_1x3_reduce 8.3018653 -0.0000000 8.5693703
inception_c1_1x3 10.1669359 -0.0000000 10.1669359
inception_c1_3x1 7.6260157 -0.0000000 9.6055470
inception_c1_3x3_reduce 8.7351627 -0.0000000 9.5722046
inception_c1_3x3 9.1065181 -0.0000000 9.2799215
inception_c1_1x3_2 9.7268925 -0.0000000 9.7268925
inception_c1_3x1_2 7.5588150 -0.0000000 9.6735821
inception_c1_pool 4.3412467 0.0000000 10.4418449
inception_c1_1x1 3.6889660 -0.0000000 3.6889660
inception_c1_concat 8.4526623 -0.0000000 10.1669359
inception_c2_1x1_2 11.9512091 -0.0000000 11.9512091
inception_c2_1x3_reduce 12.0112659 -0.0000000 13.5313072
inception_c2_1x3 13.5934062 -0.0000000 23.2510567
inception_c2_3x1 13.6087914 -0.0000000 22.6739349
inception_c2_3x3_reduce 8.6671042 -0.0000000 8.7212124
inception_c2_3x3 17.2539381 -0.0000000 18.4038410
inception_c2_1x3_2 13.8449028 -0.0000000 16.7794647
inception_c2_3x1_2 13.7395680 -0.0000000 16.2220020
inception_c2_pool 9.0240868 -0.0000000 10.1669359
inception_c2_1x1 8.9707184 -0.0000000 8.9707184
inception_c2_concat 15.1171623 -0.0000000 23.2510567
pool_8x8_s1 2.3143406 0.0000000 4.1123743
pool_8x8_s1_drop_reshape 3.6628659 0.0000000 4.1123743
classifier 15.0800180 -2.6711776 15.0800180
prob 0.0624960 0.0000000 0.9994470
