# genetated time: 2022-09-09 11:31:41.156765
# histogram number: 2048
# sample number: 100
# tune number: 5
###
# op_name    threshold    min    max
x 1.0000000 -0.9921875 1.0000000
onnx::Mul_583_Unsqueeze 1.0000000 -0.9921875 1.0000000
onnx::Concat_587_Add 0.4844219 -0.4844219 0.4280000
onnx::Mul_590_Unsqueeze 1.0000000 -0.9921875 1.0000000
onnx::Concat_594_Add 0.5325000 -0.5325000 0.3600000
onnx::Mul_597_Unsqueeze 1.0000000 -0.9921875 1.0000000
onnx::Concat_601_Add 0.6344844 -0.6344844 0.2620000
input_Concat 0.6344844 -0.6344844 0.4280000
onnx::Conv_605_Relu 5.0970711 0.0000000 5.1941280
onnx::Conv_608_Relu 6.4975197 0.0000000 6.6427383
onnx::MaxPool_611_Relu 5.3485758 0.0000000 7.8481307
input.15_MaxPool 5.3982258 0.0000000 7.8481307
onnx::Conv_615_Relu 5.2478814 0.0000000 8.3925104
onnx::MaxPool_618_Relu 6.0652973 0.0000000 8.6222878
input.27_MaxPool 8.0841847 0.0000000 8.6222878
onnx::Concat_622_Relu 10.1011982 0.0000000 10.1011982
onnx::Conv_625_Relu 4.8944234 0.0000000 6.4159870
onnx::Concat_628_Relu 7.1159778 0.0000000 9.4833374
onnx::Conv_631_Relu 6.5783396 0.0000000 9.5638218
onnx::Conv_634_Relu 7.0237999 0.0000000 12.4806585
onnx::Concat_637_Relu 10.6572580 0.0000000 13.1102200
onnx::AveragePool_639_Pad 6.4698753 0.0000000 8.6222878
input.55_AveragePool 6.4155898 0.0000000 6.4155898
onnx::Concat_643_Relu 4.0603304 0.0000000 4.0603304
input.63_Concat 8.1978903 0.0000000 13.1102200
onnx::Concat_647_Relu 8.9248045 0.0000000 9.9817371
onnx::Conv_650_Relu 7.6000366 0.0000000 7.6000366
onnx::Concat_653_Relu 7.4885592 0.0000000 7.4885592
onnx::Conv_656_Relu 6.5903201 0.0000000 6.5903201
onnx::Conv_659_Relu 6.8423157 0.0000000 9.1186333
onnx::Concat_662_Relu 9.0289570 0.0000000 16.4111843
onnx::AveragePool_664_Pad 8.1978903 0.0000000 13.1102200
input.91_AveragePool 6.3558569 0.0000000 9.2403688
onnx::Concat_668_Relu 6.2701168 0.0000000 6.2701168
input.99_Concat 10.8745138 0.0000000 16.4111843
onnx::Concat_672_Relu 8.5415640 0.0000000 8.5415640
onnx::Conv_675_Relu 7.5708122 0.0000000 11.0067139
onnx::Concat_678_Relu 8.3414450 0.0000000 8.8931961
onnx::Conv_681_Relu 8.1759033 0.0000000 10.0577364
onnx::Conv_684_Relu 7.1514063 0.0000000 8.7974339
onnx::Concat_687_Relu 6.4996600 0.0000000 7.5606217
onnx::AveragePool_689_Pad 7.6447894 0.0000000 16.4111843
input.127_AveragePool 5.0710605 0.0000000 5.9637256
onnx::Concat_693_Relu 5.7882085 0.0000000 5.7882085
input.135_Concat 7.4788435 0.0000000 8.8931961
onnx::Concat_697_Relu 8.8426695 0.0000000 8.8426695
onnx::Conv_700_Relu 8.7564385 0.0000000 13.0288420
onnx::Conv_703_Relu 8.3438015 0.0000000 9.8869820
onnx::Concat_706_Relu 12.9132881 0.0000000 18.7737942
onnx::Concat_707_MaxPool 7.7853484 0.0000000 8.8931961
input.155_Concat 7.6301206 0.0000000 18.7737942
onnx::Concat_711_Relu 9.6998510 0.0000000 9.6998510
onnx::Conv_714_Relu 8.7614336 0.0000000 8.7614336
onnx::Conv_717_Relu 10.5831966 0.0000000 10.5831966
onnx::Concat_720_Relu 9.7132587 0.0000000 9.7132587
onnx::Conv_723_Relu 6.8943481 0.0000000 9.1879749
onnx::Conv_726_Relu 7.3016485 0.0000000 7.4406843
onnx::Conv_729_Relu 6.9963517 0.0000000 6.9963517
onnx::Conv_732_Relu 12.8842793 0.0000000 12.8842793
onnx::Concat_735_Relu 11.0499787 0.0000000 21.0382805
onnx::AveragePool_737_Pad 7.0436115 0.0000000 18.7737942
input.195_AveragePool 6.1189852 0.0000000 8.1546631
onnx::Concat_741_Relu 4.9822950 0.0000000 4.9822950
input.203_Concat 15.2540379 0.0000000 21.0382805
onnx::Concat_745_Relu 11.0393934 0.0000000 11.1780958
onnx::Conv_748_Relu 10.2345639 0.0000000 14.2348576
onnx::Conv_751_Relu 10.4293680 0.0000000 10.4293680
onnx::Concat_754_Relu 9.6055298 0.0000000 9.6055298
onnx::Conv_757_Relu 8.3587561 0.0000000 11.1395664
onnx::Conv_760_Relu 12.2012730 0.0000000 12.2012730
onnx::Conv_763_Relu 15.6249428 0.0000000 15.6249428
onnx::Conv_766_Relu 16.2113213 0.0000000 21.6115761
onnx::Concat_769_Relu 10.9219394 0.0000000 23.4462910
onnx::AveragePool_771_Pad 12.3619165 0.0000000 21.0382805
input.243_AveragePool 4.0467760 0.0000000 5.9379597
onnx::Concat_775_Relu 6.9860835 0.0000000 6.9860835
input.251_Concat 17.5864361 0.0000000 23.4462910
onnx::Concat_779_Relu 11.1516609 0.0000000 13.7184191
onnx::Conv_782_Relu 14.2375154 0.0000000 14.2375154
onnx::Conv_785_Relu 10.5502432 0.0000000 15.6978722
onnx::Concat_788_Relu 12.4457455 0.0000000 12.4457455
onnx::Conv_791_Relu 12.4896412 0.0000000 16.6447239
onnx::Conv_794_Relu 11.7135290 0.0000000 16.7301102
onnx::Conv_797_Relu 10.4059258 0.0000000 10.4059258
onnx::Conv_800_Relu 8.5797684 0.0000000 12.7659721
onnx::Concat_803_Relu 8.8497934 0.0000000 9.5657024
onnx::AveragePool_805_Pad 8.7966537 0.0000000 23.4462910
input.291_AveragePool 3.7791252 0.0000000 6.0436478
onnx::Concat_809_Relu 6.5782452 0.0000000 6.5782452
input.299_Concat 10.2938404 0.0000000 13.7184191
onnx::Concat_813_Relu 7.1941662 0.0000000 7.1941662
onnx::Conv_816_Relu 11.7146816 0.0000000 11.7146816
onnx::Conv_819_Relu 10.4814425 0.0000000 16.7621193
onnx::Concat_822_Relu 7.4554648 0.0000000 10.8390179
onnx::Conv_825_Relu 10.2477093 0.0000000 13.6569405
onnx::Conv_828_Relu 8.9339075 0.0000000 11.9060602
onnx::Conv_831_Relu 14.6108046 0.0000000 14.6108046
onnx::Conv_834_Relu 13.7009029 0.0000000 13.7009029
onnx::Concat_837_Relu 6.4152150 0.0000000 14.6561880
onnx::AveragePool_839_Pad 10.2938404 0.0000000 13.7184191
input.339_AveragePool 3.4045976 0.0000000 5.4182401
onnx::Concat_843_Relu 5.0215584 0.0000000 5.6570430
input.347_Concat 6.4152150 0.0000000 14.6561880
onnx::Conv_847_Relu 8.4837885 0.0000000 8.4837885
onnx::Concat_850_Relu 15.7057667 0.0000000 17.9406834
onnx::Conv_853_Relu 9.1567226 0.0000000 12.0033369
onnx::Conv_856_Relu 10.6332932 0.0000000 14.7879276
onnx::Conv_859_Relu 7.6030469 0.0000000 11.0535774
onnx::Concat_862_Relu 11.0041447 0.0000000 11.0041447
onnx::Concat_863_MaxPool 10.9975109 0.0000000 14.6561880
input.375_Concat 7.8520069 0.0000000 17.9406834
onnx::Concat_867_Relu 6.4738793 0.0000000 6.4738793
onnx::Conv_870_Relu 8.6319704 0.0000000 8.6319704
onnx::Concat_873_Relu 10.0198021 0.0000000 10.0198021
onnx::Concat_876_Relu 8.2339659 0.0000000 8.2339659
onnx::Conv_879_Relu 7.9372635 0.0000000 7.9372635
onnx::Conv_882_Relu 9.5906212 0.0000000 9.6507320
onnx::Concat_885_Relu 7.5469000 0.0000000 15.2789078
onnx::Concat_888_Relu 7.5909611 0.0000000 11.1384516
onnx::AveragePool_890_Pad 6.7310429 0.0000000 17.9406834
input.411_AveragePool 4.1494536 0.0000000 11.0598068
onnx::Concat_894_Relu 5.1324124 0.0000000 5.1324124
input.419_Concat 9.5521165 0.0000000 15.2789078
onnx::Concat_898_Relu 12.6936827 0.0000000 12.6936827
onnx::Conv_901_Relu 6.0051928 0.0000000 19.2072353
onnx::Concat_904_Relu 14.5040359 0.0000000 28.9939079
onnx::Concat_907_Relu 14.2404127 0.0000000 32.5336227
onnx::Conv_910_Relu 8.6442191 0.0000000 8.6711178
onnx::Conv_913_Relu 25.3420476 0.0000000 26.2439842
onnx::Concat_916_Relu 18.5048122 0.0000000 19.7288284
onnx::Concat_919_Relu 17.1993351 0.0000000 19.6467857
onnx::AveragePool_921_Pad 8.0249722 0.0000000 15.2789078
input.455_AveragePool 5.0157085 0.0000000 9.6668444
onnx::Concat_925_Relu 9.4951077 0.0000000 9.4951077
input.463_Concat 15.1550732 0.0000000 32.5336227
input.467_GlobalAveragePool 3.7184259 0.0000000 7.5280566
onnx::Gemm_928_Flatten 4.5650105 0.0000000 7.5280566
929_Gemm 19.7555046 -3.7487049 19.7555046
