# genetated time: 2023-06-02 16:02:00.763444
# histogram number: 2048
# sample number: 100
# tune number: 5
###
# op_name    threshold    min    max
data 1.0000000 -1.0000000 0.9921875
conv1_3x3_s2 12.1768449 -0.0000000 22.1308727
conv2_3x3_s1 10.3751383 -0.0000000 23.7030220
conv3_3x3_s1 11.1678801 -0.0000000 17.8598843
inception_stem1_3x3_s2 8.9578121 -0.0000000 12.1931324
inception_stem1_pool 11.1678801 -0.0000000 17.8598843
inception_stem1 11.1678801 -0.0000000 17.8598843
inception_stem2_3x3_reduce 6.3901529 -0.0000000 11.3547249
inception_stem2_3x3 9.6745815 -0.0000000 11.9013634
inception_stem2_1x7_reduce 7.7334700 -0.0000000 11.2431917
inception_stem2_1x7 9.7592888 -0.0000000 14.1883974
inception_stem2_7x1 11.3011341 -0.0000000 16.4299870
inception_stem2_3x3_2 8.9309845 -0.0000000 14.2825985
inception_stem2 9.8240833 -0.0000000 14.2825985
inception_stem3_3x3_s2 8.4621576 -0.0000000 11.7684879
inception_stem3_pool 9.8240833 -0.0000000 14.2825985
inception_stem3 9.8240833 -0.0000000 14.2825985
inception_a1_1x1_2 7.0553546 -0.0000000 14.1038189
inception_a1_3x3_reduce 8.7416172 -0.0000000 11.6497974
inception_a1_3x3 7.0539744 -0.0000000 12.2633533
inception_a1_3x3_2_reduce 9.3083067 -0.0000000 13.5327444
inception_a1_3x3_2 8.1423330 -0.0000000 11.8376102
inception_a1_3x3_3 9.1817198 -0.0000000 14.6835775
inception_a1_pool_ave 7.7776279 0.0000000 9.5677910
inception_a1_1x1 7.1602660 -0.0000000 7.6620216
inception_a1_concat 8.2635479 -0.0000000 14.6835775
inception_a2_1x1_2 8.1510028 -0.0000000 13.9420118
inception_a2_3x3_reduce 7.3511666 -0.0000000 12.1206913
inception_a2_3x3 10.2238636 -0.0000000 14.8638134
inception_a2_3x3_2_reduce 9.3722591 -0.0000000 13.6257200
inception_a2_3x3_2 6.9898667 -0.0000000 10.1621141
inception_a2_3x3_3 11.2170267 -0.0000000 16.3077087
inception_a2_pool_ave 4.4980078 0.0000000 7.1932983
inception_a2_1x1 8.1996431 -0.0000000 8.6020088
inception_a2_concat 10.1972971 -0.0000000 16.3077087
inception_a3_1x1_2 8.9364777 -0.0000000 12.9921656
inception_a3_3x3_reduce 6.2249165 -0.0000000 9.9550037
inception_a3_3x3 10.2618141 -0.0000000 14.9189873
inception_a3_3x3_2_reduce 10.8739452 -0.0000000 19.3220196
inception_a3_3x3_2 13.5335331 -0.0000000 18.0359001
inception_a3_3x3_3 11.6586065 -0.0000000 11.6586065
inception_a3_pool_ave 4.9423749 0.0000000 8.4537640
inception_a3_1x1 6.7399015 -0.0000000 6.7399015
inception_a3_concat 10.2618141 -0.0000000 14.9189873
inception_a4_1x1_2 8.4851818 -0.0000000 12.3360558
inception_a4_3x3_reduce 7.6954590 -0.0000000 13.3785763
inception_a4_3x3 7.9417982 -0.0000000 12.7006721
inception_a4_3x3_2_reduce 9.4934721 -0.0000000 13.8019447
inception_a4_3x3_2 6.8977447 -0.0000000 11.0310020
inception_a4_3x3_3 9.6518106 -0.0000000 11.0252542
inception_a4_pool_ave 5.0304127 0.0000000 11.4924717
inception_a4_1x1 7.4803313 -0.0000000 7.5272155
inception_a4_concat 8.7359781 -0.0000000 12.7006721
reduction_a_3x3 9.2128115 -0.0000000 10.5237865
reduction_a_3x3_2_reduce 7.8951302 -0.0000000 14.0289335
reduction_a_3x3_2 8.3566122 -0.0000000 19.0915012
reduction_a_3x3_3 7.8966360 -0.0000000 21.0474129
reduction_a_pool 8.7359781 -0.0000000 12.7006721
reduction_a_concat 9.2127419 -0.0000000 21.0474129
inception_b1_1x1_2 10.2152443 -0.0000000 10.2152443
inception_b1_1x7_reduce 8.5392690 -0.0000000 14.0796490
inception_b1_1x7 7.8457241 -0.0000000 13.9411440
inception_b1_7x1 7.9481840 -0.0000000 14.1232052
inception_b1_7x1_2_reduce 6.3537016 -0.0000000 14.5156546
inception_b1_7x1_2 10.9413481 -0.0000000 12.4982920
inception_b1_1x7_2 9.7395630 -0.0000000 14.1597195
inception_b1_7x1_3 13.6202908 -0.0000000 14.4257956
inception_b1_1x7_3 11.1372519 -0.0000000 35.6218033
inception_b1_pool_ave 4.7083187 0.0000000 6.2746930
inception_b1_1x1 5.0603547 -0.0000000 5.0603547
inception_b1_concat 8.1293237 -0.0000000 35.6218033
inception_b2_1x1_2 10.5083914 -0.0000000 21.0065212
inception_b2_1x7_reduce 10.0704412 -0.0000000 40.2620964
inception_b2_1x7 16.1458092 -0.0000000 36.8866844
inception_b2_7x1 6.9101792 -0.0000000 40.9351387
inception_b2_7x1_2_reduce 6.9399692 -0.0000000 41.1116104
inception_b2_7x1_2 8.6975983 -0.0000000 38.1119194
inception_b2_1x7_2 7.9688787 -0.0000000 31.8599510
inception_b2_7x1_3 9.9614182 -0.0000000 39.8262177
inception_b2_1x7_3 6.7475958 -0.0000000 35.9696083
inception_b2_pool_ave 4.4352660 0.0000000 10.1328001
inception_b2_1x1 7.8294115 -0.0000000 7.8294115
inception_b2_concat 7.6790876 -0.0000000 40.9351387
inception_b3_1x1_2 13.6533890 -0.0000000 36.3912621
inception_b3_1x7_reduce 10.3975868 -0.0000000 27.7133598
inception_b3_1x7 6.7707105 -0.0000000 9.9348726
inception_b3_7x1 8.0722694 -0.0000000 8.0722694
inception_b3_7x1_2_reduce 14.3053665 -0.0000000 38.1290169
inception_b3_7x1_2 13.1627140 -0.0000000 26.3125744
inception_b3_1x7_2 12.0978727 -0.0000000 21.4968281
inception_b3_7x1_3 13.1541348 -0.0000000 30.0519123
inception_b3_1x7_3 6.4489612 -0.0000000 38.2029343
inception_b3_pool_ave 3.9336209 0.0000000 10.4845333
inception_b3_1x1 9.8746700 -0.0000000 9.8746700
inception_b3_concat 9.5553989 -0.0000000 38.2029343
inception_b4_1x1_2 9.1629734 -0.0000000 36.6339989
inception_b4_1x7_reduce 10.2793598 -0.0000000 27.3982430
inception_b4_1x7 6.4986525 -0.0000000 20.7855339
inception_b4_7x1 5.6791916 -0.0000000 12.9746714
inception_b4_7x1_2_reduce 9.9110632 -0.0000000 31.6999168
inception_b4_7x1_2 7.0893364 -0.0000000 37.7913322
inception_b4_1x7_2 6.7682543 -0.0000000 36.0797310
inception_b4_7x1_3 5.2079639 -0.0000000 41.6433678
inception_b4_1x7_3 6.2771396 -0.0000000 57.3757744
inception_b4_pool_ave 4.2204318 0.0000000 16.8734837
inception_b4_1x1 5.6139303 -0.0000000 11.2245703
inception_b4_concat 7.1754756 -0.0000000 57.3757744
inception_b5_1x1_2 5.2016072 -0.0000000 41.5925407
inception_b5_1x7_reduce 6.4366245 -0.0000000 51.4678535
inception_b5_1x7 6.1174717 -0.0000000 16.3052921
inception_b5_7x1 8.4648285 -0.0000000 10.4131641
inception_b5_7x1_2_reduce 6.7800283 -0.0000000 54.2137413
inception_b5_7x1_2 5.2148409 -0.0000000 27.7989044
inception_b5_1x7_2 5.6725202 -0.0000000 22.6790009
inception_b5_7x1_3 4.7962399 -0.0000000 19.1755924
inception_b5_1x7_3 5.2071870 -0.0000000 18.1046486
inception_b5_pool_ave 3.8637342 0.0000000 10.2982607
inception_b5_1x1 5.3803911 -0.0000000 5.7362814
inception_b5_concat 5.2016072 -0.0000000 41.5925407
inception_b6_1x1_2 5.4080763 -0.0000000 10.8108711
inception_b6_1x7_reduce 8.1737198 -0.0000000 18.1588936
inception_b6_1x7 9.3137712 -0.0000000 13.5406895
inception_b6_7x1 9.8160839 -0.0000000 10.4653769
inception_b6_7x1_2_reduce 5.6444466 -0.0000000 16.2654781
inception_b6_7x1_2 10.3454571 -0.0000000 13.7872086
inception_b6_1x7_2 12.4953451 -0.0000000 12.4953451
inception_b6_7x1_3 7.3182836 -0.0000000 13.0039291
inception_b6_1x7_3 5.3784409 -0.0000000 10.7516289
inception_b6_pool_ave 3.6153574 0.0000000 5.7817473
inception_b6_1x1 4.9997730 -0.0000000 4.9997730
inception_b6_concat 6.7600956 -0.0000000 10.8108711
inception_b7_1x1_2 8.5946732 -0.0000000 8.5946732
inception_b7_1x7_reduce 7.4545503 -0.0000000 11.9214563
inception_b7_1x7 7.4117447 -0.0000000 11.1829014
inception_b7_7x1 9.6492224 -0.0000000 10.2874784
inception_b7_7x1_2_reduce 6.1362562 -0.0000000 9.8132162
inception_b7_7x1_2 10.4454689 -0.0000000 11.1363926
inception_b7_1x7_2 6.9022961 -0.0000000 11.0382814
inception_b7_7x1_3 7.0060518 -0.0000000 10.0051546
inception_b7_1x7_3 5.4679375 -0.0000000 12.4920397
inception_b7_pool_ave 3.3130378 0.0000000 6.3077602
inception_b7_1x1 8.2200871 -0.0000000 8.2200871
inception_b7_concat 7.8113389 -0.0000000 12.4920397
reduction_b_3x3_reduce 7.5142078 -0.0000000 11.5572796
reduction_b_3x3 8.2983837 -0.0000000 16.5886631
reduction_b_1x7_reduce 10.1426439 -0.0000000 13.5169220
reduction_b_1x7 8.8195448 -0.0000000 13.5639429
reduction_b_7x1 6.5676279 -0.0000000 11.6700821
reduction_b_3x3_2 6.8029194 -0.0000000 6.8029194
reduction_b_pool 7.8113389 -0.0000000 12.4920397
reduction_b_concat 8.2983837 -0.0000000 16.5886631
inception_c1_1x1_2 5.4928927 -0.0000000 10.9804211
inception_c1_1x1_3 5.5707674 -0.0000000 9.8987503
inception_c1_1x3 5.6786819 -0.0000000 9.0814543
inception_c1_3x1 8.4026585 -0.0000000 8.4026585
inception_c1_1x1_4 5.4507861 -0.0000000 7.9245448
inception_c1_3x1_2 9.3631773 -0.0000000 9.3631773
inception_c1_1x3_2 8.5456938 -0.0000000 8.9919996
inception_c1_1x3_3 11.1884069 -0.0000000 11.1884069
inception_c1_3x1_3 9.9632034 -0.0000000 9.9632034
inception_c1_pool_ave 3.7948015 0.0000000 8.6695967
inception_c1_1x1 3.6580997 -0.0000000 3.6580997
inception_c1_concat 5.5264281 -0.0000000 11.1884069
inception_c2_1x1_2 6.9555387 -0.0000000 9.2695236
inception_c2_1x1_3 8.4200115 -0.0000000 8.4200115
inception_c2_1x3 6.0464082 -0.0000000 17.4238014
inception_c2_3x1 9.9930687 -0.0000000 10.6540680
inception_c2_1x1_4 6.1084204 -0.0000000 6.1084204
inception_c2_3x1_2 5.1272793 -0.0000000 8.1996412
inception_c2_1x3_2 8.6617575 -0.0000000 15.3911610
inception_c2_1x3_3 5.1826501 -0.0000000 5.1826501
inception_c2_3x1_3 6.0606553 -0.0000000 14.5774765
inception_c2_pool_ave 2.8968010 0.0000000 7.7210312
inception_c2_1x1 4.7211113 -0.0000000 4.7211113
inception_c2_concat 6.6452183 -0.0000000 17.4238014
inception_c3_1x1_2 13.4142494 -0.0000000 16.5017834
inception_c3_1x1_3 10.5316496 -0.0000000 18.7137909
inception_c3_1x3 12.3433897 -0.0000000 35.5696754
inception_c3_3x1 15.3259802 -0.0000000 35.0137062
inception_c3_1x1_4 9.8540363 -0.0000000 9.8540363
inception_c3_3x1_2 7.2285423 -0.0000000 14.4500256
inception_c3_1x3_2 7.1349030 -0.0000000 19.0171165
inception_c3_1x3_3 11.9543083 -0.0000000 13.9056511
inception_c3_3x1_3 14.1425028 -0.0000000 14.1425028
inception_c3_pool_ave 5.3122778 0.0000000 12.3164940
inception_c3_1x1 14.1574278 -0.0000000 17.4160175
inception_c3_concat 12.3433897 -0.0000000 35.5696754
pool_8x8_s1 3.1266939 0.0000000 6.2515554
classifier 11.9927963 -3.3918889 18.4442177
prob 0.0625293 0.0000000 0.9999795
