# genetated time: 2022-12-12 12:05:21.772104
# histogram number: 2048
# sample number: 100
# tune number: 5
###
# op_name    threshold    min    max
data 2.5680201 -2.1025600 2.5680201
conv1/bn 6.8954372 0.0000000 9.1894274
conv2_1/expand/bn 4.1944226 0.0000000 10.3203106
conv2_1/dwise/bn 8.9880379 -0.0000000 16.3397102
conv2_1/linear/bn 15.4462423 -27.4465771 19.8960743
conv2_2/expand/bn 5.7664099 0.0000000 30.7391682
conv2_2/dwise/bn 8.1941457 -0.0000000 22.5980682
conv2_2/linear/bn 11.9702072 -19.1655884 21.2699776
conv3_1/expand/bn 2.6742601 0.0000000 8.5534534
conv3_1/dwise/bn 6.6657467 -0.0000000 17.7666454
conv3_1/linear/bn 9.7026298 -12.8265581 8.9609852
block_3_1 14.2695961 -17.5540047 16.5384960
conv3_2/expand/bn 4.7136703 0.0000000 15.0763798
conv3_2/dwise/bn 7.1498971 -0.0000000 8.7955761
conv3_2/linear/bn 13.1701345 -12.3033257 13.1701345
conv4_1/expand/bn 2.3627992 0.0000000 3.1488607
conv4_1/dwise/bn 4.5812232 -0.0000000 5.1614089
conv4_1/linear/bn 5.7045298 -5.2502351 5.7045298
block_4_1 9.4152241 -10.5911407 13.6881847
conv4_2/expand/bn 2.6844013 0.0000000 2.6844013
conv4_2/dwise/bn 3.8399090 -0.0000000 6.1427741
conv4_2/linear/bn 4.6672525 -4.1153564 4.6672525
block_4_2 12.7232580 -10.0621853 12.7232580
conv4_3/expand/bn 2.9746838 0.0000000 4.3246999
conv4_3/dwise/bn 4.6561675 -0.0000000 8.4623766
conv4_3/linear/bn 6.4596276 -8.1988287 8.6086311
conv4_4/expand/bn 2.3515484 0.0000000 3.4187639
conv4_4/dwise/bn 3.4371686 -0.0000000 7.8525491
conv4_4/linear/bn 5.1064981 -6.4424634 6.8062258
block_4_4 7.4743538 -9.9609394 9.3675938
conv4_5/expand/bn 2.0511577 0.0000000 3.6447220
conv4_5/dwise/bn 3.7094916 -0.0000000 6.4146395
conv4_5/linear/bn 6.0073927 -7.8438096 7.4536700
block_4_5 8.8699045 -11.8207645 10.0778255
conv4_6/expand/bn 1.8403970 0.0000000 3.2702193
conv4_6/dwise/bn 4.2662944 -0.0000000 9.7494888
conv4_6/linear/bn 9.1369267 -12.1766205 8.8069086
block_4_6 12.5740795 -18.2806396 12.9928665
conv4_7/expand/bn 2.7415507 0.0000000 4.8714881
conv4_7/dwise/bn 6.1492878 -0.0000000 10.4656763
conv4_7/linear/bn 8.1594219 -8.1594219 8.0012741
conv5_1/expand/bn 2.1185689 0.0000000 4.2350688
conv5_1/dwise/bn 4.9544679 -0.0000000 7.2055387
conv5_1/linear/bn 5.3702999 -5.6580215 5.8041205
block_5_1 9.9450254 -9.8901091 9.9450254
conv5_2/expand/bn 2.6562812 0.0000000 3.8617952
conv5_2/dwise/bn 3.5284054 -0.0000000 9.7307453
conv5_2/linear/bn 6.6966977 -6.2685318 8.9245701
block_5_2 7.8144324 -12.1334572 11.1952982
conv5_3/expand/bn 2.3077718 0.0000000 4.9541278
conv5_3/dwise/bn 6.8525292 -0.0000000 10.4407349
conv5_3/linear/bn 7.9281836 -7.5890150 7.9281836
conv6_1/expand/bn 1.8018816 0.0000000 3.2017810
conv6_1/dwise/bn 2.7858612 -0.0000000 5.2426181
conv6_1/linear/bn 4.2750721 -4.1408277 4.2750721
block_6_1 8.9129124 -7.3164825 8.9129124
conv6_2/expand/bn 1.8531297 0.0000000 3.2928443
conv6_2/dwise/bn 5.0518033 -0.0000000 5.6128101
conv6_2/linear/bn 6.7844748 -5.3970971 6.7844748
block_6_2 8.7147479 -8.1311426 8.9937429
conv6_3/expand/bn 2.1739116 0.0000000 3.8628445
conv6_3/dwise/bn 4.0430329 -0.0000000 8.0836964
conv6_3/linear/bn 4.6721182 -4.5957961 4.6721182
conv6_4/bn 22.9524021 0.0000000 22.9524021
pool6 7.6872940 0.0000000 8.4239244
fc7 31.4590588 -15.0236425 31.4590588
