# genetated time: 2023-07-27 10:58:15.438819
# histogram number: 2048
# sample number: 100
# tune number: 5
###
# op_name    threshold    min    max
data 0.9999825 -0.9999825 0.9999825
Conv 16.9379444 -0.0000000 22.5728989
conv/depthwise 61.0313881 -0.0000000 103.8670197
conv/project 81.2282234 -147.6286774 107.6214828
conv_1/expand 36.0582047 -0.0000000 115.3299179
conv_1/depthwise 34.9290352 -0.0000000 55.8809967
conv_1/project 54.6590729 -79.4652863 63.4176254
conv_2/expand 17.1190624 -0.0000000 91.2570877
conv_2/depthwise 25.3877373 -0.0000000 50.7506828
conv_2/project 48.9624977 -68.7560120 87.0019379
conv_2 71.4290695 -114.2307129 92.7281876
conv_3/expand 21.8456783 -0.0000000 31.7600155
conv_3/depthwise 15.5972235 -0.0000000 31.5770111
conv_3/project 32.9693069 -32.9693069 31.5268764
conv_4/expand 10.4089260 -0.0000000 18.4957218
conv_4/depthwise 9.4414142 -0.0000000 18.0850372
conv_4/project 31.4068413 -40.4128227 41.8553429
conv_4 31.8681240 -50.9640999 36.1642532
conv_5/expand 9.7770042 -0.0000000 17.3728523
conv_5/depthwise 12.2804467 -0.0000000 28.0637169
conv_5/project 25.3219170 -35.2192726 28.1312027
conv_5 45.7626534 -60.9870796 47.1982079
conv_6/expand 10.6161861 -0.0000000 16.9776039
conv_6/depthwise 9.3998973 -0.0000000 20.0464554
conv_6/project 18.8113365 -19.8951855 21.4881725
conv_7/expand 12.2962751 -0.0000000 14.0460243
conv_7/depthwise 7.6068570 -0.0000000 18.7165527
conv_7/project 12.4471262 -18.5202732 12.8994875
conv_7 23.6167221 -34.3348236 22.3373108
conv_8/expand 9.7992125 -0.0000000 17.4123154
conv_8/depthwise 7.8242846 -0.0000000 20.8545723
conv_8/project 16.5139656 -16.5139656 15.6588383
conv_8 24.7020206 -32.9199448 27.2043152
conv_9/expand 11.1897087 -0.0000000 22.3684902
conv_9/depthwise 5.7832747 -0.0000000 11.5609016
conv_9/project 19.2362309 -21.2186794 17.5742970
conv_9 23.7444611 -34.5205345 29.4310455
conv_10/expand 7.3989415 -0.0000000 19.7208767
conv_10/depthwise 5.9686475 -0.0000000 15.9086218
conv_10/project 9.3910074 -10.4467287 11.5525188
conv_11/expand 11.5537138 -0.0000000 30.7948608
conv_11/depthwise 4.0098423 -0.0000000 12.3338051
conv_11/project 10.7099857 -17.1276093 14.5917816
conv_11 15.0292425 -20.0292053 14.5491428
conv_12/expand 7.0787206 -0.0000000 14.1505280
conv_12/depthwise 5.3265386 -0.0000000 15.3493690
conv_12/project 11.0425816 -19.6216698 16.3256340
conv_12 19.0105705 -27.6382370 21.5807419
conv_13/expand 9.4055099 -0.0000000 15.0414677
conv_13/depthwise 7.6017038 -0.0000000 15.6901312
conv_13/project 8.3054714 -8.2804184 8.3054714
conv_14/expand 6.9966116 -0.0000000 22.3782234
conv_14/depthwise 8.7704623 -0.0000000 10.0226860
conv_14/project 8.2173223 -8.2173223 8.1149855
conv_14 10.8854008 -10.8854008 10.3076000
conv_15/expand 9.8680010 -0.0000000 15.7810926
conv_15/depthwise 6.3847775 -0.0000000 9.2824144
conv_15/project 12.2548742 -15.0755577 14.0890388
conv_15 19.1768074 -17.3891907 19.1768074
conv_16/expand 10.3068714 -0.0000000 10.9886284
conv_16/depthwise 6.6051674 -0.0000000 13.2038841
conv_16/project 9.2906647 -11.4290800 9.8099203
Conv_1 4.8122196 -0.0000000 8.5508804
layer_19_1_2 9.6952991 -0.0000000 14.0953684
layer_19_2_2/depthwise 8.1195277 -0.0000000 13.8183184
layer_19_2_2 8.0557524 -0.0000000 9.7255316
layer_19_1_3 7.3408270 -0.0000000 7.3408270
layer_19_2_3/depthwise 3.6393647 -0.0000000 7.2751756
layer_19_2_3 7.8284597 -0.0000000 7.8284597
layer_19_1_4 6.5325656 -0.0000000 6.5325656
layer_19_2_4/depthwise 5.7361550 -0.0000000 5.7361550
layer_19_2_4 8.4227781 -0.0000000 8.4227781
layer_19_1_5 4.1779323 -0.0000000 4.1779323
layer_19_2_5/depthwise 2.9717646 -0.0000000 2.9717646
layer_19_2_5 9.4645519 -0.0000000 9.4645519
conv_13/expand_mbox_loc/depthwise 9.1563798 -0.0000000 13.0778046
conv_13/expand_mbox_loc 19.0784416 -21.7932873 7.0103698
conv_13/expand_mbox_loc_perm 19.0784416 -21.7932873 7.0103698
conv_13/expand_mbox_loc_flat 19.0784416 -21.7932873 7.0103698
conv_13/expand_mbox_conf/depthwise 9.2808132 -0.0000000 26.5110588
conv_13/expand_mbox_conf 19.1188011 -27.7955875 7.6989670
conv_13/expand_mbox_conf_perm 19.1188011 -27.7955875 7.6989670
conv_13/expand_mbox_conf_flat 19.5526404 -27.7955875 7.6989670
Conv_1_mbox_loc/depthwise 7.0690860 -0.0000000 12.8511715
Conv_1_mbox_loc 7.6525574 -7.6525574 4.5467057
Conv_1_mbox_loc_perm 7.6525574 -7.6525574 4.5467057
Conv_1_mbox_loc_flat 7.6525574 -7.6525574 4.5467057
Conv_1_mbox_conf/depthwise 30.1803884 -0.0000000 77.8762817
Conv_1_mbox_conf 27.2694321 -35.0957260 54.5122337
Conv_1_mbox_conf_perm 27.2694321 -35.0957260 54.5122337
Conv_1_mbox_conf_flat 27.2694321 -35.0957260 54.5122337
layer_19_2_2_mbox_loc/depthwise 7.0512466 -0.0000000 12.5294285
layer_19_2_2_mbox_loc 4.3757801 -4.3757801 3.8759644
layer_19_2_2_mbox_loc_perm 4.3757801 -4.3757801 3.8759644
layer_19_2_2_mbox_loc_flat 4.3757801 -4.3757801 3.8759644
layer_19_2_2_mbox_conf/depthwise 17.8782247 -0.0000000 40.8491211
layer_19_2_2_mbox_conf 22.9591064 -22.9591064 16.6874371
layer_19_2_2_mbox_conf_perm 22.9591064 -22.9591064 16.6874371
layer_19_2_2_mbox_conf_flat 22.9591064 -22.9591064 16.6874371
layer_19_2_3_mbox_loc/depthwise 9.0612974 -0.0000000 10.3507118
layer_19_2_3_mbox_loc 4.0303602 -4.0303602 3.7012386
layer_19_2_3_mbox_loc_perm 4.0303602 -4.0303602 3.7012386
layer_19_2_3_mbox_loc_flat 4.0303602 -4.0303602 3.7012386
layer_19_2_3_mbox_conf/depthwise 24.4921728 -0.0000000 43.5317154
layer_19_2_3_mbox_conf 22.1668797 -22.1668797 8.7221575
layer_19_2_3_mbox_conf_perm 22.1668797 -22.1668797 8.7221575
layer_19_2_3_mbox_conf_flat 22.1668797 -22.1668797 8.7221575
layer_19_2_4_mbox_loc/depthwise 11.3675753 -0.0000000 11.4029484
layer_19_2_4_mbox_loc 3.2204173 -3.2204173 2.3970597
layer_19_2_4_mbox_loc_perm 3.2204173 -3.2204173 2.3970597
layer_19_2_4_mbox_loc_flat 3.2204173 -3.2204173 2.3970597
layer_19_2_4_mbox_conf/depthwise 19.2245922 -0.0000000 19.2245922
layer_19_2_4_mbox_conf 19.1836185 -19.1836185 4.5223241
layer_19_2_4_mbox_conf_perm 19.1836185 -19.1836185 4.5223241
layer_19_2_4_mbox_conf_flat 19.1836185 -19.1836185 4.5223241
layer_19_2_5_mbox_loc/depthwise/3 10.4000731 -0.0000000 10.4000731
layer_19_2_5_mbox_loc 3.3371503 -2.6398711 3.3371503
layer_19_2_5_mbox_loc_flat 3.3371503 -2.6398711 3.3371503
layer_19_2_5_mbox_conf/depthwise 30.9572487 -0.0000000 30.9572487
layer_19_2_5_mbox_conf 20.5611267 -20.5611267 3.5915945
layer_19_2_5_mbox_conf_flat 20.5611267 -20.5611267 3.5915945
mbox_loc 19.2141839 -21.7932873 7.0103698
mbox_conf 27.2694321 -35.0957260 54.5122337
mbox_conf_reshape 27.2694321 -35.0957260 54.5122337
mbox_conf_sigmoid 1.0000000 0.0000000 1.0000000
mbox_conf_flatten 1.0000000 0.0000000 1.0000000
detection_out 5.4401565 -1.0000000 87.0000000
