# genetated time: 2023-04-11 10:41:58.061582
# histogram number: 2048
# sample number: 100
# tune number: 5
###
# op_name    threshold    min    max
data 2.5680201 -2.1025600 2.5680201
conv1/bn 6.6787051 -0.0000000 9.2882051
conv2_1/expand/bn 4.7087556 -0.0000000 10.7588158
conv2_1/dwise/bn 9.6906041 -0.0000000 16.4927597
conv2_1/linear/bn 15.2257233 -30.4365768 23.2235413
conv2_2/expand/bn 6.4269609 -0.0000000 34.2603912
conv2_2/dwise/bn 9.2022458 -0.0000000 29.7371502
conv2_2/linear/bn 13.2601871 -21.9779758 26.5074253
conv3_1/expand/bn 3.1258912 -0.0000000 12.4974594
conv3_1/dwise/bn 5.2744734 -0.0000000 23.1121635
conv3_1/linear/bn 9.4897884 -16.4980221 10.3650694
block_3_1 16.7806149 -17.8905830 17.5606918
conv3_2/expand/bn 4.7436743 -0.0000000 15.1723452
conv3_2/dwise/bn 6.9259186 -0.0000000 10.0691442
conv3_2/linear/bn 13.2751274 -13.2751274 10.9979696
conv4_1/expand/bn 2.3884122 -0.0000000 4.2439928
conv4_1/dwise/bn 5.3879303 -0.0000000 6.7080822
conv4_1/linear/bn 6.1740532 -5.2101831 6.1740532
block_4_1 15.2742491 -15.2742491 11.2877083
conv4_2/expand/bn 2.2222121 -0.0000000 3.2307301
conv4_2/dwise/bn 3.4563033 -0.0000000 6.6205521
conv4_2/linear/bn 5.1633873 -5.1633873 4.5495238
block_4_2 9.9758358 -17.7261600 10.5993299
conv4_3/expand/bn 2.9538016 -0.0000000 6.7482495
conv4_3/dwise/bn 4.7033440 -0.0000000 11.5725040
conv4_3/linear/bn 6.1627526 -8.9596262 7.9671755
conv4_4/expand/bn 2.3925285 -0.0000000 3.1884806
conv4_4/dwise/bn 3.8753273 -0.0000000 6.1987066
conv4_4/linear/bn 5.1090336 -6.0173616 8.1704626
block_4_4 9.7357063 -11.1210880 9.4824781
conv4_5/expand/bn 1.9761249 -0.0000000 3.5113955
conv4_5/dwise/bn 3.8123307 -0.0000000 6.5924740
conv4_5/linear/bn 6.1400883 -9.4430962 7.7924333
block_4_5 8.4596052 -10.6857128 11.2739658
conv4_6/expand/bn 1.9095432 -0.0000000 3.0537772
conv4_6/dwise/bn 3.9246224 -0.0000000 8.7190170
conv4_6/linear/bn 7.2906762 -11.2134752 10.8249035
block_4_6 10.4778175 -16.7563210 15.8220577
conv4_7/expand/bn 2.6669563 -0.0000000 5.0776725
conv4_7/dwise/bn 7.1079016 -0.0000000 11.3715315
conv4_7/linear/bn 7.9145622 -7.9145622 7.0197372
conv5_1/expand/bn 2.2236826 -0.0000000 3.9512835
conv5_1/dwise/bn 3.3432320 -0.0000000 8.0413561
conv5_1/linear/bn 5.9263668 -5.4454279 5.9263668
block_5_1 8.2970619 -8.2970619 8.2362776
conv5_2/expand/bn 2.1489990 -0.0000000 3.4367194
conv5_2/dwise/bn 3.6503709 -0.0000000 6.4880691
conv5_2/linear/bn 8.1272583 -5.9550858 8.1272583
block_5_2 8.6045761 -11.4671669 9.1888390
conv5_3/expand/bn 2.8332604 -0.0000000 4.8994164
conv5_3/dwise/bn 5.6548642 -0.0000000 10.8986979
conv5_3/linear/bn 6.4633255 -5.9440136 6.4633255
conv6_1/expand/bn 1.7865279 -0.0000000 2.8570490
conv6_1/dwise/bn 2.4821971 -0.0000000 5.2935953
conv6_1/linear/bn 4.3081307 -4.3081307 3.8700340
block_6_1 6.8844314 -6.4804745 6.8844314
conv6_2/expand/bn 1.6980624 -0.0000000 3.3944666
conv6_2/dwise/bn 3.0508817 -0.0000000 5.8439665
conv6_2/linear/bn 6.5689797 -6.5282121 6.5689797
block_6_2 8.9200554 -7.5634408 8.9200554
conv6_3/expand/bn 2.0560517 -0.0000000 3.2880764
conv6_3/dwise/bn 4.8309212 -0.0000000 7.9665637
conv6_3/linear/bn 4.9176626 -4.8955350 4.9176626
conv6_4/bn 19.5907784 -0.0000000 26.1082840
pool6 5.2902905 0.0000000 10.0722914
fc7 30.4344788 -15.5925722 30.4344788
prob 0.0625305 0.0000000 1.0000000
