# genetated time: 2022-09-25 20:18:47.206852
# histogram number: 2048
# sample number: 100
# tune number: 5
###
# op_name    threshold    min    max
data 2.5680201 -2.1025600 2.5680201
conv1/bn 6.3887606 0.0000000 9.2882051
conv2_1/expand/bn 4.0365267 0.0000000 10.7588148
conv2_1/dwise/bn 9.0722263 -0.0000000 16.4927597
conv2_1/linear/bn 15.2257233 -30.4365768 23.2235413
conv2_2/expand/bn 34.2603912 0.0000000 34.2603912
conv2_2/dwise/bn 6.7863753 -0.0000000 29.7371521
conv2_2/linear/bn 13.2601891 -21.9779758 26.5074291
conv3_1/expand/bn 3.1258914 0.0000000 12.4974604
conv3_1/dwise/bn 4.3356481 -0.0000000 23.1121655
conv3_1/linear/bn 8.2530422 -16.4980240 10.3650694
block_3_1 16.7806149 -17.8905830 17.5606918
conv3_2/expand/bn 4.7436733 0.0000000 15.1723433
conv3_2/dwise/bn 9.5976594 -0.0000000 10.0691433
conv3_2/linear/bn 13.2751255 -13.2751255 10.9979706
conv4_1/expand/bn 2.3884122 0.0000000 4.2439928
conv4_1/dwise/bn 4.2563721 -0.0000000 6.7080832
conv4_1/linear/bn 6.1740541 -5.2101827 6.1740541
block_4_1 15.2742529 -15.2742529 11.2877092
conv4_2/expand/bn 2.2222116 0.0000000 3.2307293
conv4_2/dwise/bn 3.0840380 -0.0000000 6.6205506
conv4_2/linear/bn 5.1633854 -5.1633854 4.5495248
block_4_2 9.9758396 -17.7261658 10.5993319
conv4_3/expand/bn 2.9538009 0.0000000 6.7482481
conv4_3/dwise/bn 4.3418093 -0.0000000 11.5725040
conv4_3/linear/bn 6.1627531 -8.9596272 7.9671745
conv4_4/expand/bn 2.3925290 0.0000000 3.1884811
conv4_4/dwise/bn 3.8753267 -0.0000000 6.1987057
conv4_4/linear/bn 5.1090345 -6.0173602 8.1704645
block_4_4 9.7357063 -11.1210880 9.4824810
conv4_5/expand/bn 1.9761248 0.0000000 3.5113952
conv4_5/dwise/bn 3.8123301 -0.0000000 6.5924730
conv4_5/linear/bn 5.5207723 -9.4430923 7.7924333
block_4_5 8.4596043 -10.6857128 11.2739649
conv4_6/expand/bn 1.9095428 0.0000000 3.0537767
conv4_6/dwise/bn 3.9246230 -0.0000000 8.7190180
conv4_6/linear/bn 6.7302768 -11.2134762 10.8249025
block_4_6 10.4778147 -16.7563171 15.8220577
conv4_7/expand/bn 2.5400758 0.0000000 5.0776711
conv4_7/dwise/bn 6.2551766 -0.0000000 11.3715334
conv4_7/linear/bn 7.9145594 -7.9145594 7.0197401
conv5_1/expand/bn 2.2236834 0.0000000 3.9512844
conv5_1/dwise/bn 3.0668703 -0.0000000 8.0413523
conv5_1/linear/bn 5.9263639 -5.4454269 5.9263639
block_5_1 8.2970600 -8.2970600 8.2362785
conv5_2/expand/bn 2.1489987 0.0000000 3.4367192
conv5_2/dwise/bn 3.4476769 -0.0000000 6.4880667
conv5_2/linear/bn 8.1272564 -5.9550810 8.1272564
block_5_2 8.6045780 -11.4671688 9.1888418
conv5_3/expand/bn 2.1445417 0.0000000 4.8994164
conv5_3/dwise/bn 4.9057468 -0.0000000 10.8987017
conv5_3/linear/bn 6.4633307 -5.9440155 6.4633307
conv6_1/expand/bn 1.7865276 0.0000000 2.8570485
conv6_1/dwise/bn 2.6475727 -0.0000000 5.2935939
conv6_1/linear/bn 4.3081284 -4.3081284 3.8700328
block_6_1 6.8844323 -6.4804745 6.8844323
conv6_2/expand/bn 1.6980628 0.0000000 3.3944674
conv6_2/dwise/bn 2.8865828 -0.0000000 5.8439670
conv6_2/linear/bn 6.5689826 -6.5282183 6.5689826
block_6_2 8.9200478 -7.5634384 8.9200478
conv6_3/expand/bn 2.7952673 0.0000000 3.2880774
conv6_3/dwise/bn 5.2788720 -0.0000000 7.9665666
conv6_3/linear/bn 4.9176612 -4.8955350 4.9176612
conv6_4/bn 24.1530342 0.0000000 26.1082859
pool6 5.0386081 0.0000000 10.0722952
fc7 30.4344826 -15.5925751 30.4344826
prob 0.0625305 0.0000000 1.0000000
