# genetated time: 2023-07-27 10:42:58.336626
# histogram number: 2048
# sample number: 100
# tune number: 5
###
# op_name    threshold    min    max
input 1.1879792 -0.9699830 1.1879792
1321_Relu 47.1675995 -0.0000000 67.9704895
1322_Conv 48.8357779 -117.4629440 60.2574463
1324_Relu 33.9113731 0.0000000 60.2574463
1325_Conv 38.2654999 -76.5085754 69.7962723
1328_Relu 43.9188194 -0.0000000 78.0397797
1329_Conv 59.6444931 -103.1402588 99.0842972
1330_Conv 45.8812981 -104.8203278 62.9763947
1333_Conv 57.4686066 -75.9114380 79.2603683
1336_Relu 31.7968960 -0.0000000 50.8601265
1337_Conv 43.6757952 -84.1769638 26.7708569
1338_Conv 44.6520347 -71.8352737 85.0139160
1340_Add 57.7207680 -102.5645981 84.7689819
1341_MaxPool 56.8707247 -39.1909447 60.2574463
1343_Conv 57.7804016 -78.1298523 98.3342896
1346_Relu 51.9356747 -0.0000000 83.0727310
1347_Conv 67.6281887 -129.5418549 116.1413116
1348_Conv 54.7479597 -134.7064972 62.2761497
1350_Add 86.6073990 -125.9128876 71.8905106
1352_AveragePool 56.3743286 -56.3743286 32.4489517
1354_Conv 51.2410059 -81.9615860 75.5751495
1357_Relu 35.1410942 -0.0000000 40.1416397
1358_Conv 34.0575123 -39.6191711 56.1544342
1359_Conv 65.3914719 -104.5752716 101.2581329
1361_Add_move_ahead_relu 67.5528107 0.0000000 108.0317230
1363_AveragePool 48.3585445 -52.9924736 43.2289581
1364_Add_move_ahead_relu 54.1383588 0.0000000 76.9618530
1365_Relu 53.0064964 0.0000000 84.7689819
1366_Conv 30.5138321 -54.2203217 46.4415245
1369_Relu 27.1346855 -0.0000000 27.1346855
1370_Conv 16.3485096 -22.0486069 22.7361908
1371_Conv 30.0482788 -19.3872585 30.0482788
1374_Add_move_ahead_relu 54.1423828 0.0000000 63.9247055
1350_Add_move_ahead_relu 53.0311050 0.0000000 71.8905106
1375_Concat_relu 56.7417216 0.0000000 108.0317230
1377_Conv 32.7726288 -58.2340012 28.0907516
1381_AveragePool 38.5940552 0.0000000 56.1093941
1382_Conv 32.7961159 -65.5602036 45.0330620
1383_Pad 44.1957581 -0.0000000 67.9704895
1393_Slice 45.6816788 -0.0000000 67.9704895
1395_AveragePool 40.8077631 0.0000000 58.0113831
1396_Conv 31.9856269 -30.3912277 37.7647171
1397_Concat 32.7961159 -65.5602036 45.0330620
1418_Relu 28.9448166 0.0000000 42.0809937
1399_Relu 28.0907516 0.0000000 28.0907516
1401_Conv 16.6601120 -20.7148781 23.1695423
1402_Conv 14.8489780 -15.2861652 19.7889709
1412_Slice 19.7889709 -15.2861652 19.7889709
1414_Relu 15.8429384 0.0000000 28.1514721
1415_Conv 10.3821373 -11.7858677 15.0939169
1416_Conv 37.4638596 -37.4638596 22.8676262
1420_Conv 22.5034180 -51.4112701 35.3691978
1421_Conv 17.4349861 -25.0660286 25.3475971
1431_Slice 23.7749805 -25.0660286 25.3475971
1433_Relu 13.9831409 0.0000000 24.8467789
1434_Conv 8.7558231 -17.5030956 11.9870663
1435_Conv 24.5331703 -44.5918999 40.9268837
1437_Add 34.6373634 -46.1606026 40.4994583
1439_MaxPool 28.0907516 -26.0080376 28.0907516
1449_Slice 28.0907516 -23.6229286 28.0907516
1452_Conv 27.1337776 -20.4898491 30.9948902
1453_Conv 16.1403465 -19.8553429 17.7844830
1463_Slice 16.1403465 -19.8553429 17.7844830
1465_Relu 45.8672523 0.0000000 45.8672523
1466_Conv 41.3815460 -19.5627480 48.1500778
1467_Conv 31.5883839 -36.4772491 44.1299591
1469_Add 49.1137085 -36.3618317 49.1137085
1472_AveragePool 19.9784126 -35.4998360 17.0848122
1482_Slice 25.4109108 -35.4998360 17.0848122
1485_Conv 24.8736420 -44.1982155 39.8281326
1486_Conv 29.7831421 -47.6297569 46.9575119
1496_Slice 29.7831421 -47.6297569 46.9575119
1498_Relu 34.9928246 0.0000000 50.8738022
1499_Conv 27.7398510 -55.4526138 44.7301788
1500_Conv 50.6098747 -101.1703262 51.0328178
1502_Add_move_ahead_relu 36.1769943 0.0000000 52.5953903
1504_AveragePool 33.5475426 -33.5475426 23.7594833
1505_Add_move_ahead_relu 45.5747681 0.0000000 45.5747681
1506_Relu 38.1124231 0.0000000 40.4994583
1508_Conv 12.8663740 -13.1957798 14.6972475
1509_Conv 7.9143584 -4.4168949 8.5559502
1519_Slice 7.5935625 -4.4168949 8.5559502
1521_Relu 9.8595994 0.0000000 12.7202597
1522_Conv 9.7887812 -7.2950692 9.7887812
1523_Conv 15.0436211 -12.3764429 15.0436211
1537_Add_move_ahead_relu 29.6300011 0.0000000 29.6300011
1469_Add_move_ahead_relu 49.1137085 0.0000000 49.1137085
1538_Concat_relu 49.3322639 0.0000000 52.5953903
1541_AveragePool 56.5831833 0.0000000 82.2626266
1542_Conv 92.0152359 -122.6270752 61.8809853
1543_Pad 54.0422478 0.0000000 108.0317230
1553_Slice 54.0422478 0.0000000 108.0317230
1555_AveragePool 50.3745422 0.0000000 100.6998901
1556_Conv 83.3658905 -121.2002640 74.9933014
1557_Concat 92.0152359 -122.6270752 74.9933014
1558_BatchNormalization 36.1205330 -57.7646370 24.4679432
1560_Conv 30.4929161 -30.4929161 26.9250412
1562_Relu 26.9250412 0.0000000 26.9250412
1563_Conv 8.4509172 -11.2623882 9.7744389
1566_Relu 14.3225565 -0.0000000 22.9048996
1567_Conv 6.3046584 -11.4584351 8.9743452
1568_Conv 23.2950611 -34.6610870 16.7327023
1570_Relu 18.3599224 0.0000000 24.4679432
1571_Conv 8.0731295 -10.5879221 10.7603178
1574_Relu 17.1435966 -0.0000000 21.0895081
1575_Conv 9.2869215 -11.9814253 10.1228666
1576_Conv 32.6260529 -43.4801636 33.6263924
1578_Add_move_ahead_relu 25.6426430 0.0000000 34.1734962
1580_Conv 16.1937866 -21.2552338 25.8974075
1583_Relu 13.2323751 -0.0000000 19.2376938
1584_Conv 7.8477158 -11.7089872 17.9308777
1585_Conv 34.2310181 -36.4952545 30.1180553
1588_Conv 8.4819192 -13.4985332 11.7410383
1591_Relu 21.4675865 -0.0000000 21.4675865
1592_Conv 6.8421459 -11.7032566 10.7864685
1593_Conv 38.2519379 -67.9702454 30.9938354
1595_Add_move_ahead_relu 34.1913795 0.0000000 34.1913795
1597_AveragePool 21.6240005 -20.4375629 21.6240005
1598_Add_move_ahead_relu 30.9252052 0.0000000 30.9252052
1600_AveragePool 25.8916645 -37.6422119 13.8615198
1603_Add_move_ahead_relu 23.8327408 0.0000000 27.7230396
1605_Conv 8.8555660 -10.2895927 10.8938370
1608_Relu 16.8476982 -0.0000000 16.8476982
1609_Conv 6.5205809 -9.3131657 8.1285954
1610_Conv 31.9920502 -31.9920502 23.9032936
1612_Add_move_ahead_relu 27.8593559 0.0000000 27.8593559
1613_Concat_relu 27.7940674 0.0000000 34.1913795
1615_Conv 24.2716312 -38.8156471 19.1164131
1618_Conv 36.1816101 -36.1816101 35.6746025
1620_Relu 24.5382729 0.0000000 35.6746025
1621_Conv 12.4044209 -16.5311527 16.2199497
1624_Relu 16.9896736 -0.0000000 16.9896736
1625_Conv 8.9117993 -11.3971863 12.3938122
1626_Conv 28.5789528 -38.0866661 22.0556164
1628_Relu 19.1164131 0.0000000 19.1164131
1629_Conv 5.0756681 -7.8060803 5.6183901
1632_Relu 15.1280460 -0.0000000 15.1280460
1633_Conv 5.1626752 -6.8248868 6.5448442
1634_Conv 23.9427834 -38.2897491 38.1806870
1636_Add_move_ahead_relu 32.1331329 0.0000000 34.2586060
1638_Conv 6.1749425 -8.9773483 8.3872824
1641_Relu 16.5105324 -0.0000000 16.5105324
1642_Conv 9.2050182 -13.5068073 11.6261978
1643_Conv 31.7675190 -31.7675190 24.4170551
1646_Conv 4.6162895 -6.4491005 5.5638657
1649_Relu 12.7472582 -0.0000000 15.6812725
1650_Conv 6.0143528 -7.9763956 8.0152216
1651_Conv 28.6169567 -41.6043396 29.0693855
1653_Add_move_ahead_relu 34.6221886 0.0000000 34.6221886
1655_AveragePool 23.0817337 -23.0817337 15.5064039
1656_Add_move_ahead_relu 22.6939774 0.0000000 22.6939774
1658_AveragePool 16.9651890 -30.1456089 12.5512629
1661_Add_move_ahead_relu 22.5959515 0.0000000 25.1025257
1663_Conv 13.0070944 -16.0009155 15.2466736
1666_Relu 16.1096363 -0.0000000 16.1096363
1667_Conv 6.6225839 -6.1143875 10.5909605
1668_Conv 24.2878609 -32.3680038 24.7459240
1670_Add_move_ahead_relu 29.1186447 0.0000000 46.5670853
1671_Concat_relu 26.2067814 0.0000000 46.5670853
1673_Conv 32.3395309 -34.4786568 22.4591217
1676_Conv 26.1446667 -32.1623383 24.4447098
1678_Relu 19.8710289 0.0000000 24.4447098
1679_Conv 10.9005718 -13.1013918 13.4095373
1682_Relu 12.4968424 -0.0000000 14.2751322
1683_Conv 5.5770168 -8.6674690 8.9188700
1684_Conv 28.7144966 -30.4126740 28.9603004
1686_Relu 19.6613312 0.0000000 22.4591217
1687_Conv 5.6592653 -8.3124304 8.5387459
1690_Relu 12.7789749 -0.0000000 17.0325317
1691_Conv 7.1068382 -8.5699053 8.7426071
1692_Conv 42.4576721 -48.4993629 44.2975540
1694_Add_move_ahead_relu 50.7994919 0.0000000 50.7994919
1696_Conv 7.5514193 -10.5029764 9.3983727
1699_Relu 18.7226562 -0.0000000 23.0320187
1700_Conv 10.8883913 -14.6587086 15.2114229
1701_Conv 26.6520422 -27.6888523 23.8996830
1704_Conv 5.5948649 -7.6449718 8.4415779
1707_Relu 19.2567635 -0.0000000 19.2567635
1708_Conv 5.1194694 -10.3645077 7.6228595
1709_Conv 27.9061127 -37.1899796 37.0316162
1711_Add_move_ahead_relu 38.2856369 0.0000000 38.2856369
1713_AveragePool 19.1054478 -20.3691940 13.8429317
1714_Add_move_ahead_relu 24.2804279 0.0000000 24.2804279
1716_AveragePool 16.4986744 -20.2961464 17.3211117
1719_Add_move_ahead_relu 34.6422234 0.0000000 34.6422234
1721_Conv 7.9508245 -10.4225531 10.3061190
1724_Relu 12.5964088 -0.0000000 16.7870102
1725_Conv 4.7435874 -7.0195403 7.5491729
1726_Conv 23.5142498 -31.1983032 34.1858444
1728_Add_move_ahead_relu 27.5711427 0.0000000 32.7852249
1729_Concat_relu 29.6992154 0.0000000 50.7994919
1731_Conv 16.3534870 -23.7752762 19.3908691
1734_Conv 41.1310120 -41.1310120 34.1003647
1736_Relu 29.8523960 0.0000000 34.1003647
1737_Conv 13.0414113 -14.5921535 16.5539761
1740_Relu 17.3221416 -0.0000000 18.4679298
1741_Conv 5.9239355 -9.8143730 10.2987776
1742_Conv 23.5272903 -34.2048035 29.2698727
1744_Relu 15.0343171 0.0000000 19.3908691
1745_Conv 7.7843123 -8.0229445 12.2681503
1748_Relu 14.9786539 -0.0000000 17.1101036
1749_Conv 4.5445795 -6.6070695 6.5539379
1750_Conv 23.3940029 -34.0110245 24.0512142
1752_Add_move_ahead_relu 28.5115833 0.0000000 28.5115833
1754_Conv 9.2820112 -12.1675749 11.5024157
1757_Relu 8.0945921 -0.0000000 14.3833599
1758_Conv 5.9213123 -7.3003712 9.4694738
1759_Conv 17.7934666 -25.8687687 20.6649628
1762_Conv 6.1563979 -9.0334730 8.0894327
1765_Relu 12.3790053 -0.0000000 18.6775436
1766_Conv 4.5944471 -5.7986522 6.1229386
1767_Conv 28.2448654 -32.2640839 24.1304665
1769_Add_move_ahead_relu 21.9473864 0.0000000 28.0842037
1771_AveragePool 22.7418308 -36.3691597 20.1385155
1772_Add_move_ahead_relu 22.1665894 0.0000000 24.6255341
1774_AveragePool 16.1127567 -17.1785488 9.0021935
1777_Add_move_ahead_relu 18.0043869 0.0000000 18.0043869
1779_Conv 9.2244320 -16.3909836 12.1985674
1782_Relu 17.3317520 -0.0000000 24.7544632
1783_Conv 6.8988571 -8.6834087 10.8726645
1784_Conv 32.6704597 -37.3194389 17.6974392
1786_Add_move_ahead_relu 24.5709572 0.0000000 43.6603737
1787_Concat_relu 27.3010635 0.0000000 43.6603737
1813_Relu 26.5508118 -0.0000000 44.2369461
1792_Conv 17.4688377 -18.5110703 21.4896088
1794_Relu 17.4688377 0.0000000 21.4896088
1796_Conv 7.1074078 -10.7260866 8.0219879
1797_Conv 10.4212408 -15.1507673 5.5163827
1807_Slice 10.4212408 -15.1507673 5.5163827
1809_Relu 13.7835102 0.0000000 24.4920540
1810_Conv 6.6665676 -10.1651182 13.4966507
1811_Conv 25.4272770 -29.4740143 27.1672268
1815_Conv 16.5935587 -21.4059830 19.2621803
1816_Conv 15.3245974 -16.3382549 15.4625931
1826_Slice 15.3245974 -16.3382549 13.6911125
1828_Relu 18.2009239 0.0000000 22.3901978
1829_Conv 8.9376911 -17.0166531 12.1952543
1830_Conv 27.0524025 -54.0783882 35.4761086
1832_Add 36.6621895 -53.3007812 36.6094551
1834_MaxPool 21.4896088 -16.6578369 21.4896088
1844_Slice 21.4896088 -14.8752069 21.4896088
1847_Conv 19.3880163 -22.8074646 22.0429459
1848_Conv 12.1089392 -14.1552906 16.1373692
1858_Slice 12.1089392 -14.1552906 16.1373692
1860_Relu 24.0996628 0.0000000 24.0996628
1861_Conv 10.6609225 -12.5526295 15.3628359
1862_Conv 22.2476234 -35.5788193 17.9735413
1864_Add 22.5016689 -35.9850922 31.1013050
1867_AveragePool 15.5608740 -15.5608740 7.6324921
1877_Slice 15.5608740 -15.5608740 7.6324921
1880_Conv 24.1890881 -33.3580780 26.3778038
1881_Conv 19.9408073 -26.5747623 22.3594398
1891_Slice 26.5747623 -26.5747623 22.3594398
1893_Relu 27.1851578 0.0000000 33.4423180
1894_Conv 13.2085402 -17.3905010 15.5805044
1895_Conv 46.2579041 -52.8403625 46.6538467
1897_Add_move_ahead_relu 31.8622742 0.0000000 42.4622879
1899_AveragePool 24.7950974 -26.4351902 20.2424698
1900_Add_move_ahead_relu 27.5742569 0.0000000 27.5742569
1901_Relu 22.8920860 0.0000000 36.6094551
1903_Conv 13.8348215 -15.5224113 20.0289116
1904_Conv 8.9150647 -10.3720694 8.1923361
1914_Slice 7.1342812 -10.3720694 8.1923361
1916_Relu 16.0013561 0.0000000 19.6843605
1917_Conv 5.8297635 -6.4426632 9.1877632
1918_Conv 19.9376373 -35.4273796 30.0631332
1932_Add_move_ahead_relu 28.4082779 0.0000000 33.4167023
1864_Add_move_ahead_relu 31.1013050 0.0000000 31.1013050
1933_Concat_relu 31.8622742 0.0000000 42.4622879
1936_AveragePool 25.9903908 0.0000000 41.5643196
1937_Conv 25.5944748 -20.8851013 25.5944748
1938_Pad 27.3010635 0.0000000 43.6603737
1948_Slice 27.3010635 0.0000000 43.6603737
1950_AveragePool 25.0372410 0.0000000 36.4000244
1951_Conv 31.3079338 -27.2647362 31.3079338
1952_Concat 31.3079338 -27.2647362 31.3079338
1953_BatchNormalization 19.9226494 -28.9642506 17.0370255
1955_Conv 23.4295940 -34.0627708 31.3895607
1957_Relu 31.3895607 0.0000000 31.3895607
1958_Conv 11.1845543 -17.3662395 15.9362144
1961_Relu 17.6632366 -0.0000000 17.6632366
1962_Conv 12.9881315 -8.1914530 17.3158169
1963_Conv 39.3979454 -57.2781219 56.1402435
1965_Relu 17.0370255 0.0000000 17.0370255
1966_Conv 3.4767859 -9.2669020 5.1277304
1969_Relu 10.0224524 -0.0000000 13.3567448
1970_Conv 2.7501800 -3.5928121 5.4976745
1971_Conv 28.5443783 -28.5443783 16.5865746
1973_Add_move_ahead_relu 41.8254013 0.0000000 55.7399750
1975_Conv 5.4021854 -8.6392765 6.5933671
1978_Relu 11.2342672 -0.0000000 11.2342672
1979_Conv 3.7829271 -5.6639113 6.4705677
1980_Conv 14.0556345 -17.2907944 12.2230692
1983_Conv 3.0793600 -4.0366621 3.9149868
1986_Relu 9.4118385 -0.0000000 9.4118385
1987_Conv 2.5489021 -3.1602843 3.3412974
1988_Conv 16.7668419 -24.3762264 12.8395557
1990_Add_move_ahead_relu 15.0781841 0.0000000 15.0781841
1992_AveragePool 17.8128071 -17.8128071 15.1825371
1993_Add_move_ahead_relu 24.7014542 0.0000000 24.7014542
1995_AveragePool 15.4116926 -16.4311123 13.5011835
1998_Add_move_ahead_relu 23.6386127 0.0000000 27.0023670
2000_Conv 7.3890368 -9.5539398 10.9942636
2003_Relu 11.7530890 -0.0000000 11.7530890
2004_Conv 4.1241185 -4.9327946 5.4298573
2005_Conv 22.6389427 -22.6389427 21.2685699
2007_Add_move_ahead_relu 28.5297928 0.0000000 38.0211487
2008_Concat_relu 43.2046072 0.0000000 55.7399750
2010_Conv 16.2451267 -22.4878349 25.9795113
2013_Conv 41.3863297 -48.0237656 50.9121513
2015_Relu 41.3863297 0.0000000 50.9121513
2016_Conv 12.5587242 -19.0132599 25.1100883
2019_Relu 24.1496964 -0.0000000 24.1496964
2020_Conv 7.7377349 -11.1504002 10.4394131
2021_Conv 24.8184242 -33.0750732 30.9847298
2023_Relu 12.9961014 0.0000000 25.9795113
2024_Conv 5.4585800 -6.4507647 8.0848837
2027_Relu 16.1129704 -0.0000000 16.1129704
2028_Conv 4.3142129 -6.4191852 5.4244556
2029_Conv 27.5530262 -27.5530262 27.2843094
2031_Add_move_ahead_relu 38.8320618 0.0000000 47.7699661
2033_Conv 6.3607681 -7.4003196 5.4564128
2036_Relu 10.5385475 -0.0000000 15.3213120
2037_Conv 4.7687669 -7.3340840 6.0689692
2038_Conv 24.8487110 -39.7385254 20.9529247
2041_Conv 3.4717484 -5.0485091 6.6099324
2044_Relu 15.5877399 -0.0000000 15.5877399
2045_Conv 2.9783105 -4.2918701 4.0816336
2046_Conv 31.3448715 -55.6970062 25.1180763
2048_Add_move_ahead_relu 30.1028080 0.0000000 30.1028080
2050_AveragePool 20.2667580 -23.1506996 18.2093792
2051_Add_move_ahead_relu 24.0377331 0.0000000 24.0377331
2053_AveragePool 9.6576624 -11.8805494 7.7025824
2056_Add_move_ahead_relu 15.4051647 0.0000000 15.4051647
2058_Conv 11.8559264 -11.4647970 17.0848866
2061_Relu 21.8908844 -0.0000000 21.8908844
2062_Conv 11.9634598 -13.2006588 10.1050272
2063_Conv 38.7165527 -58.2352524 88.4517670
2065_Add_move_ahead_relu 42.9032021 0.0000000 42.9032021
2066_Concat_relu 34.1939150 0.0000000 47.7699661
2068_Conv 26.7029343 -53.3902206 27.9479103
2071_Conv 36.5420227 -41.7419205 35.9613152
2073_Relu 31.4815216 0.0000000 35.9613152
2074_Conv 10.0643661 -12.8422604 16.7684822
2077_Relu 23.6044254 -0.0000000 23.6044254
2078_Conv 19.0235360 -16.0946159 22.9707584
2079_Conv 43.0989380 -69.2916794 76.5829163
2081_Relu 19.0467669 0.0000000 27.9479103
2082_Conv 6.5695033 -8.7579117 7.5733070
2085_Relu 15.3949747 -0.0000000 15.3949747
2086_Conv 4.5583960 -7.0110726 6.5853682
2087_Conv 35.8356018 -35.3673820 35.8356018
2089_Add_move_ahead_relu 50.7088623 0.0000000 57.9246864
2091_Conv 6.1976211 -7.0657516 7.6264086
2094_Relu 12.8837929 -0.0000000 12.8837929
2095_Conv 2.5410486 -4.6182427 4.0641055
2096_Conv 20.8909335 -21.5624561 14.9095106
2099_Conv 6.4874255 -9.7904453 6.0905309
2102_Relu 14.4889803 -0.0000000 14.4889803
2103_Conv 3.9466687 -4.5830636 5.2173662
2104_Conv 23.9370312 -27.0905800 31.6439686
2106_Add_move_ahead_relu 27.5831928 0.0000000 27.5831928
2108_AveragePool 18.1252960 -20.2044716 10.9668713
2109_Add_move_ahead_relu 28.5568066 0.0000000 28.5568066
2111_AveragePool 20.0223598 -20.0223598 9.6433401
2114_Add_move_ahead_relu 19.2866802 0.0000000 19.2866802
2116_Conv 9.8646991 -10.0139799 17.5332451
2119_Relu 24.4422417 -0.0000000 24.4422417
2120_Conv 3.5381920 -9.4305716 6.0130959
2121_Conv 26.0508957 -32.0469856 26.4661484
2123_Add_move_ahead_relu 36.7683868 0.0000000 49.0005760
2124_Concat_relu 40.0110461 0.0000000 57.9246864
2126_Conv 18.2880335 -39.0015144 17.7112885
2129_Conv 50.5950203 -53.9416695 53.6359711
2131_Relu 50.3082886 0.0000000 53.6359711
2132_Conv 20.9248745 -24.3474312 19.3670864
2135_Relu 30.0952492 -0.0000000 30.0952492
2136_Conv 11.0817628 -13.3304157 9.3274765
2137_Conv 38.4029312 -48.0668678 55.8315353
2139_Relu 16.6124439 0.0000000 17.7112885
2140_Conv 6.3307776 -7.8819461 7.0411429
2143_Relu 22.8551064 -0.0000000 22.8551064
2144_Conv 7.5180440 -10.0224266 6.9209714
2145_Conv 43.6897926 -43.6897926 33.8111496
2147_Add_move_ahead_relu 35.8030891 0.0000000 47.7141457
2149_Conv 4.6269078 -7.1841927 6.0768585
2152_Relu 15.3275967 -0.0000000 18.8555241
2153_Conv 5.4743541 -9.5171795 6.7301221
2154_Conv 27.3736496 -27.3736496 25.3327637
2157_Conv 5.4100853 -4.8100739 6.0740132
2160_Relu 16.3774223 -0.0000000 16.3774223
2161_Conv 3.5780153 -5.4073949 6.3578100
2162_Conv 27.8595228 -29.0550308 38.9206238
2164_Add_move_ahead_relu 43.0228271 0.0000000 52.9253159
2166_AveragePool 14.8882532 -14.8882532 12.0341606
2167_Add_move_ahead_relu 16.6292267 0.0000000 16.6292267
2169_AveragePool 9.2248926 -14.7526207 7.4902182
2172_Add_move_ahead_relu 14.9804363 0.0000000 14.9804363
2174_Conv 16.5467981 -20.1380196 20.3639126
2177_Relu 30.6167545 -0.0000000 30.6167545
2178_Conv 7.7048326 -7.8932381 11.4118824
2179_Conv 43.5200386 -43.5200386 34.3774490
2181_Add_move_ahead_relu 40.0749512 0.0000000 40.0749512
2182_Concat_relu 30.6059322 0.0000000 52.9253159
2208_Relu 26.0266895 -0.0000000 26.0266895
2187_Conv 14.2783318 -15.5907879 17.5647507
2189_Relu 13.1799984 0.0000000 17.5647507
2191_Conv 3.9755554 -5.5355387 9.5622606
2192_Conv 2.5192491 -3.3822193 4.5786228
2202_Slice 4.2945561 -3.3822193 4.5786228
2204_Relu 14.5715246 0.0000000 25.8922825
2205_Conv 2.7713665 -5.0981855 16.4172688
2206_Conv 23.9570637 -29.4712200 27.9733467
2210_Conv 6.4301375 -7.8506260 10.9985304
2211_Conv 8.2347898 -8.2347898 6.2221060
2221_Slice 8.2347898 -8.2347898 6.2221060
2223_Relu 12.5746460 0.0000000 12.5746460
2224_Conv 5.9564017 -7.4445930 5.4202189
2225_Conv 19.8268108 -19.8268108 19.7733154
2227_Add 29.1532860 -29.1532860 22.8068676
2229_MaxPool 13.1799984 -9.8927546 17.5647507
2239_Slice 13.1799984 -7.7672787 17.5647507
2242_Conv 7.1808462 -8.3095331 10.4397669
2243_Conv 6.1422024 -6.1422024 3.8386970
2253_Slice 6.1422024 -6.1422024 3.8386970
2255_Relu 11.1625328 0.0000000 11.1625328
2256_Conv 7.8605026 -4.5891256 9.2468529
2257_Conv 15.4551353 -15.4551353 8.6740732
2259_Add 19.4461327 -17.1417198 19.4461327
2262_AveragePool 7.1355863 -11.4113636 8.1935787
2272_Slice 11.4113636 -11.4113636 8.1935787
2275_Conv 5.4875511 -9.4893494 7.7424750
2276_Conv 5.2577610 -5.2577610 5.1895623
2286_Slice 5.2577610 -5.2577610 5.1895623
2288_Relu 13.4857025 0.0000000 13.4857025
2289_Conv 4.8972600 -5.9860525 7.2867098
2290_Conv 18.1907787 -19.3940239 17.2670574
2292_Add_move_ahead_relu 13.2011375 0.0000000 13.2011375
2294_AveragePool 18.7665520 -23.0860157 17.2495365
2295_Add_move_ahead_relu 20.4841728 0.0000000 20.4841728
2296_Relu 21.4626331 0.0000000 22.8068676
2298_Conv 6.0543379 -10.4195127 15.1321487
2299_Conv 4.0484137 -5.5723782 14.0757589
2309_Slice 4.6619439 -5.5723782 12.4257803
2311_Relu 4.3320084 0.0000000 34.6391449
2312_Conv 1.5310802 -24.4853230 2.9798303
2313_Conv 12.9566784 -24.6577225 207.2056274
2327_Add_move_ahead_relu 23.0100687 0.0000000 210.3219910
2259_Add_move_ahead_relu 19.4461327 0.0000000 19.4461327
2328_Concat_relu 23.0100687 0.0000000 210.3219910
2331_AveragePool 24.9094872 0.0000000 47.7141457
2332_Conv 20.3920021 -19.7330685 20.3920021
2333_Pad 30.6059322 0.0000000 52.9253159
2343_Slice 30.6059322 0.0000000 52.9253159
2345_AveragePool 29.7105822 0.0000000 43.5952568
2346_Conv 18.3652802 -16.3516560 18.3652802
2347_Concat 20.3920021 -19.7330685 20.3920021
2348_BatchNormalization 8.9545393 -15.9114075 10.5749702
2350_Conv 17.6858468 -161.6562958 94.1637039
2352_Relu 11.7762127 0.0000000 94.1637039
2353_Conv 9.8051720 -52.2687149 20.8893394
2356_Relu 7.2360867 -0.0000000 25.1588440
2357_Conv 3.7871172 -7.5720148 5.3908744
2358_Conv 26.1316975 -33.1248093 47.4931946
2360_Relu 10.5749702 0.0000000 10.5749702
2361_Conv 1.6327883 -2.7928286 2.4926598
2364_Relu 7.5925469 -0.0000000 7.5925469
2365_Conv 1.6033485 -2.7424729 2.3787973
2366_Conv 20.1028538 -20.1028538 18.4790096
2368_Add_move_ahead_relu 45.2200813 0.0000000 45.2200813
2370_Conv 1.9729688 -3.1552088 2.6674569
2373_Relu 8.4449454 -0.0000000 8.9738636
2374_Conv 3.4602589 -4.7214828 5.3220754
2375_Conv 17.5180931 -17.5180931 9.9532766
2378_Conv 1.6716821 -2.4277585 2.6733854
2381_Relu 5.9385347 -0.0000000 10.5522404
2382_Conv 1.6212673 -2.8035769 2.1103666
2383_Conv 17.3833427 -17.3833427 16.4804726
2385_Add_move_ahead_relu 21.4028072 0.0000000 21.4028072
2387_AveragePool 9.7400503 -19.4705887 10.2670622
2388_Add_move_ahead_relu 12.9869728 0.0000000 12.9869728
2390_AveragePool 4.8308711 -5.9427848 4.4763842
2393_Add_move_ahead_relu 8.9527683 0.0000000 8.9527683
2395_Conv 4.6676259 -17.9362221 24.8818493
2398_Relu 13.9990997 -0.0000000 22.3876228
2399_Conv 2.0981635 -9.8711576 4.6234879
2400_Conv 13.9237938 -21.7199593 31.8102760
2402_Add_move_ahead_relu 21.0787487 0.0000000 112.3650970
2403_Concat_relu 28.7993885 0.0000000 112.3650970
2405_Conv 6.6438174 -106.2491760 24.8076744
2408_Conv 27.2333851 -108.8803482 46.0314560
2410_Relu 10.5049318 0.0000000 46.0314560
2411_Conv 4.9872189 -39.8782692 10.1385994
2414_Relu 10.5852776 -0.0000000 42.3204346
2415_Conv 4.4614782 -23.7829323 7.7688541
2416_Conv 59.7266617 -68.2257080 28.5451069
2418_Relu 4.1877342 0.0000000 24.8076744
2419_Conv 1.8640298 -11.0423069 6.0940957
2422_Relu 11.2764778 -0.0000000 60.1118507
2423_Conv 2.7647848 -10.2998791 44.2149582
2424_Conv 13.2905931 -52.1226654 106.2728271
2426_Add_move_ahead_relu 22.3761730 0.0000000 59.6406593
2428_Conv 2.7280147 -4.4816113 16.1604576
2431_Relu 7.0931687 -0.0000000 24.6619377
2432_Conv 2.8481365 -3.5672457 5.1768203
2433_Conv 16.1061325 -16.1061325 12.1041403
2436_Conv 1.7583122 -3.5263216 7.7047310
2439_Relu 12.8039408 -0.0000000 12.8039408
2440_Conv 1.1612864 -6.1905031 5.7099099
2441_Conv 39.2986641 -39.2986641 15.3917179
2443_Add_move_ahead_relu 17.3037529 0.0000000 17.3037529
2445_AveragePool 12.3599892 -14.1188049 8.8739309
2446_Add_move_ahead_relu 12.9660437 0.0000000 19.7547474
2448_AveragePool 6.1211882 -13.9844551 4.5143375
2451_Add_move_ahead_relu 9.0286751 0.0000000 9.0286751
2453_Conv 4.3700760 -12.0519304 10.1925735
2456_Relu 9.7396803 -0.0000000 17.3065319
2457_Conv 2.7628262 -9.6059532 6.9873991
2458_Conv 25.4954834 -25.5984192 31.3637352
2460_Add_move_ahead_relu 13.4912434 0.0000000 53.9386215
2461_Concat_relu 14.9174490 0.0000000 59.6406593
2463_Conv 11.7534198 -69.6259613 7.2062678
2466_Conv 23.0860367 -123.0654068 32.2891655
2468_Relu 12.1143522 0.0000000 32.2891655
2469_Conv 2.8223457 -4.1653719 22.5677414
2472_Relu 12.8371172 -0.0000000 14.6638269
2473_Conv 2.7036607 -4.7003217 3.3455286
2474_Conv 16.8568954 -19.2556152 15.6446724
2476_Relu 4.0555058 0.0000000 7.2062678
2477_Conv 1.0407963 -1.4309953 1.5707092
2480_Relu 5.9682727 -0.0000000 9.5445738
2481_Conv 1.4188474 -1.7618712 1.9234308
2482_Conv 13.1733647 -17.2686615 12.1341934
2484_Add_move_ahead_relu 16.3521843 0.0000000 16.3521843
2486_Conv 1.2480109 -1.9962323 1.1533439
2489_Relu 8.5862694 -0.0000000 8.5862694
2490_Conv 2.7088894 -3.7844031 3.0389698
2491_Conv 11.7756510 -11.7756510 7.3831501
2494_Conv 0.8443455 -1.4913729 2.1103485
2497_Relu 6.4369946 -0.0000000 6.4369946
2498_Conv 0.8984019 -1.2869611 1.4968491
2499_Conv 8.6561089 -12.2325935 23.0716877
2501_Add_move_ahead_relu 25.9307728 0.0000000 25.9307728
2503_AveragePool 17.1790161 -17.1790161 9.9822636
2504_Add_move_ahead_relu 9.2940540 0.0000000 9.2940540
2506_AveragePool 5.7515521 -9.1979895 2.9242132
2509_Add_move_ahead_relu 5.8484263 0.0000000 5.8484263
2511_Conv 2.3878854 -6.0180378 10.4634514
2514_Relu 6.3265638 -0.0000000 25.2938995
2515_Conv 1.3857129 -4.4668365 5.5401449
2516_Conv 21.2023964 -67.8145447 12.5496521
2518_Add_move_ahead_relu 14.9600468 0.0000000 14.9600468
2519_Concat_relu 10.7808427 0.0000000 25.9307728
2521_Conv 15.6843555 -143.3618011 16.4679298
2524_Conv 31.0780983 -31.0780983 27.4264889
2526_Relu 22.2949085 0.0000000 27.4264889
2527_Conv 8.3925679 -11.9306831 10.2598257
2530_Relu 28.0817909 -0.0000000 28.0817909
2531_Conv 4.6572981 -9.0630674 10.6400547
2532_Conv 30.6553326 -30.6553326 11.3955841
2534_Relu 16.4679298 0.0000000 16.4679298
2535_Conv 2.0247004 -3.8388126 4.6256270
2538_Relu 7.9912486 -0.0000000 9.1283960
2539_Conv 1.4033852 -5.6107998 2.2276185
2540_Conv 19.6555328 -20.9556656 16.5471268
2542_Add_move_ahead_relu 17.0084801 0.0000000 17.0084801
2544_Conv 2.5362217 -5.0699668 4.2322187
2547_Relu 7.6188860 -0.0000000 13.5380726
2548_Conv 1.8202761 -6.4686193 7.2775493
2549_Conv 20.0981045 -20.0981045 10.9876709
2552_Conv 2.4038462 -5.0599623 5.9146256
2555_Relu 6.1395919 -0.0000000 26.9030170
2556_Conv 2.1148078 -3.4103556 9.2668552
2557_Conv 15.0783739 -21.9214706 20.8216114
2559_Add_move_ahead_relu 17.2079437 0.0000000 21.5020523
2561_AveragePool 16.3984604 -21.8539391 19.5185127
2562_Add_move_ahead_relu 20.1755791 0.0000000 20.1755791
2564_AveragePool 18.8306713 -18.8306713 10.1562071
2567_Add_move_ahead_relu 20.3124142 0.0000000 20.3124142
2569_Conv 6.5409088 -9.8689766 7.8003321
2572_Relu 11.6982880 -0.0000000 20.7868023
2573_Conv 2.3436469 -3.7895007 10.2696028
2574_Conv 36.2791023 -44.6294022 33.5621758
2576_Add_move_ahead_relu 34.6917915 0.0000000 34.6917915
2577_Concat_relu 17.3543701 0.0000000 34.6917915
2580_AveragePool 2.9681428 0.0000000 5.6511073
2588_Reshape 2.9681428 0.0000000 5.6511073
output_Gemm 14.6304817 -3.2623234 14.6304817
