# genetated time: 2023-07-22 17:28:59.289246
# histogram number: 2048
# sample number: 100
# tune number: 5
###
# op_name    threshold    min    max
x 0.9999952 -0.9999952 0.9999952
relu_0.tmp_0_Relu 4.0161933 -0.0000000 7.2596121
relu_1.tmp_0_Relu 3.0697005 -0.0000000 6.2146935
relu_2.tmp_0_Relu 2.3725872 -0.0000000 4.7437840
batch_norm_3.tmp_2_BatchNormalization 1.6091632 -3.5749481 3.2496724
relu_3.tmp_0_Relu 1.2420735 -0.0000000 1.2420735
relu_4.tmp_0_Relu 0.8203260 -0.0000000 0.8203260
relu_5.tmp_0_Relu 0.6623144 -0.0000000 0.6623144
p2o.AveragePool.1_AveragePool 0.8288183 0.0000000 1.6779656
p2o.Concat.1_Concat 0.8393927 0.0000000 1.6779656
relu_6.tmp_0_Relu 0.8683459 -0.0000000 1.1572292
relu_7.tmp_0_Relu 0.9183066 -0.0000000 0.9183066
relu_8.tmp_0_Relu 1.1274346 -0.0000000 1.1274346
relu_9.tmp_0_Relu 1.4529723 -0.0000000 1.4529723
p2o.Concat.3_Concat 0.7268410 -0.0000000 1.4529723
relu_10.tmp_0_Relu 0.7960916 -0.0000000 1.4145830
batch_norm_12.tmp_2_BatchNormalization 0.7955521 -1.2108146 1.5332786
relu_11.tmp_0_Relu 0.9193693 -0.0000000 0.9193693
relu_12.tmp_0_Relu 0.7152477 -0.0000000 0.9531980
relu_13.tmp_0_Relu 0.6685399 -0.0000000 1.0691416
p2o.AveragePool.3_AveragePool 0.4122741 0.0000000 0.4996596
p2o.Concat.5_Concat 0.4679779 0.0000000 1.0691416
relu_14.tmp_0_Relu 0.6087334 -0.0000000 1.3067772
relu_15.tmp_0_Relu 0.7199914 -0.0000000 1.0467489
relu_16.tmp_0_Relu 0.8736708 -0.0000000 0.8736708
relu_17.tmp_0_Relu 0.9076018 -0.0000000 0.9076018
p2o.Concat.7_Concat 0.6537078 -0.0000000 1.3067772
relu_18.tmp_0_Relu 0.4934948 -0.0000000 0.7174602
batch_norm_21.tmp_2_BatchNormalization 0.5186629 -0.9996263 0.7209939
relu_19.tmp_0_Relu 0.5245622 -0.0000000 0.5245622
relu_20.tmp_0_Relu 0.4965172 -0.0000000 0.4965172
relu_21.tmp_0_Relu 0.3594740 -0.0000000 0.4791270
p2o.AveragePool.5_AveragePool 0.3300264 0.0000000 0.3300264
p2o.Concat.9_Concat 0.3608127 0.0000000 0.5245622
relu_22.tmp_0_Relu 0.5113063 -0.0000000 0.7939045
relu_23.tmp_0_Relu 0.5269934 -0.0000000 0.5269934
relu_24.tmp_0_Relu 0.4851242 -0.0000000 0.4851242
relu_25.tmp_0_Relu 0.4508933 -0.0000000 0.4508933
p2o.Concat.11_Concat 0.5460760 -0.0000000 0.7939045
p2o.GlobalAveragePool.1_GlobalAveragePool 0.1494790 0.0000000 0.1494790
relu_26.tmp_0_Relu 0.2764966 -0.0000000 0.2764966
bilinear_interp_v2_0.tmp_0_Resize 0.2764966 -0.0000000 0.2764966
p2o.AveragePool.7_AveragePool 0.2175494 0.0000000 0.3092634
relu_27.tmp_0_Relu 0.2006438 -0.0000000 0.2006438
bilinear_interp_v2_1.tmp_0_Resize 0.2006438 0.0000000 0.2006438
p2o.Add.5_Add 0.2975379 0.0000000 0.2975379
p2o.AveragePool.9_AveragePool 0.1615234 0.0000000 0.3270087
relu_28.tmp_0_Relu 0.2777092 -0.0000000 0.3172269
bilinear_interp_v2_2.tmp_0_Resize 0.2277653 0.0000000 0.3035387
p2o.Add.9_Add 0.3854936 0.0000000 0.3854936
relu_29.tmp_0_Relu 0.3700629 -0.0000000 0.3700629
relu_30.tmp_0_Relu 0.5314729 -0.0000000 0.5314729
p2o.ReduceMean.1_ReduceMean 0.0462463 0.0050870 0.0462463
p2o.ReduceMax.1_ReduceMax 0.5314729 0.0595285 0.5314729
p2o.ReduceMean.3_ReduceMean 0.0310805 0.0026098 0.0310805
p2o.ReduceMax.3_ReduceMax 0.3700629 0.0428103 0.3700629
p2o.Concat.17_Concat 0.5314729 0.0026098 0.5314729
relu_31.tmp_0_Relu 0.2933277 -0.0000000 0.2933277
batch_norm_35.tmp_2_BatchNormalization 1.1213794 0.2422444 1.1213794
sigmoid_0.tmp_0_Sigmoid 0.7542445 0.5602667 0.7542445
p2o.Mul.1_Mul 0.3121031 -0.0000000 0.3121031
p2o.Sub.1_Sub 0.4397333 0.2457555 0.4397333
p2o.Mul.3_Mul 0.1080255 -0.0000000 0.1080255
p2o.Add.13_Add 0.3312344 -0.0000000 0.3312344
relu_32.tmp_0_Relu 0.6541507 -0.0000000 0.6541507
relu_33.tmp_0_Relu 0.6200892 -0.0000000 0.6200892
bilinear_interp_v2_4.tmp_0_Resize 0.4154945 0.0000000 0.5906575
p2o.ReduceMean.5_ReduceMean 0.0643327 0.0020538 0.0643327
p2o.ReduceMax.5_ReduceMax 0.6200892 0.0369004 0.6200892
p2o.ReduceMean.7_ReduceMean 0.0710041 0.0084751 0.0710041
p2o.ReduceMax.7_ReduceMax 0.5906575 0.0588866 0.5906575
p2o.Concat.20_Concat 0.4555550 0.0020538 0.6200892
relu_34.tmp_0_Relu 0.2784705 -0.0000000 0.2784705
batch_norm_39.tmp_2_BatchNormalization 0.8087233 -0.8087233 0.4377369
sigmoid_1.tmp_0_Sigmoid 0.6077196 0.3081626 0.6077196
p2o.Mul.5_Mul 0.3344454 -0.0000000 0.3344454
p2o.Sub.3_Sub 0.6918374 0.3922804 0.6918374
p2o.Mul.7_Mul 0.2036421 0.0000000 0.2369236
p2o.Add.15_Add 0.2484503 0.0000000 0.3531912
relu_35.tmp_0_Relu 0.7716833 -0.0000000 0.7716833
relu_36.tmp_0_Relu 0.6340050 -0.0000000 0.6340050
bilinear_interp_v2_5.tmp_0_Resize 0.5868926 0.0000000 0.5868926
p2o.ReduceMean.9_ReduceMean 0.0847045 0.0013237 0.0847045
p2o.ReduceMax.9_ReduceMax 0.6340050 0.0159025 0.6340050
p2o.ReduceMean.11_ReduceMean 0.0834773 0.0067908 0.0834773
p2o.ReduceMax.11_ReduceMax 0.5868926 0.0404499 0.5868926
p2o.Concat.23_Concat 0.4915629 0.0013237 0.6340050
relu_37.tmp_0_Relu 0.2981339 -0.0000000 0.2981339
batch_norm_43.tmp_2_BatchNormalization 0.7302936 -0.7302936 0.5797201
sigmoid_2.tmp_0_Sigmoid 0.6410030 0.3251303 0.6410030
p2o.Mul.9_Mul 0.2786639 -0.0000000 0.2786639
p2o.Sub.5_Sub 0.6748697 0.3589970 0.6748697
p2o.Mul.11_Mul 0.2013869 0.0000000 0.2639934
p2o.Add.17_Add 0.3005487 0.0000000 0.3655189
relu_38.tmp_0_Relu 0.6722421 -0.0000000 0.6722421
relu_39.tmp_0_Relu 0.4570097 -0.0000000 0.4872390
bilinear_interp_v2_6.tmp_0_Resize 0.4201313 0.0000000 0.5599744
p2o.ReduceMean.13_ReduceMean 0.0858175 0.0000000 0.0858175
p2o.ReduceMax.13_ReduceMax 0.4872390 -0.0000000 0.4872390
p2o.ReduceMean.15_ReduceMean 0.1148378 0.0054578 0.1148378
p2o.ReduceMax.15_ReduceMax 0.5599744 0.0241694 0.5599744
p2o.Concat.26_Concat 0.3851705 -0.0000000 0.5599744
relu_40.tmp_0_Relu 0.4316199 -0.0000000 0.5752122
batch_norm_47.tmp_2_BatchNormalization 1.3351678 -1.3351678 0.1203285
sigmoid_3.tmp_0_Sigmoid 0.5300459 0.2083059 0.5300459
p2o.Mul.13_Mul 0.1963372 -0.0000000 0.1963372
p2o.Sub.7_Sub 0.7425759 0.4699541 0.7916942
p2o.Mul.15_Mul 0.2377471 0.0000000 0.4224552
p2o.Add.19_Add 0.2802380 0.0000000 0.4481618
relu_41.tmp_0_Relu 0.8260167 -0.0000000 0.8260167
relu_42.tmp_0_Relu 4.0495567 -0.0000000 5.3967724
conv2d_104.tmp_0_Conv 6.1873472 -6.5532670 6.1449680
bilinear_interp_v2_7.tmp_0_Resize 5.9297280 -6.3219547 5.8917599
