# genetated time: 2023-07-22 17:57:14.420293
# histogram number: 2048
# sample number: 100
# tune number: 5
###
# op_name    threshold    min    max
x 0.5940002 -0.4850002 0.5940002
relu_0.tmp_0_Relu 15.3625079 -0.0000000 16.2748375
relu_1.tmp_0_Relu 14.7725666 -0.0000000 24.6129284
relu_2.tmp_0_Relu 9.0917017 -0.0000000 10.8526773
p2o.MaxPool.1_MaxPool 9.5007315 -0.0000000 10.8526773
relu_3.tmp_0_Relu 10.1614885 -0.0000000 14.7731295
relu_4.tmp_0_Relu 11.1531107 -0.0000000 21.2346344
relu_5.tmp_0_Relu 12.3256550 -0.0000000 19.7114182
relu_6.tmp_0_Relu 18.7852459 -0.0000000 33.3796844
relu_7.tmp_0_Relu 20.9531612 -0.0000000 33.5086899
p2o.Concat.1_Concat 16.7625294 -0.0000000 33.5086899
relu_8.tmp_0_Relu 19.4600202 -0.0000000 41.7751160
p2o.GlobalAveragePool.1_GlobalAveragePool 7.9950447 0.0000000 7.9950447
conv2d_51.tmp_0_Conv 5.5392823 -5.5392823 2.9446189
sigmoid_6.tmp_0_Sigmoid 0.9500086 0.0039140 0.9500086
p2o.Mul.1_Mul 8.2510900 -0.0000000 16.4941216
batch_norm_9.tmp_2_BatchNormalization 19.2664244 -30.0721302 32.7901649
relu_9.tmp_0_Relu 17.1125240 -0.0000000 27.3666687
relu_10.tmp_0_Relu 21.1664600 -0.0000000 48.3568573
relu_11.tmp_0_Relu 15.9920368 -0.0000000 51.1495323
relu_12.tmp_0_Relu 21.9405174 -0.0000000 43.8596077
relu_13.tmp_0_Relu 24.5334778 -0.0000000 43.5937729
p2o.Concat.3_Concat 19.5077864 -30.0721302 51.1495323
relu_14.tmp_0_Relu 33.5929707 -0.0000000 96.8041306
p2o.GlobalAveragePool.3_GlobalAveragePool 9.8519545 0.0000000 9.8519545
conv2d_58.tmp_0_Conv 7.2304015 -7.2304015 1.4904354
sigmoid_7.tmp_0_Sigmoid 0.8161436 0.0007237 0.8161436
p2o.Mul.3_Mul 7.5057554 -0.0000000 13.3370495
batch_norm_16.tmp_2_BatchNormalization 19.4371834 -55.5231857 47.1288528
relu_15.tmp_0_Relu 19.1527615 -0.0000000 43.7563629
relu_16.tmp_0_Relu 32.6510887 -0.0000000 32.6510887
relu_17.tmp_0_Relu 29.5080498 -0.0000000 34.7103653
relu_18.tmp_0_Relu 25.1052170 -0.0000000 30.8836403
relu_19.tmp_0_Relu 51.5684052 -0.0000000 68.7242966
p2o.Concat.5_Concat 21.2669306 -55.5231857 68.7242966
relu_20.tmp_0_Relu 45.2408241 -0.0000000 108.8161316
p2o.GlobalAveragePool.5_GlobalAveragePool 6.3409543 0.0000000 6.3409543
conv2d_65.tmp_0_Conv 4.4640369 -4.7593145 1.8167121
sigmoid_8.tmp_0_Sigmoid 0.8601711 0.0084986 0.8601711
p2o.Mul.5_Mul 5.5577483 -0.0000000 14.8134260
relu_21.tmp_0_Relu 9.4862703 -0.0000000 18.1709595
relu_22.tmp_0_Relu 9.0833473 -0.0000000 15.5367546
relu_23.tmp_0_Relu 13.0440817 -0.0000000 13.0440817
relu_24.tmp_0_Relu 9.4186182 -0.0000000 11.5864849
relu_25.tmp_0_Relu 13.5491934 -0.0000000 13.5491934
p2o.Concat.7_Concat 9.5439702 -0.0000000 18.1709595
relu_26.tmp_0_Relu 59.0590563 -0.0000000 113.1276703
p2o.GlobalAveragePool.7_GlobalAveragePool 7.2650776 0.0000000 7.2650776
conv2d_72.tmp_0_Conv 6.5930676 -6.5930676 2.8524523
sigmoid_9.tmp_0_Sigmoid 0.9454453 0.0013680 0.9454453
p2o.Mul.7_Mul 18.7897377 -0.0000000 42.9270020
p2o.Add.9_Add 16.3366756 -0.0000000 43.5431976
batch_norm_29.tmp_2_BatchNormalization 15.2293595 -43.8861122 34.5867538
relu_27.tmp_0_Relu 37.5749893 -0.0000000 37.5749893
relu_28.tmp_0_Relu 32.3803825 -0.0000000 32.3803825
relu_29.tmp_0_Relu 37.4353546 -0.0000000 40.1983795
relu_30.tmp_0_Relu 24.8641200 -0.0000000 27.8086891
relu_31.tmp_0_Relu 26.2301502 -0.0000000 34.9564552
p2o.Concat.9_Concat 27.2953607 -43.8861122 40.1983795
relu_32.tmp_0_Relu 144.3985626 -0.0000000 229.8028107
p2o.GlobalAveragePool.9_GlobalAveragePool 16.0429256 0.0000000 22.9104710
conv2d_79.tmp_0_Conv 9.0104380 -7.6591425 9.0104380
sigmoid_10.tmp_0_Sigmoid 0.9998779 0.0004715 0.9998779
p2o.Mul.9_Mul 124.9937668 -0.0000000 222.1026306
p2o.GlobalAveragePool.11_GlobalAveragePool 15.3932209 0.0000000 19.8575268
relu_33.tmp_0_Relu 13.8643188 -0.0000000 13.8643188
flatten_1.tmp_0_Reshape 13.8643188 -0.0000000 13.8643188
p2o.Add.13_Add 27.8847980 -6.3449717 27.8847980
softmax_1.tmp_0_Softmax 0.0625305 0.0000000 0.9999996
