# genetated time: 2022-12-12 15:34:41.428129
# histogram number: 2048
# sample number: 100
# tune number: 5
###
# op_name    threshold    min    max
x 0.9999952 -0.9999952 0.9999952
relu_0.tmp_0_Relu 7.5423079 0.0000000 13.4020004
relu_1.tmp_0_Relu 6.1262746 0.0000000 19.5945053
relu_2.tmp_0_Relu 4.7107611 0.0000000 15.0670757
depthwise_conv2d_0.tmp_0_Conv 5.0542912 -11.7183533 10.1093588
relu_3.tmp_0_Relu 3.9913842 0.0000000 8.0806684
relu_4.tmp_0_Relu 3.2920393 0.0000000 5.0629635
relu_5.tmp_0_Relu 2.7978119 0.0000000 4.0317640
p2o.AveragePool.1_AveragePool 2.8588214 0.0000000 6.5312586
p2o.Concat.1_Concat 3.0317309 0.0000000 8.0806684
relu_6.tmp_0_Relu 2.7743642 0.0000000 7.3946919
relu_7.tmp_0_Relu 1.9545869 0.0000000 3.7213778
relu_8.tmp_0_Relu 1.8261324 0.0000000 2.6548955
relu_9.tmp_0_Relu 2.5953294 0.0000000 2.7774875
p2o.Concat.3_Concat 2.7743642 0.0000000 7.3946919
relu_10.tmp_0_Relu 2.7907310 0.0000000 3.7191577
relu_11.tmp_0_Relu 2.5686553 0.0000000 3.7344015
relu_12.tmp_0_Relu 2.0425856 0.0000000 2.9695828
relu_13.tmp_0_Relu 2.6054935 0.0000000 3.4722950
p2o.Concat.5_Concat 2.8021693 0.0000000 3.7344015
relu_14.tmp_0_Relu 2.0185359 0.0000000 3.5867562
relu_15.tmp_0_Relu 1.8237586 0.0000000 2.6514444
relu_16.tmp_0_Relu 1.7812232 0.0000000 3.2372937
relu_17.tmp_0_Relu 1.7266834 0.0000000 3.2874677
p2o.Concat.7_Concat 2.0185359 0.0000000 3.5867562
relu_18.tmp_0_Relu 2.1780429 0.0000000 4.9759531
depthwise_conv2d_1.tmp_0_Conv 3.1664608 -3.4939198 2.9181898
relu_19.tmp_0_Relu 1.0016608 0.0000000 1.4562497
relu_20.tmp_0_Relu 0.9602327 0.0000000 1.1812478
relu_21.tmp_0_Relu 1.1502385 0.0000000 1.1502385
p2o.AveragePool.3_AveragePool 0.7952055 0.0000000 1.8167251
p2o.Concat.9_Concat 0.9088063 0.0000000 1.8167251
relu_22.tmp_0_Relu 1.8154401 0.0000000 3.7471197
relu_23.tmp_0_Relu 1.2714186 0.0000000 1.8484330
relu_24.tmp_0_Relu 1.0276861 0.0000000 1.6434948
relu_25.tmp_0_Relu 1.3140676 0.0000000 1.6359413
p2o.Concat.11_Concat 1.4058564 0.0000000 3.7471197
relu_26.tmp_0_Relu 1.6468219 0.0000000 2.3731394
relu_27.tmp_0_Relu 1.2460284 0.0000000 1.6891525
relu_28.tmp_0_Relu 0.9077532 0.0000000 1.4516960
relu_29.tmp_0_Relu 1.1853160 0.0000000 1.1853160
p2o.Concat.13_Concat 1.3874228 0.0000000 2.3731394
relu_30.tmp_0_Relu 1.4466453 0.0000000 1.7796171
relu_31.tmp_0_Relu 1.4432274 0.0000000 1.5290546
relu_32.tmp_0_Relu 0.8832992 0.0000000 1.4125887
relu_33.tmp_0_Relu 0.9896992 0.0000000 1.3189547
p2o.Concat.15_Concat 1.2240845 0.0000000 1.7796171
relu_34.tmp_0_Relu 1.1900249 0.0000000 2.1145666
relu_35.tmp_0_Relu 1.4300754 0.0000000 1.9058361
relu_36.tmp_0_Relu 1.3440431 0.0000000 1.6533992
relu_37.tmp_0_Relu 0.9075336 0.0000000 1.6126053
p2o.Concat.17_Concat 1.0577998 0.0000000 2.1145666
relu_38.tmp_0_Relu 1.4050919 0.0000000 2.2470493
depthwise_conv2d_2.tmp_0_Conv 3.0432510 -2.7517273 3.0432510
relu_39.tmp_0_Relu 0.8349473 0.0000000 1.3352634
relu_40.tmp_0_Relu 0.9212570 0.0000000 0.9212570
relu_41.tmp_0_Relu 0.5404988 0.0000000 0.8911809
p2o.AveragePool.5_AveragePool 0.5299738 0.0000000 1.0729467
p2o.Concat.19_Concat 0.6220031 0.0000000 1.3352634
relu_42.tmp_0_Relu 0.6788975 0.0000000 1.5510080
relu_43.tmp_0_Relu 1.0860144 0.0000000 1.0927943
relu_44.tmp_0_Relu 0.8420166 0.0000000 0.8420166
relu_45.tmp_0_Relu 0.9198193 0.0000000 0.9198193
p2o.Concat.21_Concat 0.6788975 0.0000000 1.5510080
relu_46.tmp_0_Relu 0.6861026 0.0000000 1.5674689
relu_47.tmp_0_Relu 0.9551686 0.0000000 0.9641412
relu_48.tmp_0_Relu 0.8083866 0.0000000 0.8083866
relu_49.tmp_0_Relu 0.5339789 0.0000000 0.7426149
p2o.Concat.23_Concat 0.6861026 0.0000000 1.5674689
p2o.GlobalAveragePool.1_GlobalAveragePool 0.2425882 0.0000000 0.2425882
relu_50.tmp_0_Relu 0.9397632 0.0000000 0.9397632
bilinear_interp_v2_0.tmp_0_Resize 0.9397632 0.0000000 0.9397632
p2o.AveragePool.7_AveragePool 0.2593403 0.0000000 0.2747843
relu_51.tmp_0_Relu 0.6402001 0.0000000 0.6402001
bilinear_interp_v2_1.tmp_0_Resize 0.6402001 0.0000000 0.6402001
p2o.Add.5_Add 1.3057821 0.0000000 1.3057821
p2o.AveragePool.9_AveragePool 0.4251491 0.0000000 0.4504673
relu_52.tmp_0_Relu 0.9645675 0.0000000 0.9645675
bilinear_interp_v2_2.tmp_0_Resize 0.6212201 0.0000000 0.9645675
p2o.Add.9_Add 1.6375326 0.0000000 1.6582301
relu_53.tmp_0_Relu 0.9134282 0.0000000 0.9134282
relu_54.tmp_0_Relu 1.3231395 0.0000000 1.3441188
p2o.ReduceMean.1_ReduceMean 0.1692994 0.0116664 0.1692994
p2o.ReduceMax.1_ReduceMax 1.3441188 0.1211104 1.3441188
p2o.ReduceMean.3_ReduceMean 0.1252672 0.0111787 0.1252672
p2o.ReduceMax.3_ReduceMax 0.9134282 0.1428060 0.9134282
p2o.Concat.29_Concat 1.3021602 0.0111787 1.3441188
relu_55.tmp_0_Relu 0.6279053 0.0000000 0.6279053
conv2d_131.tmp_0_Conv 1.8791203 -0.1609900 1.8791203
sigmoid_0.tmp_0_Sigmoid 0.8675101 0.4598392 0.8675101
p2o.Mul.1_Mul 0.6730359 0.0000000 0.8969430
p2o.Mul.3_Mul 0.8675101 -0.8675101 -0.4598392
p2o.Add.13_Add 0.5401608 0.1324899 0.5401608
p2o.Mul.5_Mul 0.3746521 0.0000000 0.3746521
p2o.Add.15_Add 1.0174133 0.0000000 1.0334425
relu_56.tmp_0_Relu 1.0457265 0.0000000 1.0457265
relu_57.tmp_0_Relu 1.2479222 0.0000000 1.2479222
bilinear_interp_v2_4.tmp_0_Resize 0.9177015 0.0000000 0.9920442
p2o.ReduceMean.5_ReduceMean 0.1254622 0.0054658 0.1254622
p2o.ReduceMax.5_ReduceMax 1.2479222 0.0830994 1.2479222
p2o.ReduceMean.7_ReduceMean 0.1119340 0.0206521 0.1119340
p2o.ReduceMax.7_ReduceMax 0.9920442 0.1405192 0.9920442
p2o.Concat.32_Concat 0.9752327 0.0054658 1.2479222
relu_58.tmp_0_Relu 0.3793398 0.0000000 0.3793398
conv2d_135.tmp_0_Conv 0.6679104 -0.6679104 0.6603888
sigmoid_1.tmp_0_Sigmoid 0.6593477 0.3389649 0.6593477
p2o.Mul.7_Mul 0.4816316 0.0000000 0.7002130
p2o.Mul.9_Mul 0.6593477 -0.6593477 -0.3389649
p2o.Add.17_Add 0.6610351 0.3406523 0.6610351
p2o.Mul.11_Mul 0.3261355 0.0000000 0.4536092
p2o.Add.19_Add 0.4258120 0.0000000 0.7566296
relu_59.tmp_0_Relu 0.8862018 0.0000000 1.2883914
relu_60.tmp_0_Relu 1.2870940 0.0000000 1.6872219
bilinear_interp_v2_5.tmp_0_Resize 0.6320299 0.0000000 1.0107541
p2o.ReduceMean.9_ReduceMean 0.2021773 0.0023898 0.2021773
p2o.ReduceMax.9_ReduceMax 1.6872219 0.0409460 1.6872219
p2o.ReduceMean.11_ReduceMean 0.1129188 0.0171331 0.1129188
p2o.ReduceMax.11_ReduceMax 1.0107541 0.1132037 1.0107541
p2o.Concat.35_Concat 1.0550288 0.0023898 1.6872219
relu_61.tmp_0_Relu 0.3733872 0.0000000 0.3733872
conv2d_139.tmp_0_Conv 0.9810460 -0.9810460 0.0180511
sigmoid_2.tmp_0_Sigmoid 0.5045127 0.2726843 0.5045127
p2o.Mul.13_Mul 0.4236788 0.0000000 0.6159592
p2o.Mul.15_Mul 0.5045127 -0.5045127 -0.2726843
p2o.Add.21_Add 0.7273157 0.4954873 0.7273157
p2o.Mul.17_Mul 0.3647576 0.0000000 0.5833272
p2o.Add.23_Add 0.5134512 0.0000000 0.8211208
relu_62.tmp_0_Relu 0.8320073 0.0000000 1.3305616
relu_63.tmp_0_Relu 6.0082669 0.0000000 8.0071106
conv2d_142.tmp_0_Conv 12.3912563 -8.0531464 12.3912563
bilinear_interp_v2_6.tmp_0_Resize 10.6063499 -7.9656868 12.1156244
