# genetated time: 2023-07-22 17:53:31.950995
# histogram number: 2048
# sample number: 100
# tune number: 5
###
# op_name    threshold    min    max
x 2.6355782 -2.1024752 2.6355782
batch_norm_0.tmp_3_BatchNormalization 7.0270855 -5.5731535 10.6025238
hardswish_0.tmp_0_HardSwish 7.4243564 -0.3750000 10.6025238
relu_0.tmp_0_Relu 20.9696655 -0.0000000 37.2612000
relu_1.tmp_0_Relu 22.7590578 -0.0000000 30.9790134
batch_norm_3.tmp_3_BatchNormalization 6.9892092 -8.7011776 8.0474977
p2o.Add.3_Add 9.9801044 -7.4167423 12.2772083
relu_2.tmp_0_Relu 13.9902853 -0.0000000 40.3154984
relu_3.tmp_0_Relu 21.5873710 -0.0000000 51.9233284
batch_norm_6.tmp_3_BatchNormalization 49.3979578 -60.0764160 41.1305046
relu_4.tmp_0_Relu 8.8959217 -0.0000000 17.7831554
relu_5.tmp_0_Relu 23.7476594 -0.0000000 50.6448479
batch_norm_9.tmp_3_BatchNormalization 58.6055222 -102.1295090 104.1367188
p2o.Add.5_Add 55.4304123 -110.8066940 104.6791534
relu_6.tmp_0_Relu 14.7211628 -0.0000000 39.2372665
relu_7.tmp_0_Relu 17.1707973 -0.0000000 34.3248253
batch_norm_12.tmp_3_BatchNormalization 30.8105049 -38.5306206 49.2727356
relu_8.tmp_0_Relu 7.8417902 -0.0000000 11.4006710
relu_9.tmp_0_Relu 12.0708135 -0.0000000 18.7423344
batch_norm_15.tmp_3_BatchNormalization 30.8094025 -44.7917938 25.3738346
p2o.Add.7_Add 39.6302261 -48.7518463 41.2959061
relu_10.tmp_0_Relu 8.1391907 -0.0000000 13.0163460
relu_11.tmp_0_Relu 7.5090620 -0.0000000 18.0612774
batch_norm_18.tmp_3_BatchNormalization 29.0481014 -46.4542694 43.4203491
p2o.Add.9_Add 43.7025986 -54.7831306 58.2416763
batch_norm_19.tmp_3_BatchNormalization 11.2732518 -13.3118448 18.5874710
hardswish_1.tmp_0_HardSwish 6.9737072 -0.3750000 18.5874710
batch_norm_20.tmp_3_BatchNormalization 11.4370708 -45.7259445 11.8470325
hardswish_2.tmp_0_HardSwish 8.1488142 -0.3750000 11.8470325
batch_norm_21.tmp_3_BatchNormalization 28.0727596 -29.9296551 26.5516949
batch_norm_22.tmp_3_BatchNormalization 5.7770429 -7.6989627 5.8555112
hardswish_3.tmp_0_HardSwish 4.0276308 -0.3750000 5.8555112
batch_norm_23.tmp_3_BatchNormalization 6.8150134 -8.3836126 4.1429462
hardswish_4.tmp_0_HardSwish 2.9789947 -0.3750000 4.1429462
batch_norm_24.tmp_3_BatchNormalization 19.4895954 -19.9404755 28.3346596
p2o.Add.19_Add 22.9583416 -28.5629177 33.3776474
batch_norm_25.tmp_3_BatchNormalization 6.6204948 -7.8735485 8.1443224
hardswish_5.tmp_0_HardSwish 2.8262429 -0.3750000 8.1443224
batch_norm_26.tmp_3_BatchNormalization 10.8186607 -15.7285500 12.4886427
hardswish_6.tmp_0_HardSwish 6.8708887 -0.3750000 12.4886427
batch_norm_27.tmp_3_BatchNormalization 20.6378976 -15.7813683 32.0444298
p2o.Add.25_Add 33.0346184 -32.4366531 44.0246506
batch_norm_28.tmp_3_BatchNormalization 6.3326654 -8.4394312 7.0382452
hardswish_7.tmp_0_HardSwish 4.4010525 -0.3750000 7.0382452
batch_norm_29.tmp_3_BatchNormalization 8.4292154 -12.2546911 10.6293783
hardswish_8.tmp_0_HardSwish 9.9699106 -0.3750000 10.6293783
batch_norm_30.tmp_3_BatchNormalization 25.2625034 -27.3090115 24.6113396
p2o.Add.31_Add 28.4046173 -37.8543282 37.2525406
batch_norm_31.tmp_3_BatchNormalization 6.5609341 -8.6957169 8.7436409
hardswish_9.tmp_0_HardSwish 4.9207006 -0.3750000 8.7436409
batch_norm_32.tmp_3_BatchNormalization 12.5656729 -18.2684174 13.8831930
hardswish_10.tmp_0_HardSwish 6.4671806 -0.3750000 13.8831930
batch_norm_33.tmp_3_BatchNormalization 19.2280369 -24.5628071 25.6248646
batch_norm_34.tmp_3_BatchNormalization 5.9560161 -10.5833035 9.1538935
hardswish_11.tmp_0_HardSwish 2.8619890 -0.3750000 9.1538935
batch_norm_35.tmp_3_BatchNormalization 10.9253971 -28.0999870 47.8738899
hardswish_12.tmp_0_HardSwish 9.7256264 -0.3750000 47.8738899
batch_norm_36.tmp_3_BatchNormalization 17.5523739 -56.1401749 31.6084766
p2o.Add.41_Add 20.3195648 -54.1590462 28.6081028
batch_norm_37.tmp_3_BatchNormalization 7.9064631 -11.4946947 11.0726147
hardswish_13.tmp_0_HardSwish 4.2229558 -0.3750000 11.0726147
batch_norm_38.tmp_3_BatchNormalization 9.0951309 -14.5451031 13.7608385
hardswish_14.tmp_0_HardSwish 6.0233078 -0.3750000 13.7608385
batch_norm_39.tmp_3_BatchNormalization 16.1062603 -17.8598881 18.3981667
batch_norm_40.tmp_3_BatchNormalization 5.4249875 -8.9462252 8.5343733
hardswish_15.tmp_0_HardSwish 2.7746095 -0.3750000 8.5343733
batch_norm_41.tmp_3_BatchNormalization 7.6604789 -17.5060005 15.6218596
hardswish_16.tmp_0_HardSwish 6.7375470 -0.3750000 15.6218596
batch_norm_42.tmp_3_BatchNormalization 12.9293356 -15.7793503 20.6768360
p2o.Add.51_Add 21.6170597 -21.6170597 21.4496994
batch_norm_43.tmp_3_BatchNormalization 5.6976204 -10.3551712 9.4447851
hardswish_17.tmp_0_HardSwish 2.8338969 -0.3750000 9.4447851
batch_norm_44.tmp_3_BatchNormalization 8.6387077 -22.6507435 22.1647263
hardswish_18.tmp_0_HardSwish 7.7592785 -0.3750000 22.1647263
batch_norm_45.tmp_3_BatchNormalization 15.3030233 -19.6917000 22.2480755
p2o.Add.57_Add 34.5416565 -24.3696938 34.5416565
batch_norm_46.tmp_3_BatchNormalization 16.5583477 -33.1005249 16.3734970
hardswish_19.tmp_0_HardSwish 11.4622478 -0.3750000 16.3734970
conv2d_243.tmp_0_Conv 52.6368733 -78.3192291 69.1890717
p2o.GlobalAveragePool.1_GlobalAveragePool 8.2989531 -8.2989531 4.1281199
relu_12.tmp_0_Relu 23.7225857 -0.0000000 23.7225857
conv2d_245.tmp_0_Conv 23.7591991 -23.7591991 20.2396488
hardsigmoid_0.tmp_0_HardSigmoid 1.0000000 0.0000000 1.0000000
p2o.Mul.41_Mul 36.3762422 -77.5768814 49.4731407
p2o.Add.65_Add 72.6207817 -155.8961182 118.6622162
conv2d_246.tmp_0_Conv 56.8566727 -104.7820587 121.2539520
p2o.GlobalAveragePool.3_GlobalAveragePool 6.0280958 -5.5256958 6.7195864
relu_13.tmp_0_Relu 21.9248829 -0.0000000 21.9248829
conv2d_248.tmp_0_Conv 16.5269642 -16.5269642 16.4003696
hardsigmoid_1.tmp_0_HardSigmoid 1.0000000 0.0000000 1.0000000
p2o.Mul.43_Mul 42.5859454 -104.7820587 67.4928131
p2o.Add.71_Add 78.6249313 -209.5641174 134.9856262
conv2d_249.tmp_0_Conv 58.2002566 -79.6540985 82.7361526
p2o.GlobalAveragePool.5_GlobalAveragePool 9.7164907 -7.4594784 9.7164907
relu_14.tmp_0_Relu 18.9102001 -0.0000000 18.9102001
conv2d_251.tmp_0_Conv 24.6787491 -24.6787491 18.8564358
hardsigmoid_2.tmp_0_HardSigmoid 1.0000000 0.0000000 1.0000000
p2o.Mul.45_Mul 44.2070179 -58.9330940 52.6092377
p2o.Add.77_Add 82.5351211 -117.8661880 105.2184753
conv2d_252.tmp_0_Conv 76.4404831 -135.8278351 114.1594772
p2o.GlobalAveragePool.7_GlobalAveragePool 7.3465681 -6.9559283 7.3465681
relu_15.tmp_0_Relu 23.7512894 -0.0000000 23.7512894
conv2d_254.tmp_0_Conv 21.5879745 -21.5879745 16.8340759
hardsigmoid_3.tmp_0_HardSigmoid 1.0000000 0.0000000 1.0000000
p2o.Mul.47_Mul 67.2916466 -113.3105774 102.1677933
p2o.Add.83_Add 113.3659286 -226.6211548 214.5887756
nearest_interp_v2_0.tmp_0_Resize 72.6207817 -155.8961182 118.6622162
p2o.Add.85_Add 105.5117569 -210.9204712 186.6972046
nearest_interp_v2_1.tmp_0_Resize 105.5117569 -210.9204712 186.6972046
p2o.Add.87_Add 110.6983414 -221.2885742 187.3155365
nearest_interp_v2_2.tmp_0_Resize 110.6983414 -221.2885742 187.3155365
p2o.Add.89_Add 144.9294891 -231.6830139 231.7739563
conv2d_255.tmp_0_Conv 504.3967422 -802.7211914 647.1958008
p2o.GlobalAveragePool.9_GlobalAveragePool 62.5802574 -62.5802574 55.8342133
relu_16.tmp_0_Relu 98.2298203 -0.0000000 98.2298203
conv2d_257.tmp_0_Conv 35.5230217 -35.5230217 20.0776691
hardsigmoid_4.tmp_0_HardSigmoid 1.0000000 0.0000000 1.0000000
p2o.Mul.49_Mul 451.7512512 -802.7211914 647.1958008
p2o.Add.95_Add 903.5025024 -1605.4423828 1294.3916016
conv2d_258.tmp_0_Conv 1020.1076324 -1337.2355957 771.4883423
p2o.GlobalAveragePool.11_GlobalAveragePool 65.7033587 -97.7610550 54.9670601
relu_17.tmp_0_Relu 84.4000397 -0.0000000 84.4000397
conv2d_260.tmp_0_Conv 21.6485176 -21.6485176 17.6246605
hardsigmoid_5.tmp_0_HardSigmoid 1.0000000 0.0000000 1.0000000
p2o.Mul.51_Mul 839.2443237 -1118.4460449 771.4883423
p2o.Add.101_Add 1538.6146240 -2236.8920898 1542.9766846
conv2d_261.tmp_0_Conv 1123.8741455 -1797.3205566 1459.1608887
p2o.GlobalAveragePool.13_GlobalAveragePool 81.7933655 -81.7933655 74.9763947
relu_18.tmp_0_Relu 80.2415009 -0.0000000 80.2415009
conv2d_263.tmp_0_Conv 63.5688896 -61.2720757 63.5688896
hardsigmoid_6.tmp_0_HardSigmoid 1.0000000 0.0000000 1.0000000
p2o.Mul.53_Mul 924.7193451 -761.5368042 1112.2604980
p2o.Add.107_Add 1391.0047607 -1797.3205566 2224.5209961
conv2d_264.tmp_0_Conv 658.9841370 -736.6729736 786.6230469
p2o.GlobalAveragePool.15_GlobalAveragePool 70.3478546 -47.6441536 70.3478546
relu_19.tmp_0_Relu 77.6794739 -0.0000000 77.6794739
conv2d_266.tmp_0_Conv 58.1676941 -58.1676941 41.2734528
hardsigmoid_7.tmp_0_HardSigmoid 1.0000000 0.0000000 1.0000000
p2o.Mul.55_Mul 457.1212311 -689.7082520 686.9275513
p2o.Add.113_Add 1095.1434784 -1379.4165039 1373.8551025
nearest_interp_v2_3.tmp_0_Resize 1114.0844665 -1605.4423828 1294.3916016
nearest_interp_v2_4.tmp_0_Resize 1538.6146240 -2236.8920898 1542.9766846
nearest_interp_v2_5.tmp_0_Resize 1391.0047607 -1797.3205566 2224.5209961
p2o.Concat.1_Concat 1398.7404785 -2236.8920898 2224.5209961
batch_norm_47.tmp_4_Relu 3.9005342 -0.0000000 5.6707339
p2o.ConvTranspose.1_ConvTranspose 2.3363483 -3.2965209 4.1514802
batch_norm_48.tmp_4_Relu 26.8374195 0.0000000 39.0171852
p2o.ConvTranspose.3_ConvTranspose 204.5097656 -327.0558777 148.6517029
p2o.Add.117_Add 204.4279633 -326.9250488 148.7825317
sigmoid_0.tmp_0_Sigmoid 0.0625305 0.0000000 1.0000000
