# genetated time: 2022-12-31 10:20:26.676415
# histogram number: 2048
# sample number: 100
# tune number: 5
###
# op_name    threshold    min    max
x 2.6355782 -2.1024752 2.6355782
conv2d_97.tmp_0_Conv 31.2542157 -31.4744110 32.4717064
p2o.Clip.1_Clip 6.0000000 0.0000000 6.0000000
p2o.Mul.1_Mul 141.2638153 -2.2500000 194.8302307
batch_norm_27.tmp_4_Div 16.8481672 -0.3750000 32.4717064
depthwise_conv2d_13.tmp_0_Conv 83.9759362 -95.6294632 40.0233879
p2o.Clip.3_Clip 6.0000000 0.0000000 6.0000000
p2o.Mul.3_Mul 231.8873291 -2.2500000 240.1403198
batch_norm_28.tmp_4_Div 38.6478894 -0.3750000 40.0233879
conv2d_98.tmp_0_Conv 50.8506012 -203.3030853 202.4950562
p2o.Clip.5_Clip 6.0000000 0.0000000 6.0000000
p2o.Mul.5_Mul 770.7968811 -2.2500000 1214.9703369
batch_norm_29.tmp_4_Div 120.2407131 -0.3750000 202.4950562
depthwise_conv2d_14.tmp_0_Conv 51.7759285 -118.2871933 42.4671898
p2o.Clip.7_Clip 6.0000000 0.0000000 6.0000000
p2o.Mul.7_Mul 168.8770950 -2.2500000 254.8031311
batch_norm_30.tmp_4_Div 34.5110740 -0.3750000 42.4671898
conv2d_99.tmp_0_Conv 67.7975464 -257.2602539 271.0577698
p2o.Clip.9_Clip 6.0000000 0.0000000 6.0000000
p2o.Mul.9_Mul 1199.4604721 -2.2500000 1626.3466797
batch_norm_31.tmp_4_Div 33.8987732 -0.3750000 271.0577698
depthwise_conv2d_15.tmp_0_Conv 67.4873657 -99.5435715 107.9270554
p2o.Clip.11_Clip 6.0000000 0.0000000 6.0000000
p2o.Mul.11_Mul 356.3016297 -2.2500000 647.5623169
batch_norm_32.tmp_4_Div 56.6867493 -0.3750000 107.9270554
conv2d_100.tmp_0_Conv 102.1321106 -112.0138321 136.1096497
p2o.Clip.13_Clip 6.0000000 0.0000000 6.0000000
p2o.Mul.13_Mul 472.2612533 -2.2500000 816.6578979
batch_norm_33.tmp_4_Div 136.1096497 -0.3750000 136.1096497
depthwise_conv2d_16.tmp_0_Conv 30.0504532 -43.6884079 39.7153931
p2o.Clip.15_Clip 6.0000000 0.0000000 6.0000000
p2o.Mul.15_Mul 193.6489181 -2.2500000 238.2923584
batch_norm_34.tmp_4_Div 34.5069922 -0.3750000 39.7153931
conv2d_101.tmp_0_Conv 35.7470169 -20.1348629 114.3346024
p2o.Clip.17_Clip 6.0000000 0.0000000 6.0000000
p2o.Mul.17_Mul 446.0222595 -2.2500000 686.0076294
batch_norm_35.tmp_4_Div 97.1927903 -0.3750000 114.3346024
depthwise_conv2d_17.tmp_0_Conv 39.9765244 -45.6651459 22.0609798
p2o.Clip.19_Clip 6.0000000 0.0000000 6.0000000
p2o.Mul.19_Mul 120.7911361 -2.2500000 132.3658752
batch_norm_36.tmp_4_Div 20.1318565 -0.3750000 22.0609798
conv2d_102.tmp_0_Conv 13.3779926 -30.5633392 16.2516346
p2o.Clip.21_Clip 6.0000000 0.0000000 6.0000000
p2o.Mul.21_Mul 84.1218651 -2.2500000 97.5098114
batch_norm_37.tmp_4_Div 12.1946793 -0.3750000 16.2516346
depthwise_conv2d_18.tmp_0_Conv 11.5694609 -18.5020981 15.5822239
p2o.Clip.23_Clip 6.0000000 0.0000000 6.0000000
p2o.Mul.23_Mul 86.4870545 -2.2500000 93.4933472
batch_norm_38.tmp_4_Div 14.1225807 -0.3750000 15.5822248
conv2d_103.tmp_0_Conv 10.4959755 -13.3266516 23.9790859
p2o.Clip.25_Clip 6.0000000 0.0000000 6.0000000
p2o.Mul.25_Mul 98.9620438 -2.2500000 143.8745117
batch_norm_39.tmp_4_Div 20.9849216 -0.3750000 23.9790859
depthwise_conv2d_19.tmp_0_Conv 31.9146957 -51.0385818 15.9691238
p2o.Clip.27_Clip 6.0000000 0.0000000 6.0000000
p2o.Mul.27_Mul 85.0396797 -2.2500000 95.8147430
batch_norm_40.tmp_4_Div 14.6222409 -0.3750000 15.9691238
conv2d_104.tmp_0_Conv 10.0734415 -14.3697119 32.2192726
p2o.Clip.29_Clip 6.0000000 0.0000000 6.0000000
p2o.Mul.29_Mul 193.3156433 -2.2500000 193.3156433
batch_norm_41.tmp_4_Div 10.0734415 -0.3750000 32.2192726
depthwise_conv2d_20.tmp_0_Conv 11.0286160 -17.3707237 19.5968552
p2o.Clip.31_Clip 6.0000000 0.0000000 6.0000000
p2o.Mul.31_Mul 48.8849159 -2.2500000 117.5811310
batch_norm_42.tmp_4_Div 8.1474858 -0.3750000 19.5968552
conv2d_105.tmp_0_Conv 12.6438055 -10.5931234 18.3820095
p2o.Clip.33_Clip 6.0000000 0.0000000 6.0000000
p2o.Mul.33_Mul 87.9130588 -2.2500000 110.2920532
batch_norm_43.tmp_4_Div 12.6438055 -0.3750000 18.3820095
depthwise_conv2d_21.tmp_0_Conv 12.1043434 -13.1575079 21.5083256
p2o.Clip.35_Clip 6.0000000 0.0000000 6.0000000
p2o.Mul.35_Mul 56.4806355 -2.2500000 129.0499573
batch_norm_44.tmp_4_Div 9.4134392 -0.3750000 21.5083256
conv2d_106.tmp_0_Conv 10.3655958 -14.7602234 20.7210693
p2o.Clip.37_Clip 6.0000000 0.0000000 6.0000000
p2o.Mul.37_Mul 124.3264160 -2.2500000 124.3264160
batch_norm_45.tmp_4_Div 20.3333717 -0.3750000 20.7210693
depthwise_conv2d_22.tmp_0_Conv 15.2032328 -9.7636929 20.2610798
p2o.Clip.39_Clip 6.0000000 0.0000000 6.0000000
p2o.Mul.39_Mul 98.8210220 -2.2500000 121.5664825
batch_norm_46.tmp_4_Div 16.4701691 -0.3750000 20.2610798
conv2d_107.tmp_0_Conv 8.6294746 -11.5003481 11.3471355
p2o.Clip.41_Clip 6.0000000 0.0000000 6.0000000
p2o.Mul.41_Mul 68.0828094 -2.2500000 68.0828094
batch_norm_47.tmp_4_Div 4.9667969 -0.3750000 11.3471346
depthwise_conv2d_23.tmp_0_Conv 10.5693636 -7.7197819 21.1284046
p2o.Clip.43_Clip 6.0000000 0.0000000 6.0000000
p2o.Mul.43_Mul 103.0512924 -2.2500000 126.7704315
batch_norm_48.tmp_4_Div 17.1752167 -0.3750000 21.1284046
conv2d_108.tmp_0_Conv 8.6857672 -8.9799614 15.4338236
p2o.Clip.45_Clip 6.0000000 0.0000000 6.0000000
p2o.Mul.45_Mul 88.8413728 -2.2500000 92.6029434
batch_norm_49.tmp_4_Div 14.8068952 -0.3750000 15.4338236
depthwise_conv2d_24.tmp_0_Conv 26.6233521 -12.6447248 70.9609375
p2o.Clip.47_Clip 6.0000000 0.0000000 6.0000000
p2o.Mul.47_Mul 199.6439392 -2.2500000 425.7656250
batch_norm_50.tmp_4_Div 39.9246277 -0.3750000 70.9609375
p2o.GlobalAveragePool.1_GlobalAveragePool 13.1885118 -0.3173499 13.1885118
relu_2.tmp_0_Relu 10.6478682 0.0000000 10.6478682
conv2d_110.tmp_0_Conv 4.7432818 -4.7432818 3.3630688
hardsigmoid_2.tmp_0_HardSigmoid 1.0000000 0.0000000 1.0000000
p2o.Mul.49_Mul 3.6857886 -0.3749683 6.1409812
conv2d_111.tmp_0_Conv 10.0173521 -20.0249214 14.3853474
p2o.Clip.49_Clip 6.0000000 0.0000000 6.0000000
p2o.Mul.51_Mul 86.3120880 -2.2500000 86.3120880
batch_norm_51.tmp_4_Div 5.3971410 -0.3750000 14.3853483
depthwise_conv2d_25.tmp_0_Conv 19.3265858 -20.0931625 38.6342964
p2o.Clip.51_Clip 6.0000000 0.0000000 6.0000000
p2o.Mul.53_Mul 140.5669342 -2.2500000 231.8057861
batch_norm_52.tmp_4_Div 38.6342964 -0.3750000 38.6342964
p2o.GlobalAveragePool.3_GlobalAveragePool 7.5277786 -0.3418952 7.5277786
relu_3.tmp_0_Relu 10.6660385 0.0000000 10.6660385
conv2d_113.tmp_0_Conv 4.5426350 -4.5426350 3.6672912
hardsigmoid_3.tmp_0_HardSigmoid 1.0000000 0.0000000 1.0000000
p2o.Mul.55_Mul 5.0064783 -0.3750000 9.0998592
conv2d_114.tmp_0_Conv 73.3031845 -97.6898575 71.2409592
p2o.Clip.53_Clip 6.0000000 0.0000000 6.0000000
p2o.Mul.57_Mul 267.1796875 -2.2500000 427.4457397
batch_norm_53.tmp_4_Div 49.8721520 -0.3750000 71.2409592
p2o.AveragePool.1_AveragePool 37.9941130 -0.3747441 56.2743378
conv2d_115.tmp_0_Conv 3.5615403 -5.9339681 1.6600811
p2o.Mul.59_Mul 2.9684334 -5.9339681 1.6600811
p2o.Sigmoid.1_Sigmoid 0.8402489 0.0026410 0.8402489
swish_21.tmp_0_Mul 1.0028904 -0.2784646 1.3948814
conv2d_116.tmp_0_Conv 13.4129267 -13.4129267 9.6726913
p2o.Mul.62_Mul 13.4129267 -13.4129267 9.6726913
p2o.Sigmoid.3_Sigmoid 0.9999371 0.0000015 0.9999371
swish_22.tmp_0_Mul 7.3783303 -0.2784646 9.6720829
flatten_1.tmp_0_Reshape 7.3783303 -0.2784646 9.6720829
transpose_9.tmp_0_Transpose 7.2576065 -0.2784646 9.6720829
p2o.Add.65_LayerNormalization 4.8967051 -2.2619061 5.1540289
p2o.MatMul.1_MatMul 7.7869434 -7.2056274 7.7869434
p2o.Add.67_Add 8.4586563 -7.6115065 8.4586563
reshape2_5.tmp_0_Reshape 8.4586563 -7.6115065 8.4586563
transpose_10.tmp_0_Transpose 8.4586563 -7.6115065 8.4586563
p2o.helper.slice.2_Slice 8.4586563 -7.6115065 8.4586563
transpose_10.tmp_0_slice_0_Squeeze 8.4586563 -7.6115065 8.4586563
p2o.Mul.67_Mul 2.1840158 -1.9652824 2.1840158
p2o.helper.slice.3_Slice 7.7869434 -7.2056274 7.7869434
transpose_10.tmp_0_slice_1_Squeeze 7.7869434 -7.2056274 7.7869434
p2o.helper.slice.4_Slice 3.4464970 -3.1475511 3.4464970
transpose_10.tmp_0_slice_2_Squeeze 3.4464970 -3.1475511 3.4464970
transpose_11.tmp_0_Transpose 7.7869434 -7.2056274 7.7869434
p2o.MatMul.3_MatMul 17.8179417 -16.0913372 17.8179417
softmax_3.tmp_0_Softmax 0.9993697 0.0000000 0.9993697
p2o.MatMul.5_MatMul 2.0905020 -2.0905020 1.8549682
transpose_12.tmp_0_Transpose 2.0905020 -2.0905020 1.8549682
reshape2_6.tmp_0_Reshape 2.0905020 -2.0905020 1.8549682
p2o.MatMul.7_MatMul 1.8225926 -1.7902067 1.8225926
p2o.Add.69_Add 1.6831100 -1.6831100 1.6578242
p2o.Add.71_Add 9.6843920 -1.6505508 9.6843920
p2o.Add.75_LayerNormalization 8.0104609 -5.9910431 8.0104609
p2o.MatMul.9_MatMul 12.2067604 -12.2067604 5.1561823
p2o.Add.77_Add 12.4163914 -12.4163914 5.0328326
p2o.Mul.71_Mul 12.4163914 -12.4163914 5.0328326
p2o.Sigmoid.5_Sigmoid 0.9935220 0.0000041 0.9935220
swish_23.tmp_0_Mul 4.8283851 -0.2784646 5.0002298
p2o.MatMul.11_MatMul 2.6779869 -2.8588927 3.6452034
p2o.Add.79_Add 3.8161042 -3.0877676 3.8161042
p2o.Add.81_Add 9.6792068 -3.7021775 9.6792068
p2o.Add.85_LayerNormalization 5.2634315 -2.9225349 5.2634315
p2o.MatMul.13_MatMul 4.9863415 -4.9863415 4.9231534
p2o.Add.87_Add 4.9863429 -4.9863429 4.9231524
reshape2_7.tmp_0_Reshape 4.9863429 -4.9863429 4.9231524
transpose_13.tmp_0_Transpose 4.9863429 -4.9863429 4.9231524
p2o.helper.slice.7_Slice 4.8772755 -4.1502657 4.8772755
transpose_13.tmp_0_slice_0_Squeeze 4.8772755 -4.1502657 4.8772755
p2o.Mul.76_Mul 1.2593071 -1.0715940 1.2593071
p2o.helper.slice.8_Slice 4.9863429 -4.9863429 4.9231524
transpose_13.tmp_0_slice_1_Squeeze 4.9863429 -4.9863429 4.9231524
p2o.helper.slice.9_Slice 4.6155944 -4.3830724 4.6155944
transpose_13.tmp_0_slice_2_Squeeze 4.6155944 -4.3830724 4.6155944
transpose_14.tmp_0_Transpose 4.9863429 -4.9863429 4.9231524
p2o.MatMul.15_MatMul 7.4076395 -6.6219859 7.4076395
softmax_4.tmp_0_Softmax 0.8842496 0.0000006 0.8842496
p2o.MatMul.17_MatMul 2.3357058 -2.3357058 2.1553123
transpose_15.tmp_0_Transpose 2.3357058 -2.3357058 2.1553123
reshape2_8.tmp_0_Reshape 2.3357058 -2.3357058 2.1553123
p2o.MatMul.19_MatMul 2.3433807 -2.2656476 2.3433807
p2o.Add.89_Add 2.3391581 -2.1639678 2.3391581
p2o.Add.91_Add 10.9322367 -4.0893717 10.9322367
p2o.Add.95_LayerNormalization 8.0749197 -4.9621119 8.0749197
p2o.MatMul.21_MatMul 10.6830015 -10.6830015 5.6319480
p2o.Add.97_Add 10.7902765 -10.7902765 5.5380459
p2o.Mul.80_Mul 10.7902765 -10.7902765 5.5380459
p2o.Sigmoid.7_Sigmoid 0.9960812 0.0000206 0.9960812
swish_24.tmp_0_Mul 4.9649783 -0.2784646 5.5163431
p2o.MatMul.23_MatMul 8.7287066 -10.4193735 8.9741716
p2o.Add.99_Add 10.8853769 -10.8853769 9.7244215
p2o.Add.101_Add 16.5709000 -12.8413296 16.5709000
p2o.Add.105_LayerNormalization 1.9086952 -1.2066813 2.0349474
reshape2_9.tmp_0_Reshape 1.9086952 -1.2066813 2.0349474
transpose_16.tmp_0_Transpose 1.9907591 -1.2066813 2.0349474
conv2d_117.tmp_0_Conv 5.4038907 -10.2885780 7.4209385
p2o.Mul.85_Mul 5.1468019 -10.2885780 7.4209385
p2o.Sigmoid.9_Sigmoid 0.9994018 0.0000340 0.9994018
swish_25.tmp_0_Mul 7.4164991 -0.2784646 7.4164991
p2o.Concat.3_Concat 32.5343748 -0.3747441 56.2743378
conv2d_118.tmp_0_Conv 3.0979059 -3.0979059 1.0025653
p2o.Mul.88_Mul 3.0979059 -3.0979059 1.0025653
p2o.Sigmoid.11_Sigmoid 0.7315627 0.0431937 0.7315627
swish_26.tmp_0_Mul 0.5962105 -0.2784646 0.7334393
conv2d_119.tmp_0_Conv 46.5330544 -13.9076967 46.5330544
p2o.Mul.91_Mul 46.5330544 -13.9076967 46.5330544
p2o.Sigmoid.13_Sigmoid 1.0000000 0.0000009 1.0000000
swish_27.tmp_0_Mul 37.8265762 -0.2784646 46.5330544
squeeze_1.tmp_0_Squeeze 37.8265762 -0.2784646 46.5330544
transpose_17.tmp_0_Transpose 43.4857870 -0.2784646 46.5330544
p2o.MatMul.25_MatMul 65.2628937 -80.2843399 19.3366985
p2o.Add.107_Add 80.2800598 -80.2800598 20.7588577
softmax_5.tmp_0_Softmax 0.0625301 0.0000000 0.9999933
