# genetated time: 2023-07-22 17:44:50.011371
# histogram number: 2048
# sample number: 100
# tune number: 5
###
# op_name    threshold    min    max
x 2.6355782 -2.1024752 2.6355782
batch_norm_0.tmp_3_BatchNormalization 19.5158844 -18.3668232 20.8067799
hardswish_0.tmp_0_HardSwish 16.9137669 -0.3750000 20.8067799
relu_0.tmp_0_Relu 14.4752102 -0.0000000 19.2908554
relu_1.tmp_0_Relu 15.2215138 -0.0000000 17.7091923
p2o.GlobalAveragePool.1_GlobalAveragePool 2.3300819 0.0481048 2.3300819
relu_2.tmp_0_Relu 3.8234096 -0.0000000 3.8234096
conv2d_56.tmp_0_Conv 3.0405369 -3.0405369 -1.0255073
hardsigmoid_0.tmp_0_HardSigmoid 0.2948985 0.0000000 0.2948985
p2o.Mul.3_Mul 2.0865176 -0.0000000 2.7806649
batch_norm_3.tmp_3_BatchNormalization 11.7085094 -11.7085094 10.1212597
relu_3.tmp_0_Relu 11.2086248 -0.0000000 25.6072044
relu_4.tmp_0_Relu 12.5253441 -0.0000000 18.2162552
batch_norm_6.tmp_3_BatchNormalization 8.4857597 -9.6932764 8.0475693
relu_5.tmp_0_Relu 6.5948720 -0.0000000 7.0310955
relu_6.tmp_0_Relu 7.6112747 -0.0000000 8.6943521
batch_norm_9.tmp_3_BatchNormalization 6.9187670 -8.5112476 8.1752558
p2o.Add.7_Add 13.5955248 -13.5955248 10.9156094
batch_norm_10.tmp_3_BatchNormalization 13.7450743 -10.8223114 21.9813805
hardswish_1.tmp_0_HardSwish 16.4940891 -0.3750000 21.9813805
batch_norm_11.tmp_3_BatchNormalization 14.4857769 -10.9632540 14.4857769
hardswish_2.tmp_0_HardSwish 9.1022623 -0.3750000 14.4857769
p2o.GlobalAveragePool.3_GlobalAveragePool 1.9374145 -0.2507775 1.9374145
relu_7.tmp_0_Relu 2.1306379 -0.0000000 2.1306379
conv2d_64.tmp_0_Conv 2.1844685 -2.1844685 1.2853255
hardsigmoid_1.tmp_0_HardSigmoid 0.7570651 0.0631063 0.7570651
p2o.Mul.9_Mul 2.9503582 -0.2724128 4.2893348
batch_norm_12.tmp_3_BatchNormalization 6.8373017 -6.8373017 6.0126491
batch_norm_13.tmp_3_BatchNormalization 10.6811399 -14.2345657 12.4623222
hardswish_3.tmp_0_HardSwish 7.0134811 -0.3750000 12.4623222
batch_norm_14.tmp_3_BatchNormalization 9.1607323 -12.2083454 11.6000786
hardswish_4.tmp_0_HardSwish 7.2535906 -0.3750000 11.6000786
p2o.GlobalAveragePool.5_GlobalAveragePool 1.2954947 -0.3227947 1.2954947
relu_8.tmp_0_Relu 1.7816256 -0.0000000 1.7816256
conv2d_68.tmp_0_Conv 3.3439853 -3.3439853 2.8915229
hardsigmoid_2.tmp_0_HardSigmoid 1.0000000 0.0000000 1.0000000
p2o.Mul.15_Mul 2.9971566 -0.3750000 4.3573718
batch_norm_15.tmp_3_BatchNormalization 5.5128193 -5.5128193 5.4844928
p2o.Add.25_Add 10.1421919 -10.1421919 8.9313641
batch_norm_16.tmp_3_BatchNormalization 8.3077831 -10.2718773 11.0716352
hardswish_5.tmp_0_HardSwish 6.0912924 -0.3750000 11.0716352
batch_norm_17.tmp_3_BatchNormalization 7.6267958 -12.1969147 9.9351835
hardswish_6.tmp_0_HardSwish 9.1916220 -0.3750000 9.9351835
p2o.GlobalAveragePool.7_GlobalAveragePool 0.8552020 -0.2779611 0.8552020
relu_9.tmp_0_Relu 1.9350994 -0.0000000 1.9350994
conv2d_72.tmp_0_Conv 3.5411466 -3.6312630 2.2819960
hardsigmoid_3.tmp_0_HardSigmoid 0.9563992 0.0000000 0.9563992
p2o.Mul.21_Mul 3.0458019 -0.3522315 4.4280939
batch_norm_18.tmp_3_BatchNormalization 7.3717752 -7.3717752 6.4349985
p2o.Add.35_Add 12.6922207 -12.6922207 11.6223087
batch_norm_19.tmp_3_BatchNormalization 7.9055848 -9.0305424 8.4734306
hardswish_7.tmp_0_HardSwish 6.8880262 -0.3750000 8.4734306
batch_norm_20.tmp_3_BatchNormalization 11.3478394 -10.8240347 11.3478394
hardswish_8.tmp_0_HardSwish 11.3478394 -0.3750000 11.3478394
p2o.GlobalAveragePool.9_GlobalAveragePool 1.0370251 -0.1590030 1.0370251
relu_10.tmp_0_Relu 2.3499184 -0.0000000 2.3499184
conv2d_76.tmp_0_Conv 2.1295426 -2.1295426 1.7543482
hardsigmoid_4.tmp_0_HardSigmoid 0.8508697 0.0740915 0.8508697
p2o.Mul.27_Mul 3.5944533 -0.3190681 4.7902641
batch_norm_21.tmp_3_BatchNormalization 7.1775222 -7.1775222 5.9933581
p2o.Add.45_Add 13.6753426 -13.6753426 12.1858635
batch_norm_22.tmp_3_BatchNormalization 8.3616323 -8.3140526 8.3616323
hardswish_9.tmp_0_HardSwish 8.3616323 -0.3750000 8.3616323
batch_norm_23.tmp_3_BatchNormalization 8.1377020 -11.8308783 10.0104952
hardswish_10.tmp_0_HardSwish 9.2612974 -0.3750000 10.0104952
p2o.GlobalAveragePool.11_GlobalAveragePool 0.8259673 -0.1373406 0.8259673
relu_11.tmp_0_Relu 1.8593607 -0.0000000 1.8593607
conv2d_80.tmp_0_Conv 2.1331434 -2.1331434 2.1277678
hardsigmoid_5.tmp_0_HardSigmoid 0.9255536 0.0733713 0.9255536
p2o.Mul.33_Mul 3.3023048 -0.3470495 5.4448795
batch_norm_24.tmp_3_BatchNormalization 7.8536773 -6.5619464 7.8536773
p2o.Add.55_Add 14.8037987 -14.8037987 13.7731228
batch_norm_25.tmp_3_BatchNormalization 8.8601761 -8.8309088 8.8601761
hardswish_11.tmp_0_HardSwish 6.0943470 -0.3750000 8.8601761
batch_norm_26.tmp_3_BatchNormalization 10.2557277 -9.5581255 13.4439974
hardswish_12.tmp_0_HardSwish 11.4303534 -0.3750000 13.4439974
p2o.GlobalAveragePool.13_GlobalAveragePool 0.9705636 -0.2585831 0.9705636
relu_12.tmp_0_Relu 2.0831220 -0.0000000 2.0831220
conv2d_84.tmp_0_Conv 2.2995555 -2.2995555 2.2164488
hardsigmoid_6.tmp_0_HardSigmoid 0.9432898 0.0400889 0.9432898
p2o.Mul.39_Mul 3.4628265 -0.3221182 5.0343790
batch_norm_27.tmp_3_BatchNormalization 6.0246606 -6.0246606 5.7325931
batch_norm_28.tmp_3_BatchNormalization 9.6219330 -10.8255939 12.8229790
hardswish_13.tmp_0_HardSwish 7.7771026 -0.3750000 12.8229790
batch_norm_29.tmp_3_BatchNormalization 10.0344133 -11.9854841 16.0472221
hardswish_14.tmp_0_HardSwish 9.2798725 -0.3750000 16.0472221
p2o.GlobalAveragePool.15_GlobalAveragePool 1.4816563 -0.2919719 1.4816563
relu_13.tmp_0_Relu 3.6416564 -0.0000000 3.6416564
conv2d_88.tmp_0_Conv 10.3953304 -8.9230652 10.3953304
hardsigmoid_7.tmp_0_HardSigmoid 1.0000000 0.0000000 1.0000000
p2o.Mul.45_Mul 6.5008953 -0.3750000 12.2338152
batch_norm_30.tmp_3_BatchNormalization 8.4087524 -7.9141812 8.4087524
p2o.Add.73_Add 9.3463850 -8.9471207 9.3463850
batch_norm_31.tmp_3_BatchNormalization 7.9849224 -11.6087608 10.6319809
hardswish_15.tmp_0_HardSwish 9.9723511 -0.3750000 10.6319809
batch_norm_32.tmp_3_BatchNormalization 13.2899334 -13.8931894 20.4391384
hardswish_16.tmp_0_HardSwish 18.5270252 -0.3750000 20.4391384
p2o.GlobalAveragePool.17_GlobalAveragePool 1.5843329 -0.2635309 1.5843329
relu_14.tmp_0_Relu 4.7236228 -0.0000000 4.7236228
conv2d_92.tmp_0_Conv 8.5249195 -8.5249195 5.9730124
hardsigmoid_8.tmp_0_HardSigmoid 1.0000000 0.0000000 1.0000000
p2o.Mul.51_Mul 6.8578419 -0.3750000 15.2355137
batch_norm_33.tmp_3_BatchNormalization 15.3804026 -11.6378632 15.3804026
p2o.Add.83_Add 18.5535088 -15.8389788 18.5535088
batch_norm_34.tmp_3_BatchNormalization 7.6059809 -7.3678012 9.3566360
hardswish_17.tmp_0_HardSwish 7.3712651 -0.3750000 9.3566360
p2o.MaxPool.1_MaxPool 9.3566360 -0.3744934 9.3566360
p2o.GlobalAveragePool.19_GlobalAveragePool 2.6173304 -0.1892313 2.9686522
reshape2_0.tmp_0_Reshape 2.6173304 -0.1892313 2.9686522
p2o.Add.87_Add 19.6752415 -19.6752415 19.1381454
softmax_0.tmp_0_Softmax 1.0000000 0.0000000 1.0000000
