# genetated time: 2022-12-17 20:53:33.101748
# histogram number: 2048
# sample number: 100
# tune number: 5
###
# op_name    threshold    min    max
image 2.6399705 -2.1179342 2.6399705
conv2d_100.tmp_0_Conv 37.6576542 -34.4213486 41.1263733
hardswish_43.tmp_0_HardSwish 32.6459425 -0.3750000 41.1263733
depthwise_conv2d_0.tmp_0_Conv 47.8193905 -53.1297722 51.2437592
hardswish_44.tmp_0_HardSwish 24.3451662 -0.3750000 51.2437592
conv2d_101.tmp_0_Conv 337.7476265 -246.6191711 574.8238525
hardswish_45.tmp_0_HardSwish 97.0348728 -0.3750000 574.8238525
depthwise_conv2d_1.tmp_0_Conv 80.8051605 -80.8051605 20.3037415
hardswish_46.tmp_0_HardSwish 12.6960373 -0.3750000 20.3037415
conv2d_102.tmp_0_Conv 98.2243748 -285.7055664 172.7583008
hardswish_47.tmp_0_HardSwish 95.5740788 -0.3750000 172.7583008
depthwise_conv2d_2.tmp_0_Conv 34.1632773 -65.0441589 60.0758286
hardswish_48.tmp_0_HardSwish 38.1189496 -0.3750000 60.0758286
conv2d_103.tmp_0_Conv 251.4185390 -134.2727814 396.2990417
hardswish_49.tmp_0_HardSwish 74.3423691 -0.3750000 396.2990417
depthwise_conv2d_3.tmp_0_Conv 18.1559277 -48.3921661 12.4345684
hardswish_50.tmp_0_HardSwish 12.4345684 -0.3750000 12.4345684
conv2d_104.tmp_0_Conv 99.2141255 -96.7862930 179.3538361
hardswish_51.tmp_0_HardSwish 171.5076534 -0.3750000 179.3538361
depthwise_conv2d_4.tmp_0_Conv 11.8121538 -15.7418480 14.9930887
hardswish_52.tmp_0_HardSwish 14.7125634 -0.3750000 14.9930887
conv2d_105.tmp_0_Conv 11.4828815 -16.6942177 8.4538879
hardswish_53.tmp_0_HardSwish 7.7408621 -0.3750000 8.4538879
depthwise_conv2d_5.tmp_0_Conv 10.7188921 -28.5697556 13.3579311
hardswish_54.tmp_0_HardSwish 10.0233431 -0.3750000 13.3579311
conv2d_106.tmp_0_Conv 11.8461178 -17.2817783 23.6852932
hardswish_55.tmp_0_HardSwish 7.4052696 -0.3750000 23.6852932
depthwise_conv2d_6.tmp_0_Conv 16.8848648 -24.5478115 19.6135464
hardswish_56.tmp_0_HardSwish 19.6135464 -0.3750000 19.6135464
conv2d_107.tmp_0_Conv 26.4137085 -30.4594460 36.7452927
hardswish_57.tmp_0_HardSwish 4.5954056 -0.3750000 36.7452927
depthwise_conv2d_7.tmp_0_Conv 11.6126966 -16.1456108 18.5712414
hardswish_58.tmp_0_HardSwish 9.6952403 -0.3750000 18.5712414
conv2d_108.tmp_0_Conv 22.8734557 -38.5159912 36.2469101
hardswish_59.tmp_0_HardSwish 36.2469101 -0.3750000 36.2469101
depthwise_conv2d_8.tmp_0_Conv 12.0454731 -14.1773815 32.1055756
hardswish_60.tmp_0_HardSwish 10.0378942 -0.3750000 32.1055756
conv2d_109.tmp_0_Conv 12.1626493 -16.4444504 21.1447983
hardswish_61.tmp_0_HardSwish 17.1885414 -0.3750000 21.1447983
depthwise_conv2d_9.tmp_0_Conv 14.3942146 -15.5902576 25.5772190
hardswish_62.tmp_0_HardSwish 12.7948570 -0.3750000 25.5772190
conv2d_110.tmp_0_Conv 11.7401001 -11.6380043 19.5604630
hardswish_63.tmp_0_HardSwish 4.8925047 -0.3750000 19.5604630
depthwise_conv2d_10.tmp_0_Conv 30.5840671 -18.4763775 119.3282852
hardswish_64.tmp_0_HardSwish 57.8016421 -0.3750000 119.3282852
conv2d_111.tmp_0_Conv 25.8009682 -412.6139221 10.6280365
hardswish_65.tmp_0_HardSwish 10.6280365 -0.3750000 10.6280365
depthwise_conv2d_11.tmp_0_Conv 24.0303092 -19.7971802 38.4372292
hardswish_66.tmp_0_HardSwish 38.4372292 -0.3750000 38.4372292
p2o.GlobalAveragePool.1_GlobalAveragePool 6.9170446 -0.3228554 6.9170446
relu_0.tmp_0_Relu 5.0416059 0.0000000 5.0416059
conv2d_113.tmp_0_Conv 3.9832654 -3.9832654 2.1055756
hardsigmoid_2.tmp_0_HardSigmoid 0.8509293 0.0000000 0.8509293
p2o.Mul.49_Mul 5.3279434 -0.3189539 8.1946802
conv2d_114.tmp_0_Conv 13.1023853 -12.6351452 18.8810863
hardswish_67.tmp_0_HardSwish 14.7520592 -0.3750000 18.8810863
depthwise_conv2d_12.tmp_0_Conv 39.4374725 -15.9899187 49.2908211
hardswish_68.tmp_0_HardSwish 41.8984019 -0.3750000 49.2908211
p2o.GlobalAveragePool.3_GlobalAveragePool 8.9154148 -0.3564170 8.9154148
relu_1.tmp_0_Relu 8.2734146 0.0000000 8.2734146
conv2d_116.tmp_0_Conv 7.0301113 -7.0301113 5.3839984
hardsigmoid_3.tmp_0_HardSigmoid 1.0000000 0.0000000 1.0000000
p2o.Mul.55_Mul 9.5528516 -0.3749999 15.0577040
conv2d_117.tmp_0_Conv 40.8612785 -58.8777084 72.6068039
hardswish_69.tmp_0_HardSwish 42.6613743 -0.3750000 72.6068039
conv2d_118.tmp_0_Conv 1.9099138 -2.7767000 2.4771824
hardswish_70.tmp_0_HardSwish 2.2613299 -0.3750000 2.2613299
conv2d_119.tmp_0_Conv 1.1681757 -2.2241135 1.4732797
hardswish_71.tmp_0_HardSwish 1.0983987 -0.3749993 1.0983987
conv2d_120.tmp_0_Conv 2.9654783 -5.3901029 3.5327704
hardswish_72.tmp_0_HardSwish 2.2083698 -0.3750000 3.5327704
nearest_interp_v2_0.tmp_0_Resize 1.9876364 -0.3750000 3.5327704
p2o.Concat.1_Concat 1.1045301 -0.3750000 3.5327704
depthwise_conv2d_13.tmp_0_Conv 12.5951481 -33.5706635 18.8761806
hardswish_73.tmp_0_HardSwish 11.2099801 -0.3750000 18.8761806
conv2d_121.tmp_0_Conv 8.1416073 -10.8501759 10.1344805
hardswish_74.tmp_0_HardSwish 4.7209248 -0.3750000 10.1344805
depthwise_conv2d_14.tmp_0_Conv 11.6341953 -26.5794601 14.7520161
hardswish_75.tmp_0_HardSwish 10.8820442 -0.3750000 14.7520161
conv2d_122.tmp_0_Conv 9.0362425 -9.0858622 11.1160994
hardswish_76.tmp_0_HardSwish 7.9922418 -0.3750000 11.1160994
nearest_interp_v2_1.tmp_0_Resize 7.5757274 -0.3750000 11.1160994
p2o.Concat.3_Concat 4.8656693 -0.3750000 11.1160994
depthwise_conv2d_15.tmp_0_Conv 8.0345507 -12.0629892 16.0612545
hardswish_77.tmp_0_HardSwish 7.0302320 -0.3750000 16.0612545
conv2d_123.tmp_0_Conv 8.5888720 -11.2519140 12.4868050
hardswish_78.tmp_0_HardSwish 11.0825732 -0.3750000 12.4868050
depthwise_conv2d_16.tmp_0_Conv 9.2010469 -15.2759085 18.3931084
hardswish_79.tmp_0_HardSwish 14.3739403 -0.3750000 18.3931084
conv2d_124.tmp_0_Conv 8.5976515 -10.6900597 13.7495260
hardswish_80.tmp_0_HardSwish 4.8133417 -0.3750000 13.7495260
depthwise_conv2d_17.tmp_0_Conv 2.1574266 -3.5539753 5.7503285
hardswish_81.tmp_0_HardSwish 1.3122941 -0.3750000 5.7503285
conv2d_125.tmp_0_Conv 2.4660405 -4.9306359 3.9125595
hardswish_82.tmp_0_HardSwish 3.9125595 -0.3750000 3.9125595
p2o.Concat.5_Concat 4.8656693 -0.3750000 11.1160994
depthwise_conv2d_18.tmp_0_Conv 11.7572170 -28.9284496 25.2234287
hardswish_83.tmp_0_HardSwish 11.0375603 -0.3750000 25.2234287
conv2d_126.tmp_0_Conv 11.4092689 -15.4657135 14.8462257
hardswish_84.tmp_0_HardSwish 14.3824171 -0.3750000 14.8462257
depthwise_conv2d_19.tmp_0_Conv 11.8322819 -13.8303261 16.8973637
hardswish_85.tmp_0_HardSwish 10.9861756 -0.3750000 16.8973637
conv2d_127.tmp_0_Conv 9.5714712 -10.7556496 14.2415419
hardswish_86.tmp_0_HardSwish 9.7958431 -0.3750000 14.2415419
depthwise_conv2d_20.tmp_0_Conv 2.1727197 -5.6968842 3.6271746
hardswish_87.tmp_0_HardSwish 1.3833587 -0.3749999 3.6271746
conv2d_128.tmp_0_Conv 1.7457261 -1.6511288 2.3264983
hardswish_88.tmp_0_HardSwish 1.9233870 -0.3749259 2.0653481
p2o.Concat.7_Concat 1.1045301 -0.3750000 3.5327704
depthwise_conv2d_21.tmp_0_Conv 10.6843643 -24.4094791 16.3092327
hardswish_89.tmp_0_HardSwish 11.2140913 -0.3750000 16.3092327
conv2d_129.tmp_0_Conv 7.8548393 -13.9573402 11.9419270
hardswish_90.tmp_0_HardSwish 11.4950528 -0.3750000 11.9419270
depthwise_conv2d_22.tmp_0_Conv 11.3597517 -13.9744062 12.8253117
hardswish_91.tmp_0_HardSwish 9.1804044 -0.3750000 12.8253117
conv2d_130.tmp_0_Conv 9.2016239 -8.2869558 12.2628403
hardswish_92.tmp_0_HardSwish 7.0536793 -0.3750000 12.2628403
depthwise_conv2d_23.tmp_0_Conv 1.6831510 -1.6831510 1.5294415
hardswish_93.tmp_0_HardSwish 0.7326009 -0.3694093 1.1545860
conv2d_131.tmp_0_Conv 1.0332702 -2.3608708 1.5029706
hardswish_94.tmp_0_HardSwish 0.5993901 -0.3749945 1.1279720
depthwise_conv2d_24.tmp_0_Conv 1.3662519 -0.9841930 1.3662519
hardswish_95.tmp_0_HardSwish 0.9942334 -0.3306572 0.9942334
conv2d_132.tmp_0_Conv 1.4605949 -1.0843375 1.4605949
hardswish_96.tmp_0_HardSwish 0.6245913 -0.3462041 1.0858537
p2o.Add.117_Add 1.2605237 -0.5198181 1.2605237
depthwise_conv2d_25.tmp_0_Conv 10.3521385 -17.3108444 33.1106682
hardswish_97.tmp_0_HardSwish 9.5231585 -0.3750000 33.1106682
conv2d_133.tmp_0_Conv 9.9397383 -22.7083092 15.7336025
hardswish_98.tmp_0_HardSwish 14.6521575 -0.3750000 15.7336025
depthwise_conv2d_26.tmp_0_Conv 11.4476728 -21.8731251 45.7683334
hardswish_99.tmp_0_HardSwish 8.5857544 -0.3750000 45.7683334
conv2d_134.tmp_0_Conv 16.9002972 -30.0303001 29.3894958
hardswish_100.tmp_0_HardSwish 29.3894958 -0.3750000 29.3894958
p2o.GlobalAveragePool.5_GlobalAveragePool 3.2584505 -0.3282351 3.2584505
conv2d_135.tmp_0_Conv 2.0770020 -2.0770020 1.9277914
sigmoid_0.tmp_0_Sigmoid 0.8730047 0.1113523 0.8730047
p2o.Mul.121_Mul 4.6684670 -0.3273764 12.2407484
conv2d_136.tmp_0_Conv 19.8570080 -39.6946259 19.5880508
hardswish_101.tmp_0_HardSwish 19.5880508 -0.3750000 19.5880508
conv2d_137.tmp_0_Conv 22.1110115 -27.2002640 3.2577560
conv2d_138.tmp_0_Conv 12.2558470 -9.8394241 15.0767546
conv2d_139.tmp_0_Conv 5.0107269 -1.8963133 5.0107269
hardswish_102.tmp_0_HardSwish 5.0107269 -0.3750000 5.0107269
conv2d_140.tmp_0_Conv 5.3105249 -5.3105249 4.9255819
sigmoid_1.tmp_0_Sigmoid 0.9927938 0.0049151 0.9927938
sigmoid_2.tmp_0_Sigmoid 0.8726771 0.0000000 0.9629508
p2o.Mul.127_Mul 0.0501610 0.0000000 0.8021840
sqrt_0.tmp_0_Sqrt 0.4338442 0.0000012 0.8956472
reshape2_0.tmp_0_Reshape 0.4338442 0.0000012 0.8956472
transpose_0.tmp_0_Transpose 0.0560053 0.0000012 0.8956472
reshape2_1.tmp_0_Reshape 12.2558470 -9.8394241 15.0767546
transpose_1.tmp_0_Transpose 12.2558470 -9.8394241 15.0767546
depthwise_conv2d_27.tmp_0_Conv 10.9482269 -26.3851967 35.0172195
hardswish_103.tmp_0_HardSwish 7.9913501 -0.3750000 35.0172195
conv2d_141.tmp_0_Conv 12.0035887 -10.5737486 12.0035887
hardswish_104.tmp_0_HardSwish 9.7576809 -0.3750000 12.0035887
depthwise_conv2d_28.tmp_0_Conv 15.0019970 -17.1367683 16.1373119
hardswish_105.tmp_0_HardSwish 7.9709017 -0.3750000 16.1373119
conv2d_142.tmp_0_Conv 16.2903728 -16.2568588 17.3679142
hardswish_106.tmp_0_HardSwish 17.3679142 -0.3750000 17.3679142
p2o.GlobalAveragePool.7_GlobalAveragePool 3.2530634 -0.2992596 3.2530634
conv2d_143.tmp_0_Conv 2.3091447 -2.3091447 1.9329009
sigmoid_3.tmp_0_Sigmoid 0.8735702 0.0903684 0.8735702
p2o.Mul.137_Mul 4.6703505 -0.3275850 8.8919754
conv2d_144.tmp_0_Conv 13.0364437 -14.1441078 16.0370197
hardswish_107.tmp_0_HardSwish 14.2343238 -0.3750000 16.0370197
conv2d_145.tmp_0_Conv 22.0949020 -22.0949020 4.5692196
conv2d_146.tmp_0_Conv 13.3574915 -8.1482744 13.3574915
conv2d_147.tmp_0_Conv 9.4809093 -6.4877439 9.4809093
hardswish_108.tmp_0_HardSwish 8.8903790 -0.3750000 9.4809093
conv2d_148.tmp_0_Conv 5.7938614 -5.7938614 1.3117634
sigmoid_4.tmp_0_Sigmoid 0.7878081 0.0030369 0.7878081
sigmoid_5.tmp_0_Sigmoid 0.8505626 0.0000000 0.9897403
p2o.Mul.143_Mul 0.1207155 0.0000000 0.7724428
sqrt_1.tmp_0_Sqrt 0.6729047 0.0000128 0.8788872
reshape2_2.tmp_0_Reshape 0.6729047 0.0000128 0.8788872
transpose_2.tmp_0_Transpose 0.0549573 0.0000128 0.8788872
reshape2_3.tmp_0_Reshape 13.3574915 -8.1482744 13.3574915
transpose_3.tmp_0_Transpose 13.3574915 -8.1482744 13.3574915
depthwise_conv2d_29.tmp_0_Conv 7.7187323 -9.4967661 8.1171455
hardswish_109.tmp_0_HardSwish 8.1171455 -0.3750000 8.1171455
conv2d_149.tmp_0_Conv 10.9195442 -7.8712006 10.9195442
hardswish_110.tmp_0_HardSwish 6.1452446 -0.3750000 10.9195442
depthwise_conv2d_30.tmp_0_Conv 10.5718889 -16.9067631 15.9854727
hardswish_111.tmp_0_HardSwish 9.9958019 -0.3750000 15.9854727
conv2d_150.tmp_0_Conv 12.6296921 -11.9483414 25.2470512
hardswish_112.tmp_0_HardSwish 22.7235794 -0.3750000 25.2470512
p2o.GlobalAveragePool.9_GlobalAveragePool 3.7942817 -0.3216771 3.7942817
conv2d_151.tmp_0_Conv 2.4836912 -2.4836912 1.1202307
sigmoid_6.tmp_0_Sigmoid 0.7540315 0.0770094 0.7540315
p2o.Mul.153_Mul 4.1564379 -0.2687293 13.2941074
conv2d_152.tmp_0_Conv 20.4409142 -28.6049500 36.3216591
hardswish_113.tmp_0_HardSwish 35.1878269 -0.3750000 36.3216591
conv2d_153.tmp_0_Conv 21.6122127 -22.1644287 4.5378852
conv2d_154.tmp_0_Conv 11.2604694 -11.2604694 10.3940859
conv2d_155.tmp_0_Conv 3.0692465 -3.0692465 1.1634413
hardswish_114.tmp_0_HardSwish 0.8073199 -0.3749931 0.8073199
conv2d_156.tmp_0_Conv 8.2705088 -8.2705088 4.1851134
sigmoid_7.tmp_0_Sigmoid 0.9850076 0.0002559 0.9850076
sigmoid_8.tmp_0_Sigmoid 0.9894171 0.0000000 0.9894171
p2o.Mul.159_Mul 0.7447983 0.0000000 0.9727881
sqrt_2.tmp_0_Sqrt 0.8568573 0.0000116 0.9863002
reshape2_4.tmp_0_Reshape 0.8568573 0.0000116 0.9863002
transpose_4.tmp_0_Transpose 0.1233478 0.0000116 0.9863002
reshape2_5.tmp_0_Reshape 11.2604694 -11.2604694 10.3940859
transpose_5.tmp_0_Transpose 11.2604694 -11.2604694 10.3940859
depthwise_conv2d_31.tmp_0_Conv 12.0336180 -12.0336180 7.9252439
hardswish_115.tmp_0_HardSwish 7.5797001 -0.3750000 7.9252439
conv2d_157.tmp_0_Conv 8.2375374 -8.2375374 7.7779078
hardswish_116.tmp_0_HardSwish 7.6321908 -0.3750000 7.7779078
depthwise_conv2d_32.tmp_0_Conv 12.4011288 -11.2118254 12.4011288
hardswish_117.tmp_0_HardSwish 10.8517449 -0.3750000 12.4011288
conv2d_158.tmp_0_Conv 8.4307003 -8.9370375 12.2568493
hardswish_118.tmp_0_HardSwish 12.2568493 -0.3750000 12.2568493
p2o.GlobalAveragePool.11_GlobalAveragePool 5.2576404 -0.3557703 5.2576404
conv2d_159.tmp_0_Conv 1.4427564 -1.4427564 1.1246887
sigmoid_9.tmp_0_Sigmoid 0.7548574 0.1911189 0.7548574
p2o.Mul.169_Mul 5.1527218 -0.2662579 5.2178493
conv2d_160.tmp_0_Conv 14.8585548 -10.8923292 14.8585548
hardswish_119.tmp_0_HardSwish 14.8585548 -0.3750000 14.8585548
conv2d_161.tmp_0_Conv 16.5015978 -16.6050243 2.3699248
conv2d_162.tmp_0_Conv 7.5213919 -4.9374075 7.5213919
conv2d_163.tmp_0_Conv 1.2584240 -0.7699096 1.2584240
hardswish_120.tmp_0_HardSwish 0.8931505 -0.2861613 0.8931505
conv2d_164.tmp_0_Conv 4.7414894 -4.7414894 4.6554165
sigmoid_10.tmp_0_Sigmoid 0.9905797 0.0086502 0.9905797
sigmoid_11.tmp_0_Sigmoid 0.7001749 0.0000001 0.9145050
p2o.Mul.175_Mul 0.0531194 0.0000000 0.8494947
sqrt_3.tmp_0_Sqrt 0.4724119 0.0001860 0.9216804
reshape2_6.tmp_0_Reshape 0.4724119 0.0001860 0.9216804
transpose_6.tmp_0_Transpose 0.1728995 0.0001860 0.9216804
reshape2_7.tmp_0_Reshape 7.5213919 -4.9374075 7.5213919
transpose_7.tmp_0_Transpose 7.5213919 -4.9374075 7.5213919
