# genetated time: 2023-07-20 11:46:09.394727
# histogram number: 2048
# sample number: 100
# tune number: 5
###
# op_name    threshold    min    max
image 2.6355782 -2.1148427 2.6355782
conv2d_150.tmp_0_Conv 22.0337696 -35.2368164 33.8449135
swish_0.tmp_0_Mul 17.9847598 -0.2784646 33.8449135
conv2d_151.tmp_0_Conv 52.7727432 -105.4939499 97.3560867
swish_1.tmp_0_Mul 42.6140976 -0.2784646 97.3560867
conv2d_152.tmp_0_Conv 73.2735519 -167.4006348 141.1965027
swish_2.tmp_0_Mul 58.7031181 -0.2784646 141.1965027
conv2d_153.tmp_0_Conv 31.8108940 -56.5250854 35.7494736
swish_3.tmp_0_Mul 15.6462887 -0.2784646 35.7494736
conv2d_154.tmp_0_Conv 20.1795235 -32.2012978 32.2714729
swish_4.tmp_0_Mul 32.2714729 -0.2784646 32.2714729
conv2d_155.tmp_0_Conv 13.7840500 -31.4910145 7.9962993
swish_5.tmp_0_Mul 4.3982418 -0.2784646 7.9936085
conv2d_156.tmp_0_Conv 18.6655312 -27.1366062 10.2041454
swish_6.tmp_0_Mul 6.3804698 -0.2784646 10.2037668
conv2d_157.tmp_0_Conv 9.8215504 -13.0890064 10.0579100
swish_7.tmp_0_Mul 6.2889957 -0.2784646 10.0574799
elementwise_add_0_Add 8.0532160 -0.5569291 12.8788538
conv2d_158.tmp_0_Conv 11.2155018 -16.3054924 11.3467999
swish_8.tmp_0_Mul 5.8157900 -0.2784646 11.3466663
conv2d_159.tmp_0_Conv 54.1265793 -70.5478210 120.2486496
swish_9.tmp_0_Mul 42.0958390 -0.2784646 120.2486496
elementwise_add_1_Add 45.6916470 -0.8353832 119.8037720
p2o.Concat.1_Concat 41.9400986 -0.8353832 119.8037720
p2o.ReduceMean.1_ReduceMean 6.2705355 -0.4141832 6.2705355
conv2d_160.tmp_0_Conv 4.1497674 -4.1497674 0.1016357
hardsigmoid_0.tmp_0_HardSigmoid 0.5169393 0.0000000 0.5169393
tmp_0_Mul 3.1655102 -0.3887768 6.3279290
conv2d_161.tmp_0_Conv 11.1303539 -17.7998714 14.3823872
swish_10.tmp_0_Mul 5.8453442 -0.2784646 14.3823786
conv2d_162.tmp_0_Conv 10.8136683 -21.6167755 14.4685926
swish_11.tmp_0_Mul 7.0098781 -0.2784646 14.4685860
conv2d_163.tmp_0_Conv 33.0940460 -37.0166016 75.6150360
swish_12.tmp_0_Mul 38.7587090 -0.2784646 75.6150360
conv2d_164.tmp_0_Conv 13.9965496 -20.3486767 7.3093104
swish_13.tmp_0_Mul 4.3840804 -0.2784646 7.3044219
conv2d_165.tmp_0_Conv 12.4367485 -16.5742340 9.8468065
swish_14.tmp_0_Mul 4.9245859 -0.2784646 9.8462858
conv2d_166.tmp_0_Conv 7.1629968 -9.1646614 10.4138174
swish_15.tmp_0_Mul 4.1664192 -0.2784646 10.4135046
elementwise_add_2_Add 7.9196301 -0.5569291 10.5543509
conv2d_167.tmp_0_Conv 7.0728440 -8.7007885 8.0351810
swish_16.tmp_0_Mul 3.8161620 -0.2784646 8.0325794
conv2d_168.tmp_0_Conv 8.3504009 -14.8379078 8.4808283
swish_17.tmp_0_Mul 4.9820230 -0.2784646 8.4790697
elementwise_add_3_Add 8.2542849 -0.8353800 14.6671200
conv2d_169.tmp_0_Conv 7.0157528 -9.3497696 8.0737467
swish_18.tmp_0_Mul 4.2889508 -0.2784646 8.0712318
conv2d_170.tmp_0_Conv 10.6409187 -18.9079514 11.9668102
swish_19.tmp_0_Mul 5.9108773 -0.2784646 11.9667349
elementwise_add_4_Add 8.5416813 -1.1136812 19.5143108
conv2d_171.tmp_0_Conv 8.7432022 -10.7556095 9.0708380
swish_20.tmp_0_Mul 4.3089283 -0.2784646 9.0697956
conv2d_172.tmp_0_Conv 54.0196367 -26.2192001 139.3901367
swish_21.tmp_0_Mul 34.8509392 -0.2784646 139.3901367
elementwise_add_5_Add 42.0170440 -1.3912961 140.0340118
p2o.Concat.3_Concat 43.7820053 -1.3912961 140.0340118
p2o.ReduceMean.3_ReduceMean 5.3034477 -0.7872230 5.3034477
conv2d_173.tmp_0_Conv 3.7767475 -3.7767475 0.7269118
hardsigmoid_1.tmp_0_HardSigmoid 0.6211520 0.0000000 0.6211520
tmp_1_Mul 3.5519090 -0.6323897 6.8036847
conv2d_174.tmp_0_Conv 8.5761833 -14.8759756 17.1439915
swish_22.tmp_0_Mul 5.8940322 -0.2784646 17.1439915
conv2d_175.tmp_0_Conv 11.1234131 -17.1589966 17.7887707
swish_23.tmp_0_Mul 6.9499604 -0.2784646 17.7887707
conv2d_176.tmp_0_Conv 25.0872277 -27.6488647 61.7267342
swish_24.tmp_0_Mul 29.9059548 -0.2784646 61.7267342
conv2d_177.tmp_0_Conv 7.0761766 -10.5650740 14.1454430
swish_25.tmp_0_Mul 5.7490436 -0.2784646 14.1454325
conv2d_178.tmp_0_Conv 8.5878563 -10.4706373 11.4448833
swish_26.tmp_0_Mul 4.9362867 -0.2784646 11.4447603
conv2d_179.tmp_0_Conv 10.4936171 -15.2559900 11.6196117
swish_27.tmp_0_Mul 5.6295294 -0.2784646 11.6195078
elementwise_add_6_Add 6.4615703 -0.5569290 17.2224407
conv2d_180.tmp_0_Conv 9.9945707 -11.5177689 12.2950039
swish_28.tmp_0_Mul 4.8029583 -0.2784646 12.2949486
conv2d_181.tmp_0_Conv 8.3217678 -13.3287411 16.6354084
swish_29.tmp_0_Mul 5.7728193 -0.2784646 16.6354065
elementwise_add_7_Add 8.7849932 -0.8353906 23.4152107
conv2d_182.tmp_0_Conv 9.2063751 -11.7833939 16.3588982
swish_30.tmp_0_Mul 4.3978019 -0.2784646 16.3588963
conv2d_183.tmp_0_Conv 12.2913160 -19.0321083 19.6565018
swish_31.tmp_0_Mul 8.4781268 -0.2784646 19.6565018
elementwise_add_8_Add 11.2293999 -1.1135557 24.1063213
conv2d_184.tmp_0_Conv 8.2421713 -11.6554909 11.9827585
swish_32.tmp_0_Mul 5.9187550 -0.2784646 11.9826841
conv2d_185.tmp_0_Conv 28.5692388 -24.2659702 74.9087143
swish_33.tmp_0_Mul 20.1378912 -0.2784646 74.9087143
elementwise_add_9_Add 30.9442217 -1.3910594 81.1359329
p2o.Concat.5_Concat 32.4623001 -1.3910594 81.1359329
p2o.ReduceMean.5_ReduceMean 8.4184999 -0.9895270 8.4184999
conv2d_186.tmp_0_Conv 4.2557478 -4.2557478 0.5294495
hardsigmoid_2.tmp_0_HardSigmoid 0.5882416 0.0000000 0.5882416
tmp_2_Mul 3.4644399 -0.7420322 9.2339954
conv2d_187.tmp_0_Conv 9.0413189 -11.0071535 13.1445885
swish_34.tmp_0_Mul 6.7376323 -0.2784646 13.1445637
conv2d_188.tmp_0_Conv 8.4141426 -10.2607098 12.2327766
swish_35.tmp_0_Mul 5.7730414 -0.2784646 12.2327166
conv2d_189.tmp_0_Conv 24.7054138 -24.5527229 49.3963470
swish_36.tmp_0_Mul 27.7869535 -0.2784646 49.3963470
conv2d_190.tmp_0_Conv 16.0620117 -25.0448399 36.6952438
swish_37.tmp_0_Mul 11.0103656 -0.2784646 36.6952438
conv2d_191.tmp_0_Conv 8.1326208 -11.3106012 14.4509335
swish_38.tmp_0_Mul 4.9681678 -0.2784646 14.4509268
conv2d_192.tmp_0_Conv 16.6422787 -23.6755676 29.5718269
swish_39.tmp_0_Mul 11.4603470 -0.2784646 29.5718269
elementwise_add_10_Add 18.2183228 -0.5569289 36.4188538
conv2d_193.tmp_0_Conv 14.3369236 -14.3369236 12.6571674
swish_40.tmp_0_Mul 4.9051776 -0.2784646 12.6571264
conv2d_194.tmp_0_Conv 24.7264075 -25.9126053 50.0592957
swish_41.tmp_0_Mul 19.5578513 -0.2784646 50.0592957
elementwise_add_11_Add 27.1743759 -0.8353791 77.6248245
p2o.Concat.7_Concat 30.0829373 -0.8353791 77.6248245
p2o.ReduceMean.7_ReduceMean 12.0724916 -0.5645817 13.7439957
conv2d_195.tmp_0_Conv 5.1372848 -5.1372848 0.3407519
hardsigmoid_3.tmp_0_HardSigmoid 0.5567920 0.0000000 0.5567920
tmp_3_Mul 7.1840237 -0.4027824 20.7020435
conv2d_196.tmp_0_Conv 31.7742023 -48.7260208 63.5173759
swish_42.tmp_0_Mul 19.0583157 -0.2784646 63.5173759
conv2d_197.tmp_0_Conv 10.6021128 -16.0963535 18.8389969
swish_43.tmp_0_Mul 6.8310920 -0.2784646 18.8389969
conv2d_198.tmp_0_Conv 10.0901537 -12.4542589 17.9292927
swish_44.tmp_0_Mul 8.4614525 -0.2784646 17.9292927
conv2d_199.tmp_0_Conv 10.1509829 -14.6308470 14.7578564
swish_45.tmp_0_Mul 5.6284583 -0.2784646 14.7578506
conv2d_200.tmp_0_Conv 15.6224833 -20.7401352 24.9837685
swish_46.tmp_0_Mul 14.8370877 -0.2784646 24.9837685
p2o.MaxPool.1_MaxPool 15.1525883 -0.2740066 24.9837685
p2o.MaxPool.3_MaxPool 15.6224833 -0.2668577 24.9837685
p2o.MaxPool.5_MaxPool 15.6224833 -0.2453522 24.9837685
p2o.Concat.9_Concat 15.6194322 -0.2784646 24.9837685
conv2d_201.tmp_0_Conv 5.9546413 -6.8019814 6.7179227
swish_47.tmp_0_Mul 4.9294325 -0.2784646 6.7098103
conv2d_202.tmp_0_Conv 7.5334325 -6.5944452 7.5334325
swish_48.tmp_0_Mul 5.7665973 -0.2784646 7.5294051
conv2d_203.tmp_0_Conv 8.7949343 -11.7208529 10.2732697
swish_49.tmp_0_Mul 6.9358485 -0.2784646 10.2729149
p2o.Concat.11_Concat 6.8310920 -0.2784646 18.8389969
conv2d_204.tmp_0_Conv 7.8596063 -9.6502371 11.4265728
swish_50.tmp_0_Mul 9.2885246 -0.2784646 11.4264488
conv2d_205.tmp_0_Conv 5.5933895 -7.1068702 8.9450531
swish_51.tmp_0_Mul 4.3332193 -0.2784646 8.9438868
nearest_interp_v2_0.tmp_0_Resize 5.8701085 -0.2784646 8.9438868
p2o.Concat.13_Concat 5.7519506 -0.2784646 13.1445637
conv2d_206.tmp_0_Conv 7.9605265 -10.0496607 14.1451368
swish_52.tmp_0_Mul 6.6327304 -0.2784646 14.1451263
conv2d_207.tmp_0_Conv 8.2132254 -10.7279587 14.5941591
swish_53.tmp_0_Mul 5.8390869 -0.2784646 14.5941525
conv2d_208.tmp_0_Conv 7.5232024 -11.5465927 12.0312462
swish_54.tmp_0_Mul 5.6414866 -0.2784646 12.0311747
conv2d_209.tmp_0_Conv 12.8386765 -14.5256929 22.8131695
swish_55.tmp_0_Mul 8.8410784 -0.2784646 22.8131695
conv2d_210.tmp_0_Conv 7.9005003 -10.7102442 15.7932854
swish_56.tmp_0_Mul 12.8383112 -0.2784646 15.7932835
conv2d_211.tmp_0_Conv 9.8325796 -12.8110971 14.2949505
swish_57.tmp_0_Mul 6.7029801 -0.2784646 14.2949419
p2o.Concat.15_Concat 6.7029801 -0.2784646 14.2949419
conv2d_212.tmp_0_Conv 7.7952056 -11.3329449 11.1434736
swish_58.tmp_0_Mul 5.7118322 -0.2784646 11.1433125
conv2d_213.tmp_0_Conv 5.8607121 -6.0672607 10.4139557
swish_59.tmp_0_Mul 4.8509666 -0.2784646 10.4136429
nearest_interp_v2_1.tmp_0_Resize 5.7292839 -0.2784646 10.4136429
p2o.Concat.17_Concat 5.1440349 -0.2784646 17.1439915
conv2d_214.tmp_0_Conv 8.2074835 -10.1135616 12.0430946
swish_60.tmp_0_Mul 7.1519795 -0.2784646 12.0430241
conv2d_215.tmp_0_Conv 6.6299305 -11.7807875 8.0827770
swish_61.tmp_0_Mul 4.2937596 -0.2784646 8.0802813
conv2d_216.tmp_0_Conv 6.3489876 -8.4450665 11.2815781
swish_62.tmp_0_Mul 4.9366616 -0.2784646 11.2814360
conv2d_217.tmp_0_Conv 7.9237452 -11.7765970 12.6718016
swish_63.tmp_0_Mul 4.9108496 -0.2784646 12.6717625
conv2d_218.tmp_0_Conv 7.9016662 -14.0405474 9.7737608
swish_64.tmp_0_Mul 4.8880342 -0.2784646 9.7732038
conv2d_219.tmp_0_Conv 10.0456448 -20.0814800 14.9266024
swish_65.tmp_0_Mul 7.2317792 -0.2784646 14.9265966
p2o.Concat.19_Concat 8.2570257 -0.2784646 14.9265966
conv2d_220.tmp_0_Conv 8.1475363 -14.4774370 11.8442240
swish_66.tmp_0_Mul 8.5142407 -0.2784646 11.8441391
conv2d_221.tmp_0_Conv 9.7392817 -14.1593103 13.3665495
swish_67.tmp_0_Mul 9.1939774 -0.2784646 13.3665285
p2o.Concat.21_Concat 6.8514070 -0.2784646 13.3665285
conv2d_222.tmp_0_Conv 8.6012459 -9.3707380 15.2836380
swish_68.tmp_0_Mul 8.5975109 -0.2784646 15.2836342
conv2d_223.tmp_0_Conv 8.2833271 -8.9602623 14.7187243
swish_69.tmp_0_Mul 6.6252211 -0.2784646 14.7187185
conv2d_224.tmp_0_Conv 9.1054211 -14.5615597 12.3111868
swish_70.tmp_0_Mul 5.7727597 -0.2784646 12.3111315
conv2d_225.tmp_0_Conv 12.5572300 -13.1473217 16.7347984
swish_71.tmp_0_Mul 10.9834888 -0.2784646 16.7347984
conv2d_226.tmp_0_Conv 8.8839474 -12.8275509 12.9157953
swish_72.tmp_0_Mul 8.3980852 -0.2784646 12.9157629
conv2d_227.tmp_0_Conv 14.3162127 -20.8134136 17.0632763
swish_73.tmp_0_Mul 8.4282747 -0.2784646 17.0632763
p2o.Concat.23_Concat 8.2669779 -0.2784646 17.0632763
conv2d_228.tmp_0_Conv 7.7465501 -13.1179886 15.4855356
swish_74.tmp_0_Mul 13.7470970 -0.2784646 15.4855318
conv2d_229.tmp_0_Conv 9.3489342 -10.0057840 12.4591599
swish_75.tmp_0_Mul 6.8552500 -0.2784646 12.4591112
p2o.Concat.25_Concat 7.0098477 -0.2784646 12.4591112
conv2d_230.tmp_0_Conv 8.6513224 -10.0383911 10.6425819
swish_76.tmp_0_Mul 7.3201752 -0.2784646 10.6423283
conv2d_231.tmp_0_Conv 7.8917336 -11.3108845 12.6206083
swish_77.tmp_0_Mul 6.9440859 -0.2784646 12.6205664
conv2d_232.tmp_0_Conv 8.2859612 -12.0464220 11.8755808
swish_78.tmp_0_Mul 6.8674261 -0.2784646 11.8754988
conv2d_233.tmp_0_Conv 10.4406843 -13.8357248 16.6969376
swish_79.tmp_0_Mul 8.6633208 -0.2784646 16.6969376
conv2d_234.tmp_0_Conv 8.1110392 -11.2480030 12.9713249
swish_80.tmp_0_Mul 6.7302453 -0.2784646 12.9712944
conv2d_235.tmp_0_Conv 11.9840384 -21.2945538 18.2375011
swish_81.tmp_0_Mul 7.2967823 -0.2784646 18.2375011
p2o.Concat.27_Concat 7.2967823 -0.2784646 18.2375011
conv2d_236.tmp_0_Conv 6.9135890 -12.2848234 9.0318794
swish_82.tmp_0_Mul 6.3228834 -0.2784646 9.0307999
p2o.GlobalAveragePool.1_GlobalAveragePool 2.6677206 -0.2504008 2.6677206
conv2d_237.tmp_0_Conv 0.9108654 -1.1205177 0.4922136
sigmoid_0.tmp_0_Sigmoid 0.6206278 0.2459152 0.6206278
tmp_4_Mul 2.9264217 -0.1728222 4.5010033
conv2d_238.tmp_0_Conv 8.8475838 -8.9371452 12.8629284
swish_83.tmp_0_Mul 7.1160652 -0.2784646 12.8628950
tmp_5_Add 9.5561676 -0.5569290 14.2187710
conv2d_239.tmp_0_Conv 11.4301949 -14.0610628 4.1866035
conv2d_240.tmp_0_Conv 0.4731350 -0.4547761 0.4731350
sigmoid_1.tmp_0_Sigmoid 0.6161255 0.3882258 0.6161255
tmp_6_Mul 2.5817053 -0.1715629 4.6925507
conv2d_241.tmp_0_Conv 9.7818184 -13.1337357 26.0721111
swish_84.tmp_0_Mul 9.7818184 -0.2784646 26.0721111
conv2d_242.tmp_0_Conv 11.2034006 -6.6694903 13.7820683
reshape2_0.tmp_0_Reshape 11.2034006 -6.6694903 13.7820683
reshape2_0.tmp_0_Reshape_softmax 0.8874387 0.0000000 0.9592792
p2o.Softmax.1_Softmax 0.8874387 0.0000000 0.9592792
softmax_0.tmp_0_Transpose 0.8275717 0.0000000 0.9592792
conv2d_243.tmp_0_Conv 15.5523014 0.0602736 15.5523014
squeeze_0.tmp_0_Squeeze 15.5523014 0.0602736 15.5523014
sigmoid_2.tmp_0_Sigmoid 0.8465144 0.0000008 0.9850296
reshape2_1.tmp_0_Reshape 0.7079991 0.0000008 0.9850296
p2o.GlobalAveragePool.3_GlobalAveragePool 1.5776194 -0.2614733 1.5776194
conv2d_244.tmp_0_Conv 0.6703553 -0.6703553 0.2842698
sigmoid_3.tmp_0_Sigmoid 0.5705927 0.3384173 0.5705927
tmp_7_Mul 3.3661407 -0.1588891 7.4782829
conv2d_245.tmp_0_Conv 11.0932774 -10.3591843 16.7376270
swish_85.tmp_0_Mul 8.6844327 -0.2784646 16.7376270
tmp_8_Add 13.2099212 -0.5569290 21.0229034
conv2d_246.tmp_0_Conv 11.7886705 -15.7105522 3.4733157
conv2d_247.tmp_0_Conv 0.3254645 -0.2083388 0.3254645
sigmoid_4.tmp_0_Sigmoid 0.5806554 0.4481029 0.5806554
tmp_9_Mul 2.6010488 -0.1616918 7.4953852
conv2d_248.tmp_0_Conv 9.8337679 -11.2590742 17.4737186
swish_86.tmp_0_Mul 8.6310094 -0.2784646 17.4737186
conv2d_249.tmp_0_Conv 11.1269875 -6.8624434 12.7103481
reshape2_2.tmp_0_Reshape 11.1269875 -6.8624434 12.7103481
reshape2_2.tmp_0_Reshape_softmax 0.8685387 0.0000000 0.9784533
p2o.Softmax.3_Softmax 0.8685387 0.0000000 0.9784533
softmax_1.tmp_0_Transpose 0.7830495 0.0000000 0.9784533
conv2d_250.tmp_0_Conv 15.4277353 0.0220691 15.4277353
squeeze_1.tmp_0_Squeeze 15.4277353 0.0220691 15.4277353
sigmoid_5.tmp_0_Sigmoid 0.6516746 0.0000002 0.9699188
reshape2_3.tmp_0_Reshape 0.6971380 0.0000002 0.9699188
p2o.GlobalAveragePool.5_GlobalAveragePool 2.2916062 -0.2608302 2.2916062
conv2d_251.tmp_0_Conv 0.5136245 -0.5136245 0.2431058
sigmoid_6.tmp_0_Sigmoid 0.5604789 0.3743442 0.5604789
tmp_10_Mul 2.7663988 -0.1560735 5.9386697
conv2d_252.tmp_0_Conv 8.9022413 -12.5619841 19.1105728
swish_87.tmp_0_Mul 6.9295666 -0.2784646 19.1105728
tmp_11_Add 17.9641323 -0.5569291 26.1168900
conv2d_253.tmp_0_Conv 10.4468384 -12.8513689 2.3673172
conv2d_254.tmp_0_Conv 0.5045918 -0.3405095 0.5045918
sigmoid_7.tmp_0_Sigmoid 0.6235378 0.4156857 0.6235378
tmp_12_Mul 2.5950728 -0.1736271 5.5708818
conv2d_255.tmp_0_Conv 11.6322584 -19.3081169 20.6694736
swish_88.tmp_0_Mul 10.9834976 -0.2784646 20.6694736
conv2d_256.tmp_0_Conv 11.9924059 -8.1852760 15.9820671
reshape2_4.tmp_0_Reshape 11.9924059 -8.1852760 15.9820671
reshape2_4.tmp_0_Reshape_softmax 0.8272963 0.0000000 0.9730382
p2o.Softmax.5_Softmax 0.8272963 0.0000000 0.9730382
softmax_2.tmp_0_Transpose 0.7301351 0.0000000 0.9730382
conv2d_257.tmp_0_Conv 15.4952412 0.0278979 15.4952412
squeeze_2.tmp_0_Squeeze 15.4952412 0.0278979 15.4952412
sigmoid_8.tmp_0_Sigmoid 1.0 0.0000026 0.9143009
reshape2_5.tmp_0_Reshape 1.0 0.0000026 0.9143009
p2o.Concat.29_Concat 0.7079991 0.0000002 0.9850296
p2o.Concat.31_Concat 15.5523014 0.0220691 15.5523014
transpose_3.tmp_0_Transpose 0.0615944 0.0000002 0.9850296
