# genetated time: 2022-12-20 13:43:50.543563
# histogram number: 2048
# sample number: 100
# tune number: 5
###
# op_name    threshold    min    max
image 2.6355782 -2.1148427 2.6355782
p2o.Concat.1_Concat_Depth2Space 2.6355782 -2.1148427 2.6355782
conv2d_80.tmp_0_Conv 4.3920846 -2.6098838 4.4335613
p2o.Mul.1_Mul 4.3542517 -0.2407416 4.3815427
conv2d_81.tmp_0_Conv 4.2817329 -4.1354685 4.3496227
p2o.Mul.3_Mul 4.2137272 -0.2784646 4.2941775
conv2d_82.tmp_0_Conv 3.1418205 -3.3623352 2.3519282
p2o.Mul.5_Mul 2.0469594 -0.2784646 2.1475160
conv2d_83.tmp_0_Conv 4.0946459 -4.1861606 4.0040011
p2o.Mul.7_Mul 3.9322670 -0.2784646 3.9322670
conv2d_84.tmp_0_Conv 8.1916485 -8.2816620 8.4558153
p2o.Mul.9_Mul 8.4540176 -0.2784646 8.4540176
p2o.Add.1_Add 8.4360922 -0.5569155 8.6801281
conv2d_85.tmp_0_Conv 3.3405510 -2.7060280 3.4260774
p2o.Mul.11_Mul 3.3181891 -0.2784646 3.3181891
p2o.Concat.3_Concat 8.4360922 -0.5569155 8.6801281
conv2d_86.tmp_0_Conv 8.5162563 -8.5162563 4.0013118
p2o.Mul.13_Mul 3.1928829 -0.2784646 3.9294362
conv2d_87.tmp_0_Conv 2.5553215 -4.9249063 2.6715574
p2o.Mul.15_Mul 2.4987805 -0.2784646 2.4987805
conv2d_88.tmp_0_Conv 2.3293336 -2.8666782 1.6220293
p2o.Mul.17_Mul 1.3545158 -0.2784646 1.3545158
conv2d_89.tmp_0_Conv 3.2319707 -3.1584773 3.5660121
p2o.Mul.19_Mul 3.4679782 -0.2784646 3.4679782
conv2d_90.tmp_0_Conv 3.1505745 -3.5495768 2.6123757
p2o.Mul.21_Mul 2.0992525 -0.2784646 2.4338298
p2o.Add.3_Add 2.8206139 -0.5561811 3.0491915
conv2d_91.tmp_0_Conv 4.3460285 -5.4108934 4.4395990
p2o.Mul.23_Mul 4.3878198 -0.2784646 4.3878198
conv2d_92.tmp_0_Conv 5.1209263 -4.5834737 5.2353783
p2o.Mul.25_Mul 3.4179166 -0.2784646 5.2076483
p2o.Add.5_Add 4.9690931 -0.8345990 5.0801516
conv2d_93.tmp_0_Conv 7.2779584 -7.9483452 5.7830801
p2o.Mul.27_Mul 5.3690493 -0.2784646 5.7653275
conv2d_94.tmp_0_Conv 5.4387314 -6.2598162 5.8452611
p2o.Mul.29_Mul 5.6468817 -0.2784646 5.8283963
p2o.Add.7_Add 5.5961371 -1.1057560 8.3265800
conv2d_95.tmp_0_Conv 3.6910874 -3.9640532 4.0035267
p2o.Mul.31_Mul 3.9317672 -0.2784646 3.9317672
p2o.Concat.5_Concat 7.3901957 -1.1057560 8.3265800
conv2d_96.tmp_0_Conv 2.9613156 -5.2619905 5.1766973
p2o.Mul.33_Mul 4.9546260 -0.2784646 5.1476307
conv2d_97.tmp_0_Conv 3.7769904 -6.6667318 6.7113709
p2o.Mul.35_Mul 6.7032132 -0.2784646 6.7032132
conv2d_98.tmp_0_Conv 2.1553366 -3.1335042 2.0980034
p2o.Mul.37_Mul 1.1097694 -0.2784646 1.8687104
conv2d_99.tmp_0_Conv 3.7271347 -5.2320995 5.9605036
p2o.Mul.39_Mul 5.7780288 -0.2784646 5.9451733
conv2d_100.tmp_0_Conv 4.7524853 -3.6324582 4.7524853
p2o.Mul.41_Mul 3.1806519 -0.2784646 4.7118211
p2o.Add.9_Add 3.1903020 -0.5569273 4.5352607
conv2d_101.tmp_0_Conv 3.2984302 -4.8224430 5.2749114
p2o.Mul.43_Mul 4.8873264 -0.2784646 5.2480497
conv2d_102.tmp_0_Conv 2.7663248 -5.5299482 4.3709254
p2o.Mul.45_Mul 3.1028511 -0.2784646 4.3163686
p2o.Add.11_Add 3.3430614 -0.8353372 4.8602605
conv2d_103.tmp_0_Conv 3.5631851 -6.4759297 6.4223766
p2o.Mul.47_Mul 5.7508719 -0.2784646 6.4119582
conv2d_104.tmp_0_Conv 4.6316980 -7.8382583 7.9223614
p2o.Mul.49_Mul 7.4281492 -0.2784646 7.9194903
p2o.Add.13_Add 8.2861021 -1.1037371 8.4984598
conv2d_105.tmp_0_Conv 7.2502466 -7.3886714 5.7470551
p2o.Mul.51_Mul 5.7287679 -0.2784646 5.7287679
p2o.Concat.7_Concat 8.1798195 -1.1037371 8.4984598
conv2d_106.tmp_0_Conv 4.6766005 -6.7990065 6.3895473
p2o.Mul.53_Mul 6.3788371 -0.2784646 6.3788371
conv2d_107.tmp_0_Conv 4.2957759 -7.6332064 5.0554633
p2o.Mul.55_Mul 4.9294522 -0.2784646 5.0234423
conv2d_108.tmp_0_Conv 5.1901903 -3.2767372 5.9287496
p2o.Mul.57_Mul 5.6552006 -0.2784646 5.9130101
p2o.MaxPool.1_MaxPool 4.4369240 -0.2784496 5.9130101
p2o.MaxPool.3_MaxPool 4.4369240 -0.2780175 5.9130101
p2o.MaxPool.5_MaxPool 4.4369240 -0.2767218 5.9130101
p2o.Concat.9_Concat 5.6552006 -0.2784646 5.9130101
conv2d_109.tmp_0_Conv 8.0100946 -8.0100946 7.4983578
p2o.Mul.59_Mul 6.8621230 -0.2784646 7.4942064
conv2d_110.tmp_0_Conv 7.4068117 -6.5245686 7.4068117
p2o.Mul.61_Mul 6.7790691 -0.2784646 7.4023175
conv2d_111.tmp_0_Conv 6.5168719 -6.5168719 5.6308651
p2o.Mul.63_Mul 5.6107478 -0.2784646 5.6107478
conv2d_112.tmp_0_Conv 5.1038551 -6.8018179 5.6767750
p2o.Mul.65_Mul 5.6574006 -0.2784646 5.6574006
conv2d_113.tmp_0_Conv 5.2812014 -6.4967661 5.1034808
p2o.Mul.67_Mul 4.9141872 -0.2784646 5.0726614
p2o.Concat.11_Concat 5.6574006 -0.2784646 5.6574006
conv2d_114.tmp_0_Conv 5.6930242 -6.5031366 6.2056031
p2o.Mul.69_Mul 5.6520022 -0.2784646 6.1931047
conv2d_115.tmp_0_Conv 4.4192581 -5.8894672 5.7534189
p2o.Mul.71_Mul 5.7352271 -0.2784646 5.7352271
nearest_interp_v2_0.tmp_0_Resize 5.7352271 -0.2784646 5.7352271
p2o.Concat.13_Concat 5.7211656 -0.2784646 6.3788371
conv2d_116.tmp_0_Conv 4.7969174 -4.3504062 5.9010153
p2o.Mul.73_Mul 5.5540097 -0.2784646 5.8849101
conv2d_117.tmp_0_Conv 4.4478099 -4.6423368 7.3336020
p2o.Mul.75_Mul 3.6661973 -0.2784646 7.3288145
conv2d_118.tmp_0_Conv 5.3530960 -4.3572798 6.1148367
p2o.Mul.77_Mul 5.6819792 -0.2784646 6.1013541
conv2d_119.tmp_0_Conv 3.7568614 -5.0067029 4.9662323
p2o.Mul.79_Mul 4.8240437 -0.2784646 4.9318604
p2o.Concat.15_Concat 5.6819792 -0.2784646 6.1013541
conv2d_120.tmp_0_Conv 5.4525132 -5.1246424 6.2284012
p2o.Mul.81_Mul 5.6730242 -0.2784646 6.2161393
conv2d_121.tmp_0_Conv 4.6019673 -4.3233614 4.9063683
p2o.Mul.83_Mul 3.9118492 -0.2784646 4.8703313
nearest_interp_v2_1.tmp_0_Resize 4.8703313 -0.2784646 4.8703313
p2o.Concat.17_Concat 4.8581865 -0.2784646 5.1476307
conv2d_122.tmp_0_Conv 3.4963484 -3.7276173 3.0146475
p2o.Mul.85_Mul 2.8736570 -0.2784646 2.8736570
conv2d_123.tmp_0_Conv 3.3221550 -4.0868096 3.9494531
p2o.Mul.87_Mul 3.6344035 -0.2784646 3.8748043
conv2d_124.tmp_0_Conv 4.2049384 -4.2499990 4.4830775
p2o.Mul.89_Mul 3.7685838 -0.2784646 4.4329910
conv2d_125.tmp_0_Conv 2.3224387 -3.3764431 2.8295503
p2o.Mul.91_Mul 2.6718085 -0.2784646 2.6718085
p2o.Concat.19_Concat 4.2668892 -0.2784646 4.4329910
conv2d_126.tmp_0_Conv 4.7717090 -5.8700047 4.8958178
p2o.Mul.93_Mul 4.8594799 -0.2784646 4.8594799
conv2d_127.tmp_0_Conv 4.2341070 -4.7643538 5.2086644
p2o.Mul.95_Mul 4.7608702 -0.2784646 5.1803331
p2o.Concat.21_Concat 4.7931366 -0.2784646 5.1803331
conv2d_128.tmp_0_Conv 4.3690629 -5.1750312 5.3746829
p2o.Mul.97_Mul 4.8156942 -0.2784646 5.3499002
conv2d_129.tmp_0_Conv 4.5005984 -4.9962664 6.5431285
p2o.Mul.99_Mul 5.7174044 -0.2784646 6.5337205
conv2d_130.tmp_0_Conv 4.8403654 -5.9544640 5.7107334
p2o.Mul.101_Mul 3.9136972 -0.2784646 5.6918921
conv2d_131.tmp_0_Conv 4.6254067 -5.2835979 4.6956439
p2o.Mul.103_Mul 4.2473804 -0.2784646 4.6531377
p2o.Concat.23_Concat 5.6918921 -0.2784646 5.6918921
conv2d_132.tmp_0_Conv 4.2349319 -7.5250916 7.3846941
p2o.Mul.105_Mul 6.9189912 -0.2784646 7.3801131
conv2d_133.tmp_0_Conv 3.7489095 -5.9953265 4.7487593
p2o.Mul.107_Mul 4.2974374 -0.2784646 4.7079768
p2o.Concat.25_Concat 5.7352271 -0.2784646 5.7352271
conv2d_134.tmp_0_Conv 4.7647491 -5.8614430 5.5763078
p2o.Mul.109_Mul 5.5552726 -0.2784646 5.5552726
conv2d_135.tmp_0_Conv 5.1354342 -5.3078203 5.4751220
p2o.Mul.111_Mul 4.8391303 -0.2784646 5.4522786
conv2d_136.tmp_0_Conv 5.4040999 -6.0384912 6.6479521
p2o.Mul.113_Mul 6.5357150 -0.2784646 6.6393433
conv2d_137.tmp_0_Conv 5.1908283 -5.1908283 4.8015828
p2o.Mul.115_Mul 4.7624512 -0.2784646 4.7624512
p2o.Concat.27_Concat 6.6393433 -0.2784646 6.6393433
conv2d_138.tmp_0_Conv 4.5285854 -8.0468874 6.6020241
p2o.Mul.117_Mul 6.5930729 -0.2784646 6.5930729
conv2d_139.tmp_0_Conv 6.0409455 -9.6607933 6.1597300
p2o.Mul.119_Mul 6.1467428 -0.2784646 6.1467428
conv2d_140.tmp_0_Conv 3.9862118 -8.5572605 7.4508858
p2o.Mul.121_Mul 6.7486495 -0.2784646 7.4465599
conv2d_141.tmp_0_Conv 12.5142811 -18.6787624 25.0212269
p2o.Mul.123_Mul 25.0212269 -0.2784646 25.0212269
conv2d_142.tmp_0_Conv 12.4635725 -24.9149742 1.9526529
conv2d_143.tmp_0_Conv 7.3796091 -16.8594418 9.7081165
p2o.Mul.125_Mul 8.4944411 -0.2784646 9.7075262
conv2d_144.tmp_0_Conv 7.3029823 -16.6843815 13.2070856
p2o.Mul.127_Mul 10.7311409 -0.2784646 13.2070618
conv2d_145.tmp_0_Conv 18.4517021 -18.4517021 3.6855049
sigmoid_64.tmp_0_Sigmoid 0.4488627 0.0000000 0.8757356
flatten_0.tmp_0_Reshape 0.4488627 0.0000000 0.8757356
transpose_0.tmp_0_Transpose 0.4844354 0.0000000 0.8757356
split_0.tmp_0_Split 3.6855049 -2.1428387 3.6855049
split_0.tmp_1_Split 18.4517021 -18.4517021 1.6805625
flatten_1.tmp_0_Reshape 3.6855049 -2.1428387 3.6855049
transpose_1.tmp_0_Transpose 3.6855049 -2.1428387 3.6855049
sigmoid_65.tmp_0_Sigmoid 0.8429790 0.0000000 0.8429790
flatten_2.tmp_0_Reshape 0.8429790 0.0000000 0.8429790
transpose_2.tmp_0_Transpose 0.8429790 0.0000000 0.8429790
conv2d_146.tmp_0_Conv 4.2589760 -7.6930346 8.5137930
p2o.Mul.129_Mul 8.5120850 -0.2784646 8.5120850
conv2d_147.tmp_0_Conv 4.2876887 -9.0446224 11.4282541
p2o.Mul.131_Mul 10.9639147 -0.2784646 11.4281301
conv2d_148.tmp_0_Conv 12.2621559 -19.5098286 35.3355865
p2o.Mul.133_Mul 29.5942010 -0.2784646 35.3355865
conv2d_149.tmp_0_Conv 17.1253777 -27.3872242 2.3409791
conv2d_150.tmp_0_Conv 6.6396370 -10.6182318 7.8955698
p2o.Mul.135_Mul 7.8926306 -0.2784646 7.8926306
conv2d_151.tmp_0_Conv 7.4601417 -14.9129982 9.3551130
p2o.Mul.137_Mul 8.5653340 -0.2784646 9.3543034
conv2d_152.tmp_0_Conv 16.6070347 -16.6070347 3.6074221
sigmoid_71.tmp_0_Sigmoid 0.5360096 0.0000000 0.9122145
flatten_3.tmp_0_Reshape 0.5360096 0.0000000 0.9122145
transpose_3.tmp_0_Transpose 0.4733088 0.0000000 0.9122145
split_1.tmp_0_Split 3.6074221 -2.1214359 3.6074221
split_1.tmp_1_Split 16.6070347 -16.6070347 2.1677871
flatten_4.tmp_0_Reshape 3.6074221 -2.1214359 3.6074221
transpose_4.tmp_0_Transpose 3.6074221 -2.1214359 3.6074221
sigmoid_72.tmp_0_Sigmoid 0.0981703 0.0000001 0.8973193
flatten_5.tmp_0_Reshape 0.0981703 0.0000001 0.8973193
transpose_5.tmp_0_Transpose 0.8131983 0.0000001 0.8973193
conv2d_153.tmp_0_Conv 6.1608777 -5.6753311 6.1608777
p2o.Mul.139_Mul 5.7642226 -0.2784646 6.1479034
conv2d_154.tmp_0_Conv 5.5029941 -8.8004913 6.5178862
p2o.Mul.141_Mul 5.6949791 -0.2784646 6.5082750
conv2d_155.tmp_0_Conv 11.7978611 -10.8510971 18.8673611
p2o.Mul.143_Mul 16.0386394 -0.2784646 18.8673611
conv2d_156.tmp_0_Conv 20.2767158 -20.5982170 2.1457562
conv2d_157.tmp_0_Conv 6.7858391 -10.8520412 9.6807518
p2o.Mul.145_Mul 8.4704835 -0.2784646 9.6801472
conv2d_158.tmp_0_Conv 7.4968328 -9.9908962 5.1775823
p2o.Mul.147_Mul 4.8919898 -0.2784646 5.1485362
conv2d_159.tmp_0_Conv 13.4079151 -13.4079151 3.1020617
sigmoid_78.tmp_0_Sigmoid 0.6603010 0.0000000 0.8952715
flatten_6.tmp_0_Reshape 0.6603010 0.0000000 0.8952715
transpose_6.tmp_0_Transpose 0.4924649 0.0000000 0.8952715
split_2.tmp_0_Split 3.1020617 -1.8107048 3.1020617
split_2.tmp_1_Split 13.4079151 -13.4079151 2.8899624
flatten_7.tmp_0_Reshape 3.1020617 -1.8107048 3.1020617
transpose_7.tmp_0_Transpose 3.1020617 -1.8107048 3.1020617
sigmoid_79.tmp_0_Sigmoid 0.3700766 0.0000015 0.9473479
flatten_8.tmp_0_Reshape 0.3700766 0.0000015 0.9473479
transpose_8.tmp_0_Transpose 0.8141314 0.0000015 0.9473479
p2o.Concat.47_Concat 0.8751600 0.0000000 0.9122145
p2o.Concat.49_Concat 3.6855049 -2.1428387 3.6855049
p2o.Concat.51_Concat 0.8585369 0.0000000 0.9473479
p2o.Mul.163_Mul 0.0512897 0.0000000 0.8202348
sqrt_0.tmp_0_Sqrt 0.7358609 0.0000002 0.9056681
transpose_9.tmp_0_Transpose 0.0566319 0.0000002 0.9056681
