# genetated time: 2023-07-22 18:32:49.594633
# histogram number: 2048
# sample number: 100
# tune number: 5
###
# op_name    threshold    min    max
image 2.6355782 -2.1148427 2.6355782
batch_norm_0.tmp_2_BatchNormalization 10.8487511 -13.9653530 17.3495255
swish_0.tmp_0_Mul 9.7638760 -0.2784646 17.3495255
batch_norm_1.tmp_2_BatchNormalization 55.2062988 -98.0966110 57.1053925
swish_1.tmp_0_Mul 39.2791367 -0.2784646 57.1053925
batch_norm_2.tmp_2_BatchNormalization 92.2393570 -184.3886414 148.9495544
swish_2.tmp_0_Mul 87.5215080 -0.2784646 148.9495544
batch_norm_3.tmp_2_BatchNormalization 34.6147652 -92.2609634 38.6479530
swish_3.tmp_0_Mul 19.3334160 -0.2784646 38.6479530
batch_norm_4.tmp_2_BatchNormalization 33.0353889 -88.0513535 45.4780121
swish_4.tmp_0_Mul 19.9063492 -0.2784646 45.4780121
batch_norm_5.tmp_2_BatchNormalization 14.2132273 -22.7300587 6.6999369
swish_5.tmp_0_Mul 3.5146952 -0.2784646 6.6916995
batch_norm_6.tmp_2_BatchNormalization 16.9905396 -27.1715889 11.9283915
swish_6.tmp_0_Mul 6.8979680 -0.2784646 11.9283133
conv2d_113.tmp_0_Conv 11.6533041 -16.9419842 13.8038893
swish_7.tmp_0_Mul 8.3706648 -0.2784646 13.8038759
p2o.Add.3_Add 14.4758806 -0.5569288 14.4758806
p2o.Concat.1_Concat 22.4635155 -0.5569288 45.4780121
p2o.ReduceMean.1_ReduceMean 4.5255928 -0.2237576 4.5255928
conv2d_114.tmp_0_Conv 3.1799555 -3.1799555 0.6402361
hardsigmoid_0.tmp_0_HardSigmoid 0.6067060 0.0000000 0.6067060
p2o.Mul.25_Mul 4.0019231 -0.3376501 4.2666335
batch_norm_7.tmp_2_BatchNormalization 13.9387989 -24.7679863 12.1146755
swish_8.tmp_0_Mul 5.7554749 -0.2784646 12.1146088
batch_norm_8.tmp_2_BatchNormalization 16.6934891 -20.5358009 11.7285595
swish_9.tmp_0_Mul 7.3338709 -0.2784646 11.7284641
batch_norm_9.tmp_2_BatchNormalization 32.6445301 -49.5851669 80.3213577
swish_10.tmp_0_Mul 32.1363907 -0.2784646 80.3213577
batch_norm_10.tmp_2_BatchNormalization 17.6191406 -28.1768608 6.7631707
swish_11.tmp_0_Mul 3.5481337 -0.2784646 6.7553639
batch_norm_11.tmp_2_BatchNormalization 6.6498518 -8.1156483 8.1804371
swish_12.tmp_0_Mul 4.3457643 -0.2784646 8.1781473
conv2d_120.tmp_0_Conv 7.4920712 -13.3127346 10.0835342
swish_13.tmp_0_Mul 5.0430346 -0.2784646 10.0831137
p2o.Add.9_Add 7.9711075 -0.5569291 9.8058033
batch_norm_12.tmp_2_BatchNormalization 7.3326182 -10.6604185 6.9951200
swish_14.tmp_0_Mul 3.4953820 -0.2784646 6.9887156
conv2d_122.tmp_0_Conv 37.6005354 -35.8497849 176.8979492
swish_15.tmp_0_Mul 27.6451652 -0.2784646 176.8979492
p2o.Add.13_Add 28.6653040 -0.8353768 183.4256897
p2o.Concat.3_Concat 28.6653040 -0.8353768 183.4256897
p2o.ReduceMean.3_ReduceMean 4.3295574 -0.4629107 4.3295574
conv2d_123.tmp_0_Conv 3.6717579 -3.6717579 0.5106909
hardsigmoid_1.tmp_0_HardSigmoid 0.5851152 0.0000000 0.5851152
p2o.Mul.51_Mul 3.2222822 -0.4411090 6.4414177
batch_norm_13.tmp_2_BatchNormalization 9.3090582 -16.5413551 15.7196875
swish_16.tmp_0_Mul 6.7797383 -0.2784646 15.7196856
batch_norm_14.tmp_2_BatchNormalization 14.7853661 -21.4954853 16.9843521
swish_17.tmp_0_Mul 5.8939101 -0.2784646 16.9843521
batch_norm_15.tmp_2_BatchNormalization 27.8735941 -26.9025097 53.3918915
swish_18.tmp_0_Mul 21.3619736 -0.2784646 53.3918915
batch_norm_16.tmp_2_BatchNormalization 6.6157703 -9.4593029 15.1143780
swish_19.tmp_0_Mul 4.0632340 -0.2784646 15.1143742
batch_norm_17.tmp_2_BatchNormalization 9.5600471 -10.5696220 10.9204330
swish_20.tmp_0_Mul 5.8028755 -0.2784646 10.9202356
conv2d_129.tmp_0_Conv 13.6594410 -20.6094170 21.8444347
swish_21.tmp_0_Mul 5.8724929 -0.2784646 21.8444347
p2o.Add.19_Add 6.2742569 -0.5569290 21.8146992
batch_norm_18.tmp_2_BatchNormalization 8.2819815 -10.2211704 13.2446995
swish_22.tmp_0_Mul 4.3059755 -0.2784646 13.2446756
conv2d_131.tmp_0_Conv 21.0224762 -28.9497795 48.0279121
swish_23.tmp_0_Mul 39.0417442 -0.2784646 48.0279121
p2o.Add.23_Add 23.9693580 -0.8353636 48.5266304
p2o.Concat.5_Concat 31.3713229 -0.8353636 53.3918915
p2o.ReduceMean.5_ReduceMean 4.3857746 -0.6488545 4.3857746
conv2d_132.tmp_0_Conv 3.7158041 -3.7158041 0.6397076
hardsigmoid_2.tmp_0_HardSigmoid 0.6066179 0.0000000 0.6066179
p2o.Mul.77_Mul 2.9566522 -0.4495865 6.7547626
batch_norm_19.tmp_2_BatchNormalization 8.1733923 -10.9268656 14.5233793
swish_24.tmp_0_Mul 4.9930745 -0.2784646 14.5233727
batch_norm_20.tmp_2_BatchNormalization 8.8818836 -10.9409142 14.2040749
swish_25.tmp_0_Mul 4.9724634 -0.2784646 14.2040644
batch_norm_21.tmp_2_BatchNormalization 23.1967677 -22.7645359 44.4334297
swish_26.tmp_0_Mul 26.9389877 -0.2784646 44.4334297
batch_norm_22.tmp_2_BatchNormalization 18.2852020 -26.5836716 25.1270008
swish_27.tmp_0_Mul 10.9953645 -0.2784646 25.1270008
batch_norm_23.tmp_2_BatchNormalization 9.4937601 -11.0548458 12.6521664
swish_28.tmp_0_Mul 6.0102231 -0.2784646 12.6521254
conv2d_138.tmp_0_Conv 25.1879940 -27.1196842 67.1351852
swish_29.tmp_0_Mul 18.0481158 -0.2784646 67.1351852
p2o.Add.29_Add 27.6924881 -0.5569290 76.3712006
p2o.Concat.7_Concat 29.5971046 -0.5569290 76.3712006
p2o.ReduceMean.7_ReduceMean 7.8379369 -0.4067857 7.8379369
conv2d_139.tmp_0_Conv 4.8186135 -4.8186135 -0.0244600
hardsigmoid_3.tmp_0_HardSigmoid 0.4959233 0.0000000 0.4959233
p2o.Mul.97_Mul 4.6764672 -0.2289093 10.6868305
batch_norm_24.tmp_2_BatchNormalization 33.2179756 -48.6296158 66.4035110
swish_30.tmp_0_Mul 19.9242973 -0.2784646 66.4035110
batch_norm_25.tmp_2_BatchNormalization 9.8285885 -15.7180624 14.5115108
swish_31.tmp_0_Mul 5.8060196 -0.2784646 14.5115042
batch_norm_26.tmp_2_BatchNormalization 10.2506466 -15.6096811 18.2144737
swish_32.tmp_0_Mul 8.6534321 -0.2784646 18.2144737
batch_norm_27.tmp_2_BatchNormalization 11.2530632 -16.3600998 11.9818125
swish_33.tmp_0_Mul 6.9288629 -0.2784646 11.9817381
conv2d_144.tmp_0_Conv 10.3126583 -16.5431004 20.6152458
swish_34.tmp_0_Mul 12.2427569 -0.2784646 20.6152458
p2o.MaxPool.1_MaxPool 11.8580464 -0.2750649 20.6152458
p2o.MaxPool.3_MaxPool 18.0471516 -0.2550397 20.6152458
p2o.MaxPool.5_MaxPool 20.6152458 -0.2374875 20.6152458
p2o.Concat.9_Concat 19.3362350 -0.2784646 20.6152458
batch_norm_28.tmp_2_BatchNormalization 8.4898586 -6.8310223 8.4898586
swish_35.tmp_0_Mul 5.7847307 -0.2784646 8.4881144
p2o.Concat.11_Concat 5.8060196 -0.2784646 14.5115042
batch_norm_29.tmp_2_BatchNormalization 7.2004995 -10.4683399 10.1423864
swish_36.tmp_0_Mul 6.7218537 -0.2784646 10.1419878
batch_norm_30.tmp_2_BatchNormalization 7.3572659 -6.6717234 7.3572659
swish_37.tmp_0_Mul 4.3664675 -0.2784646 7.3525758
nearest_interp_v2_0.tmp_0_Resize 5.0555694 -0.2784646 7.3525758
p2o.Concat.13_Concat 5.8107681 -0.2784646 14.5233727
batch_norm_31.tmp_2_BatchNormalization 8.8242331 -11.7598991 10.4905767
swish_38.tmp_0_Mul 5.8034799 -0.2784646 10.4902849
batch_norm_32.tmp_2_BatchNormalization 8.7496452 -10.7340441 11.6604977
swish_39.tmp_0_Mul 5.6493400 -0.2784646 11.6603975
batch_norm_33.tmp_2_BatchNormalization 9.0007544 -9.4024954 9.5961161
swish_40.tmp_0_Mul 4.9786722 -0.2784646 9.5954638
conv2d_151.tmp_0_Conv 8.6883259 -12.6313944 12.4696913
swish_41.tmp_0_Mul 6.8610454 -0.2784646 12.4696436
p2o.Concat.15_Concat 5.8470874 -0.2784646 12.4696436
batch_norm_34.tmp_2_BatchNormalization 6.6953650 -9.9266100 10.7073526
swish_42.tmp_0_Mul 5.6896248 -0.2784646 10.7071123
batch_norm_35.tmp_2_BatchNormalization 5.3146768 -6.5295281 7.7266641
swish_43.tmp_0_Mul 7.2440920 -0.2784646 7.7232585
nearest_interp_v2_1.tmp_0_Resize 7.2440920 -0.2784646 7.7232585
p2o.Concat.17_Concat 4.7166736 -0.2784646 15.7196856
batch_norm_36.tmp_2_BatchNormalization 8.9387980 -6.1371984 12.8811827
swish_44.tmp_0_Mul 7.2491865 -0.2784646 12.8811502
batch_norm_37.tmp_2_BatchNormalization 6.3863044 -9.2846346 7.2811151
swish_45.tmp_0_Mul 3.5251968 -0.2784646 7.2761059
batch_norm_38.tmp_2_BatchNormalization 6.8780594 -9.1662683 8.1558313
swish_46.tmp_0_Mul 4.3326624 -0.2784646 8.1534910
conv2d_157.tmp_0_Conv 9.3162489 -16.5541325 12.7471733
swish_47.tmp_0_Mul 7.0137278 -0.2784646 12.7471371
p2o.Concat.19_Concat 6.6834730 -0.2784646 12.8811502
batch_norm_39.tmp_2_BatchNormalization 7.9812975 -14.1820450 10.6668463
swish_48.tmp_0_Mul 6.3345628 -0.2784646 10.6665983
batch_norm_40.tmp_2_BatchNormalization 8.5257158 -12.0434542 12.3949862
swish_49.tmp_0_Mul 6.8199388 -0.2784646 12.3949347
p2o.Concat.21_Concat 6.9737402 -0.2784646 12.3949347
batch_norm_41.tmp_2_BatchNormalization 7.6232052 -11.6201687 13.5457468
swish_50.tmp_0_Mul 6.9432613 -0.2784646 13.5457287
batch_norm_42.tmp_2_BatchNormalization 7.7812581 -11.3126669 11.2869549
swish_51.tmp_0_Mul 9.1750164 -0.2784646 11.2868137
batch_norm_43.tmp_2_BatchNormalization 8.7950220 -17.5814552 9.8452539
swish_52.tmp_0_Mul 4.9238085 -0.2784646 9.8447313
conv2d_163.tmp_0_Conv 10.7890339 -16.9012890 17.2540264
swish_53.tmp_0_Mul 8.5224945 -0.2784646 17.2540264
p2o.Concat.23_Concat 8.3593943 -0.2784646 17.2540264
batch_norm_44.tmp_2_BatchNormalization 8.8112259 -17.6138477 12.2679205
swish_54.tmp_0_Mul 6.9022461 -0.2784646 12.2678633
batch_norm_45.tmp_2_BatchNormalization 8.9506922 -13.0128317 12.4442825
swish_55.tmp_0_Mul 6.8470645 -0.2784646 12.4442339
p2o.Concat.25_Concat 7.0014775 -0.2784646 12.4442339
batch_norm_46.tmp_2_BatchNormalization 8.4118261 -8.4329691 12.2294083
swish_56.tmp_0_Mul 8.4087970 -0.2784646 12.2293482
batch_norm_47.tmp_2_BatchNormalization 8.6474600 -9.6154566 12.5719814
swish_57.tmp_0_Mul 6.9173294 -0.2784646 12.5719376
batch_norm_48.tmp_2_BatchNormalization 8.7679758 -12.7471924 11.8716917
swish_58.tmp_0_Mul 5.8638896 -0.2784646 11.8716078
conv2d_169.tmp_0_Conv 10.3843365 -13.8901939 18.4520283
swish_59.tmp_0_Mul 8.0744525 -0.2784646 18.4520283
p2o.Concat.27_Concat 8.7662909 -0.2784646 18.4520283
batch_norm_49.tmp_2_BatchNormalization 7.9504209 -12.7144623 8.8477392
swish_60.tmp_0_Mul 4.8940811 -0.2784646 8.8464689
p2o.GlobalAveragePool.1_GlobalAveragePool 2.9691336 -0.2570171 2.9691336
conv2d_171.tmp_0_Conv 0.9909365 -1.3206035 0.4256713
sigmoid_0.tmp_0_Sigmoid 0.6048396 0.2107179 0.6048396
p2o.Mul.192_Mul 2.8717556 -0.1684258 4.3753366
batch_norm_50.tmp_2_BatchNormalization 9.5678787 -10.2238245 15.3011303
swish_61.tmp_0_Mul 12.4382381 -0.2784646 15.3011265
p2o.Add.45_Add 9.1235237 -0.5569291 16.2116776
conv2d_173.tmp_0_Conv 11.6272125 -15.4953794 4.1862941
conv2d_174.tmp_0_Conv 0.7637367 -0.7637367 0.3180870
sigmoid_1.tmp_0_Sigmoid 0.5788580 0.3178355 0.5788580
p2o.Mul.197_Mul 2.3071620 -0.1611900 4.6129718
batch_norm_51.tmp_2_BatchNormalization 10.6955938 -11.3714275 21.3807430
swish_62.tmp_0_Mul 11.1619593 -0.2784646 21.3807430
conv2d_176.tmp_0_Conv 12.9405050 -7.3375020 12.9405050
reshape2_0.tmp_0_Reshape 12.9405050 -7.3375020 12.9405050
reshape2_0.tmp_0_Reshape_softmax 0.8954269 0.0000000 0.9582741
softmax_0.tmp_0_Softmax 0.8325796 0.0000000 0.9582741
conv2d_177.tmp_0_Conv 15.5787449 0.0722812 15.5787449
squeeze_0.tmp_0_Squeeze 15.5787449 0.0722812 15.5787449
sigmoid_2.tmp_0_Sigmoid 0.8465105 0.0000002 0.9850251
reshape2_1.tmp_0_Reshape 0.5694812 0.0000002 0.9850251
p2o.GlobalAveragePool.3_GlobalAveragePool 1.7742648 -0.2575720 1.7742648
conv2d_178.tmp_0_Conv 0.2939610 -0.2939610 0.2382056
sigmoid_3.tmp_0_Sigmoid 0.5592714 0.4270344 0.5592714
p2o.Mul.202_Mul 2.9501724 -0.1557373 5.9727058
batch_norm_52.tmp_2_BatchNormalization 9.9424953 -12.7590933 19.8752804
swish_63.tmp_0_Mul 6.8971208 -0.2784646 19.8752804
p2o.Add.55_Add 12.3278294 -0.5569291 19.7148972
conv2d_180.tmp_0_Conv 10.9447155 -19.4477711 3.0914874
conv2d_181.tmp_0_Conv 0.3512383 -0.2861146 0.3512383
sigmoid_4.tmp_0_Sigmoid 0.5869179 0.4289553 0.5869179
p2o.Mul.207_Mul 3.6972637 -0.1634358 5.9127331
batch_norm_53.tmp_2_BatchNormalization 11.8905249 -15.2350264 19.0155506
swish_64.tmp_0_Mul 10.9378893 -0.2784646 19.0155506
conv2d_183.tmp_0_Conv 11.7838945 -6.9737086 13.4607325
reshape2_2.tmp_0_Reshape 11.7838945 -6.9737086 13.4607325
reshape2_2.tmp_0_Reshape_softmax 0.8647810 0.0000000 0.9607114
softmax_1.tmp_0_Softmax 0.7688507 0.0000000 0.9607114
conv2d_184.tmp_0_Conv 15.4305353 0.0403621 15.4305353
squeeze_1.tmp_0_Squeeze 15.4305353 0.0403621 15.4305353
sigmoid_5.tmp_0_Sigmoid 0.5081766 0.0000000 0.9565402
reshape2_3.tmp_0_Reshape 0.5530130 0.0000000 0.9565402
p2o.GlobalAveragePool.5_GlobalAveragePool 2.8445511 -0.2694101 2.8445511
conv2d_185.tmp_0_Conv 0.6446511 -0.6446511 0.2028413
sigmoid_6.tmp_0_Sigmoid 0.5505372 0.3441959 0.5505372
p2o.Mul.212_Mul 2.4856998 -0.1517362 5.0323682
batch_norm_54.tmp_2_BatchNormalization 8.5033636 -19.4267693 16.8097687
swish_65.tmp_0_Mul 6.9887411 -0.2784646 16.8097687
p2o.Add.65_Add 11.4689141 -0.5569291 19.9387379
conv2d_187.tmp_0_Conv 10.3769732 -12.7654228 2.7268124
conv2d_188.tmp_0_Conv 0.3864872 -0.3860735 0.3864872
sigmoid_7.tmp_0_Sigmoid 0.5954368 0.4046629 0.5954368
p2o.Mul.217_Mul 2.3933012 -0.1658080 4.7842655
batch_norm_55.tmp_2_BatchNormalization 14.1933826 -23.1628799 30.4691467
swish_66.tmp_0_Mul 16.7602634 -0.2784646 30.4691467
conv2d_190.tmp_0_Conv 12.6313276 -7.9043698 15.5386581
reshape2_4.tmp_0_Reshape 12.6313276 -7.9043698 15.5386581
reshape2_4.tmp_0_Reshape_softmax 0.8309126 0.0000000 0.9667102
softmax_2.tmp_0_Softmax 0.6951151 0.0000000 0.9667102
conv2d_191.tmp_0_Conv 15.2091026 0.0383598 15.2091026
squeeze_2.tmp_0_Squeeze 15.2091026 0.0383598 15.2091026
sigmoid_8.tmp_0_Sigmoid 0.2786655 0.0000029 0.9385903
reshape2_5.tmp_0_Reshape 0.5866304 0.0000029 0.9385903
p2o.Concat.29_Concat 0.0615941 0.0000000 0.9850251
p2o.Concat.31_Concat 15.5787449 0.0383598 15.5787449
