# genetated time: 2022-12-13 19:19:17.884471
# histogram number: 2048
# sample number: 100
# tune number: 5
###
# op_name    threshold    min    max
image 2.6401222 -2.1651783 2.6401222
conv2d_75.tmp_0_Conv 20.8528214 -37.4252739 47.6403160
leaky_relu_0.tmp_0_LeakyRelu 40.9434423 -3.7425275 47.6403160
conv2d_76.tmp_0_Conv 18.7549248 -46.8856506 59.9864578
leaky_relu_1.tmp_0_LeakyRelu 13.6896305 -4.6885653 59.9864578
conv2d_77.tmp_0_Conv 28.9639931 -154.3992004 31.4515858
leaky_relu_2.tmp_0_LeakyRelu 17.3997798 -15.4399204 31.4515858
conv2d_78.tmp_0_Conv 32.5773849 -86.8306046 63.9769135
leaky_relu_3.tmp_0_LeakyRelu 20.7995299 -8.6830606 63.9769135
p2o.Add.1_Add 23.9841080 -9.0158558 63.9263916
conv2d_79.tmp_0_Conv 15.3513756 -35.0717278 22.8921490
leaky_relu_4.tmp_0_LeakyRelu 10.0190889 -3.5071728 22.8921490
conv2d_80.tmp_0_Conv 13.5692730 -18.6476212 21.7002354
leaky_relu_5.tmp_0_LeakyRelu 9.4974306 -1.8647622 21.7002354
conv2d_81.tmp_0_Conv 15.3901072 -30.7651844 19.4819489
leaky_relu_6.tmp_0_LeakyRelu 9.4387998 -3.0765185 19.4819489
p2o.Add.3_Add 10.6246530 -3.7072511 26.1417923
conv2d_82.tmp_0_Conv 16.1499348 -36.8961105 20.0624847
leaky_relu_7.tmp_0_LeakyRelu 9.3456686 -3.6896112 20.0624847
conv2d_83.tmp_0_Conv 20.1144104 -36.4683990 53.6122360
leaky_relu_8.tmp_0_LeakyRelu 14.4127083 -3.6468399 53.6122360
p2o.Add.5_Add 17.2037537 -4.2484326 52.9167290
conv2d_84.tmp_0_Conv 10.1809101 -15.6605406 23.2592888
leaky_relu_9.tmp_0_LeakyRelu 6.6897440 -1.5660541 23.2592888
conv2d_85.tmp_0_Conv 8.1496010 -12.4635143 13.0329943
leaky_relu_10.tmp_0_LeakyRelu 6.0711342 -1.2463515 13.0329943
conv2d_86.tmp_0_Conv 7.6207228 -13.5413361 11.7629671
leaky_relu_11.tmp_0_LeakyRelu 6.5075586 -1.3541336 11.7629671
p2o.Add.7_Add 7.5430714 -1.8644165 23.2016029
conv2d_87.tmp_0_Conv 10.2231255 -16.3490143 15.4258337
leaky_relu_12.tmp_0_LeakyRelu 6.9435091 -1.6349014 15.4258337
conv2d_88.tmp_0_Conv 8.5788813 -9.6642675 9.7996483
leaky_relu_13.tmp_0_LeakyRelu 6.7685554 -0.9664268 9.7996483
p2o.Add.9_Add 7.2396946 -1.9437790 23.1557102
conv2d_89.tmp_0_Conv 9.8258133 -15.7136250 12.6374264
leaky_relu_14.tmp_0_LeakyRelu 5.9257616 -1.5713625 12.6374264
conv2d_90.tmp_0_Conv 8.1854143 -14.5447416 12.5520210
leaky_relu_15.tmp_0_LeakyRelu 7.3754620 -1.4544742 12.5520210
p2o.Add.11_Add 8.6296940 -2.0797098 23.0012798
conv2d_91.tmp_0_Conv 8.5595913 -13.0394068 19.5552273
leaky_relu_16.tmp_0_LeakyRelu 7.0908001 -1.3039407 19.5552273
conv2d_92.tmp_0_Conv 8.8512659 -15.7279005 14.6431990
leaky_relu_17.tmp_0_LeakyRelu 7.5058019 -1.5727900 14.6431990
p2o.Add.13_Add 10.0461655 -2.4846184 26.7766953
conv2d_93.tmp_0_Conv 8.6736746 -15.0525684 17.3388786
leaky_relu_18.tmp_0_LeakyRelu 6.9372456 -1.5052569 17.3388786
conv2d_94.tmp_0_Conv 10.9548540 -21.8990097 15.8453093
leaky_relu_19.tmp_0_LeakyRelu 8.7660091 -2.1899011 15.8453093
p2o.Add.15_Add 10.8272877 -3.3750904 28.8586693
conv2d_95.tmp_0_Conv 9.2985678 -14.3625250 21.2434921
leaky_relu_20.tmp_0_LeakyRelu 5.7109398 -1.4362525 21.2434921
conv2d_96.tmp_0_Conv 13.1583738 -26.3038979 19.8021240
leaky_relu_21.tmp_0_LeakyRelu 10.2744680 -2.6303899 19.8021240
p2o.Add.17_Add 12.9125843 -4.1710749 29.5000668
conv2d_97.tmp_0_Conv 14.1143265 -25.0798836 13.0368004
leaky_relu_22.tmp_0_LeakyRelu 6.3161927 -2.5079885 13.0368004
conv2d_98.tmp_0_Conv 13.1345198 -37.8494568 26.4772778
leaky_relu_23.tmp_0_LeakyRelu 11.4200236 -3.7849457 26.4772778
p2o.Add.19_Add 14.8944898 -4.7254477 36.6476593
conv2d_99.tmp_0_Conv 12.0616159 -17.6314583 21.4324036
leaky_relu_24.tmp_0_LeakyRelu 6.6323185 -1.7631458 21.4324036
conv2d_100.tmp_0_Conv 16.4162369 -35.1263542 43.7552567
leaky_relu_25.tmp_0_LeakyRelu 13.1287144 -3.5126355 43.7552567
p2o.Add.21_Add 17.8012695 -5.1152325 47.4468727
conv2d_101.tmp_0_Conv 8.5911932 -13.3742599 17.1739960
leaky_relu_26.tmp_0_LeakyRelu 5.5834365 -1.3374261 17.1739960
conv2d_102.tmp_0_Conv 8.0616493 -11.1673307 21.4872341
leaky_relu_27.tmp_0_LeakyRelu 5.7764656 -1.1167331 21.4872341
conv2d_103.tmp_0_Conv 5.7394152 -11.4732256 7.0358963
leaky_relu_28.tmp_0_LeakyRelu 5.0576305 -1.1473225 7.0358963
p2o.Add.23_Add 5.3435182 -1.6496713 18.5786533
conv2d_104.tmp_0_Conv 8.0071955 -11.0568027 14.2280645
leaky_relu_29.tmp_0_LeakyRelu 5.1591503 -1.1056803 14.2280645
conv2d_105.tmp_0_Conv 6.2629967 -10.1054440 11.1287794
leaky_relu_30.tmp_0_LeakyRelu 5.2871217 -1.0105444 11.1287794
p2o.Add.25_Add 5.5643838 -1.5758066 19.3465710
conv2d_106.tmp_0_Conv 8.6373558 -11.1563358 12.5572920
leaky_relu_31.tmp_0_LeakyRelu 4.7891928 -1.1156336 12.5572920
conv2d_107.tmp_0_Conv 7.2142062 -12.0363445 12.8189926
leaky_relu_32.tmp_0_LeakyRelu 5.6094835 -1.2036345 12.8189926
p2o.Add.27_Add 7.2111010 -1.8642211 25.0719719
conv2d_108.tmp_0_Conv 8.4196529 -13.1061907 13.4648666
leaky_relu_33.tmp_0_LeakyRelu 5.3872621 -1.3106191 13.4648666
conv2d_109.tmp_0_Conv 10.1309910 -14.7318449 20.2520885
leaky_relu_34.tmp_0_LeakyRelu 7.0897150 -1.4731845 20.2520885
p2o.Add.29_Add 7.8208280 -2.3117914 25.0144291
conv2d_110.tmp_0_Conv 11.4231310 -17.7169113 18.2680855
leaky_relu_35.tmp_0_LeakyRelu 5.6531114 -1.7716912 18.2680855
conv2d_111.tmp_0_Conv 9.6120844 -18.9400501 19.2147827
leaky_relu_36.tmp_0_LeakyRelu 7.5070945 -1.8940051 19.2147827
p2o.Add.31_Add 9.2720814 -2.9414158 24.7134781
conv2d_112.tmp_0_Conv 9.2675648 -12.3003120 14.8208637
leaky_relu_37.tmp_0_LeakyRelu 5.9297935 -1.2300313 14.8208637
conv2d_113.tmp_0_Conv 11.1320400 -18.5205135 19.0409737
leaky_relu_38.tmp_0_LeakyRelu 8.9860931 -1.8520514 19.0409737
p2o.Add.33_Add 10.6470638 -3.3432732 24.3269787
conv2d_114.tmp_0_Conv 9.5638199 -13.4263372 13.9042187
leaky_relu_39.tmp_0_LeakyRelu 5.5630459 -1.3426337 13.9042187
conv2d_115.tmp_0_Conv 11.6281328 -26.5656109 24.5319195
leaky_relu_40.tmp_0_LeakyRelu 9.5844665 -2.6565611 24.5319195
p2o.Add.35_Add 11.2271225 -3.9439139 27.6241608
conv2d_116.tmp_0_Conv 9.1450644 -14.3287973 20.8927975
leaky_relu_41.tmp_0_LeakyRelu 5.3548638 -1.4328798 20.8927975
conv2d_117.tmp_0_Conv 12.5303822 -23.2834740 50.0970535
leaky_relu_42.tmp_0_LeakyRelu 10.1772642 -2.3283474 50.0970535
p2o.Add.37_Add 13.7113248 -4.4382973 60.0815201
conv2d_118.tmp_0_Conv 14.2385874 -19.6613102 20.7005596
leaky_relu_43.tmp_0_LeakyRelu 8.2822464 -1.9661311 20.7005596
conv2d_119.tmp_0_Conv 8.6235046 -12.2777176 19.7012424
leaky_relu_44.tmp_0_LeakyRelu 6.8968784 -1.2277718 19.7012424
conv2d_120.tmp_0_Conv 9.9913540 -17.4050961 22.8262310
leaky_relu_45.tmp_0_LeakyRelu 7.0636424 -1.7405096 22.8262310
p2o.Add.39_Add 8.4424408 -2.4113185 25.9679585
conv2d_121.tmp_0_Conv 9.3113432 -18.6135941 13.7675533
leaky_relu_46.tmp_0_LeakyRelu 4.4759681 -1.8613595 13.7675533
conv2d_122.tmp_0_Conv 15.3786249 -25.7030640 30.7422314
leaky_relu_47.tmp_0_LeakyRelu 8.2645092 -2.5703065 30.7422314
p2o.Add.41_Add 9.2419545 -3.8332014 32.1329613
conv2d_123.tmp_0_Conv 8.7644367 -12.5788593 14.0162516
leaky_relu_48.tmp_0_LeakyRelu 6.0454073 -1.2578859 14.0162516
conv2d_124.tmp_0_Conv 15.6953630 -23.9543152 25.1003189
leaky_relu_49.tmp_0_LeakyRelu 10.0425800 -2.3954315 25.1003189
p2o.Add.43_Add 12.9432257 -4.6625247 33.9372139
conv2d_125.tmp_0_Conv 10.7646971 -21.5188808 16.9578209
leaky_relu_50.tmp_0_LeakyRelu 7.3141476 -2.1518881 16.9578209
conv2d_126.tmp_0_Conv 26.0969620 -41.7347488 38.6264229
leaky_relu_51.tmp_0_LeakyRelu 15.4543434 -4.1734748 38.6264229
p2o.Add.45_Add 22.1430153 -6.0573368 55.3440208
conv2d_127.tmp_0_Conv 7.4246402 -11.1503868 14.8420296
leaky_relu_52.tmp_0_LeakyRelu 6.6807258 -1.1150388 14.8420296
conv2d_128.tmp_0_Conv 6.5390010 -10.8050537 17.4288216
leaky_relu_53.tmp_0_LeakyRelu 5.6662828 -1.0805054 17.4288216
conv2d_129.tmp_0_Conv 7.0696507 -10.6843004 14.1323977
leaky_relu_54.tmp_0_LeakyRelu 6.3613047 -1.0684301 14.1323977
conv2d_130.tmp_0_Conv 7.3751554 -10.8103724 11.7944870
leaky_relu_55.tmp_0_LeakyRelu 5.8989724 -1.0810373 11.7944870
conv2d_131.tmp_0_Conv 6.1261916 -9.7971201 9.3783894
leaky_relu_56.tmp_0_LeakyRelu 4.9835579 -0.9797120 9.3783894
conv2d_132.tmp_0_Conv 6.0800447 -13.8728476 19.4466419
leaky_relu_57.tmp_0_LeakyRelu 6.0178190 -1.3872848 19.4466419
conv2d_133.tmp_0_Conv 6.7247729 -10.2648544 15.3634043
leaky_relu_58.tmp_0_LeakyRelu 5.3314089 -1.0264854 15.3634043
nearest_interp_v2_0.tmp_0_Resize 12.1954057 -1.0264854 15.3634043
p2o.Concat.1_Concat 12.7706249 -4.4382973 60.0815201
conv2d_134.tmp_0_Conv 7.0502067 -12.3835611 28.1870575
leaky_relu_59.tmp_0_LeakyRelu 5.9912987 -1.2383561 28.1870575
conv2d_135.tmp_0_Conv 6.1573143 -10.5013361 16.4114876
leaky_relu_60.tmp_0_LeakyRelu 4.7202066 -1.0501336 16.4114876
conv2d_136.tmp_0_Conv 6.9711877 -11.8218422 20.0887184
leaky_relu_61.tmp_0_LeakyRelu 7.0325234 -1.1821842 20.0887184
conv2d_137.tmp_0_Conv 6.9953742 -13.5422707 18.6452217
leaky_relu_62.tmp_0_LeakyRelu 5.7698173 -1.3542271 18.6452217
conv2d_138.tmp_0_Conv 6.0201888 -11.4261055 12.0344982
leaky_relu_63.tmp_0_LeakyRelu 5.4169941 -1.1426105 12.0344982
conv2d_139.tmp_0_Conv 6.7306099 -9.5682945 13.4546471
leaky_relu_64.tmp_0_LeakyRelu 6.5186352 -0.9568295 13.4546471
conv2d_140.tmp_0_Conv 9.1241693 -11.0176611 24.3192368
leaky_relu_65.tmp_0_LeakyRelu 6.9946023 -1.1017661 24.3192368
nearest_interp_v2_1.tmp_0_Resize 16.1128310 -1.1017661 24.3192368
p2o.Concat.3_Concat 14.8343906 -5.1152325 47.4468727
conv2d_141.tmp_0_Conv 7.2582593 -12.2273750 14.5094309
leaky_relu_66.tmp_0_LeakyRelu 6.3502682 -1.2227376 14.5094309
conv2d_142.tmp_0_Conv 6.5308328 -11.1022768 11.6047001
leaky_relu_67.tmp_0_LeakyRelu 4.8247095 -1.1102277 11.6047001
conv2d_143.tmp_0_Conv 6.9509840 -12.3582783 18.5269070
leaky_relu_68.tmp_0_LeakyRelu 6.0232811 -1.2358278 18.5269070
conv2d_144.tmp_0_Conv 6.5538473 -14.4810009 17.4683933
leaky_relu_69.tmp_0_LeakyRelu 4.6960707 -1.4481001 17.4683933
conv2d_145.tmp_0_Conv 5.5382490 -11.2447424 12.6526737
leaky_relu_70.tmp_0_LeakyRelu 4.3907312 -1.1244743 12.6526737
conv2d_146.tmp_0_Conv 7.3880639 -14.7689133 12.8817511
leaky_relu_71.tmp_0_LeakyRelu 5.3556496 -1.4768914 12.8817511
conv2d_147.tmp_0_Conv 19.6496525 -26.1867447 11.1848917
conv2d_148.tmp_0_Conv 19.3928032 -22.1523819 11.4314537
conv2d_149.tmp_0_Conv 21.1877098 -24.2027016 10.8525677
