# genetated time: 2023-07-22 13:34:05.222432
# histogram number: 2048
# sample number: 100
# tune number: 5
###
# op_name    threshold    min    max
input 2.6355782 -2.1148427 2.6355782
323_Relu 3.7548625 -0.0000000 7.1924424
324_MaxPool 4.0477252 -0.0000000 7.1924424
327_Relu 1.4807441 -0.0000000 2.9600422
input.7_Split 1.4115505 -0.0000000 1.8811483
329_Split 1.4807441 -0.0000000 2.9600422
332_Relu 1.5284797 -0.0000000 2.2221577
333_Pad 1.4807441 0.0000000 2.9600422
334_AveragePool 1.1996722 0.0000000 2.1803505
335_Concat 1.2505744 -0.0000000 2.2221577
337_BatchNormalization 1.6921338 -2.3105006 3.0586762
339_BatchNormalization 1.6240723 -6.4931173 4.7195554
341_Relu 2.3021040 0.0000000 4.6019597
344_Relu 1.4759071 -0.0000000 2.8271012
input.17_Split 1.3396194 -0.0000000 2.1423445
346_Split 1.4142412 -0.0000000 2.8271012
349_Relu 1.4121738 -0.0000000 1.6607605
350_Concat 1.3169431 -0.0000000 2.8271012
352_BatchNormalization 1.8115654 -1.7112489 1.8115654
354_Relu 2.1752400 0.0000000 4.6389709
357_Relu 2.5694973 -0.0000000 3.7356260
input.26_Split 1.8068579 -0.0000000 2.2227395
359_Split 2.5694973 -0.0000000 3.7356260
362_Relu 2.1703775 -0.0000000 2.2047904
363_Concat 2.5694973 -0.0000000 3.7356260
365_BatchNormalization 1.8815357 -2.7063591 2.7241247
367_Relu 2.3035129 0.0000000 5.1175284
370_Relu 2.0900540 -0.0000000 3.7138371
input.35_Split 1.0366529 -0.0000000 2.0722935
372_Split 2.5545104 -0.0000000 3.7138371
375_Relu 0.9564066 -0.0000000 1.3904576
376_Pad 2.5545104 0.0000000 3.7138371
377_AveragePool 0.7914482 0.0000000 1.4384217
378_Concat 0.9893981 -0.0000000 1.4384217
380_BatchNormalization 1.5003196 -2.4862459 3.8401430
382_BatchNormalization 1.5532567 -1.7154657 2.3665040
384_Relu 1.8619767 0.0000000 3.7221351
387_Relu 1.0012621 -0.0000000 1.4556701
input.45_Split 1.0012621 -0.0000000 1.4556701
389_Split 0.7933801 -0.0000000 0.9062774
392_Relu 1.7689221 -0.0000000 1.8859289
393_Concat 1.4151376 -0.0000000 1.8859289
395_BatchNormalization 1.5911098 -3.3932402 2.5220716
397_Relu 1.9465217 0.0000000 3.6630933
400_Relu 1.3008311 -0.0000000 1.4859382
input.54_Split 1.3008311 -0.0000000 1.4859382
402_Split 0.9346501 -0.0000000 1.2455916
405_Relu 1.0491638 -0.0000000 1.5253112
406_Concat 1.0491638 -0.0000000 1.5253112
408_BatchNormalization 1.7004609 -1.9571793 1.6900750
410_Relu 2.5346255 0.0000000 3.8983984
413_Relu 1.2181638 -0.0000000 1.7710094
input.63_Split 1.2181638 -0.0000000 1.7710094
415_Split 1.0524059 -0.0000000 1.5442277
418_Relu 1.1228979 -0.0000000 2.2446992
419_Concat 1.1228979 -0.0000000 2.2446992
421_BatchNormalization 1.8500758 -2.0506606 2.3679028
423_Relu 2.6068562 0.0000000 4.2989082
426_Relu 2.7520028 -0.0000000 4.7843642
input.72_Split 1.6010400 -0.0000000 2.3276484
428_Split 2.9916885 -0.0000000 4.7843642
431_Relu 0.9285252 -0.0000000 1.3499227
432_Pad 2.9916885 0.0000000 4.7843642
433_AveragePool 0.8316610 0.0000000 1.3300079
434_Concat 0.9285252 -0.0000000 1.3499227
436_BatchNormalization 1.3392744 -1.9006318 3.2213085
438_BatchNormalization 1.3719557 -1.5963583 1.3353192
440_Relu 2.0236027 0.0000000 3.5957592
443_Relu 1.7205758 -0.0000000 3.9308245
input.82_Split 2.1746273 -0.0000000 3.9308245
445_Split 1.4946349 -0.0000000 2.3902481
448_Relu 1.1026243 -0.0000000 2.0993090
449_Concat 1.3748889 -0.0000000 2.3902481
451_BatchNormalization 1.5810812 -3.8902256 1.4679651
453_Relu 1.7121825 0.0000000 2.9286296
456_Relu 1.7777897 -0.0000000 1.7777897
input.91_Split 1.7777897 -0.0000000 1.7777897
458_Split 1.0663952 -0.0000000 1.0663952
461_Relu 1.0646175 -0.0000000 1.0646175
462_Concat 1.0663952 -0.0000000 1.0663952
464_BatchNormalization 1.4884767 -2.1548936 1.5626236
466_Relu 2.2762503 0.0000000 3.7925153
469_Relu 1.2325589 -0.0000000 2.3466940
input.100_Split 1.2325589 -0.0000000 2.3466940
471_Split 0.9382698 -0.0000000 1.1542298
474_Relu 0.8536134 -0.0000000 1.0500882
475_Concat 0.9382698 -0.0000000 1.1542298
477_BatchNormalization 1.6179786 -1.6634575 2.1660523
479_Relu 1.9194186 0.0000000 3.4884577
482_Relu 1.2308984 -0.0000000 2.4605947
input.109_Split 1.3847606 -0.0000000 2.4605947
484_Split 1.1750960 -0.0000000 1.1750960
487_Relu 1.2299775 -0.0000000 1.5130793
488_Concat 1.2299775 -0.0000000 1.5130793
490_BatchNormalization 1.6144480 -2.1027279 2.4597335
492_Relu 2.1205133 0.0000000 3.2612252
495_Relu 1.9658042 -0.0000000 2.0958340
input.118_Split 1.9658042 -0.0000000 2.0958340
497_Split 0.8709249 -0.0000000 1.3522837
500_Relu 1.1370397 -0.0000000 1.3987501
501_Concat 1.0495751 -0.0000000 1.3987501
503_BatchNormalization 1.7750760 -2.0655029 2.2716978
505_Relu 1.9782996 0.0000000 3.5152597
508_Relu 2.2457778 -0.0000000 4.4902396
input.127_Split 1.6053634 -0.0000000 1.9748671
510_Split 3.3693247 -0.0000000 4.4902396
513_Relu 1.0472233 -0.0000000 2.0934241
514_Pad 3.3693247 0.0000000 4.4902396
515_AveragePool 0.7578915 0.0000000 1.1276788
516_Concat 0.7854175 -0.0000000 2.0934241
518_BatchNormalization 1.3617772 -1.7992371 2.4197552
520_BatchNormalization 1.0769311 -1.2305895 1.1543386
522_Relu 1.3466349 0.0000000 2.5638857
525_Relu 2.6532838 -0.0000000 2.6532838
input.137_Split 2.6532838 -0.0000000 2.6532838
527_Split 1.8759792 -0.0000000 2.3077700
530_Relu 1.5935026 -0.0000000 1.5935026
531_Concat 1.1544487 -0.0000000 2.3077700
533_BatchNormalization 1.9020685 -2.3078566 3.8022795
535_Relu 1.9480899 0.0000000 5.6137681
538_Relu 2.4718328 -0.0000000 4.9412518
input.146_Split 2.4718328 -0.0000000 4.9412518
540_Split 1.0809335 -0.0000000 3.4572980
543_Relu 2.2942271 -0.0000000 2.2942271
544_Concat 1.0809335 -0.0000000 3.4572980
546_BatchNormalization 10.3267007 -7.1218486 24.8384418
548_Relu 14.5500238 0.0000000 27.3811989
549_GlobalAveragePool 6.1890368 0.0000000 10.9973602
557_Reshape 6.1890368 0.0000000 10.9973602
output_Gemm 17.0631638 -3.2572126 17.0631638
