# genetated time: 2023-07-26 18:16:22.337495
# histogram number: 2048
# sample number: 100
# tune number: 5
###
# op_name    threshold    min    max
mdata 255.0000000 0.0000000 255.0000000
data 2.9582434 -1.7918582 2.9582434
conv0 5.7099209 -0.0000000 8.3012848
pooling0 5.7099209 -0.0000000 8.3012848
stage1_unit1_conv1 2.5297730 -0.0000000 3.3713837
stage1_unit1_conv2 3.6152408 -0.0000000 4.4473548
stage1_unit1_conv3 2.0824615 -5.0088696 3.1334891
stage1_unit1_sc 1.9989569 -5.7603502 3.7369530
stage1_unit1_plus 3.3884220 0.0000000 4.5156903
stage1_unit2_conv1 2.3385310 -0.0000000 3.1165187
stage1_unit2_conv2 2.6974001 -0.0000000 3.5947771
stage1_unit2_conv3 3.0367322 -4.2916832 4.8563991
stage1_unit2_plus 3.3404052 0.0000000 4.8563991
stage1_unit3_conv1 1.7016236 -0.0000000 2.4738803
stage1_unit3_conv2 2.2352009 -0.0000000 2.9788127
stage1_unit3_conv3 2.8975889 -2.9529109 2.6156206
stage1_unit3_plus 3.7542295 0.0000000 5.4580312
stage2_unit1_conv1 1.7449505 -0.0000000 3.9865110
stage2_unit1_conv2 2.3479693 -0.0000000 3.7549164
stage2_unit1_conv3 1.7785478 -2.9395995 6.1837578
stage2_unit1_sc 1.8611996 -2.4038620 2.9620025
stage2_unit1_plus 2.6732130 0.0000000 6.1072178
stage2_unit2_conv1 1.9095411 -0.0000000 2.1812673
stage2_unit2_conv2 1.4189750 -0.0000000 2.2692513
stage2_unit2_conv3 2.1683717 -2.8897505 2.0050454
stage2_unit2_plus 2.6527486 0.0000000 6.0604644
stage2_unit3_conv1 1.2053027 -0.0000000 1.9275427
stage2_unit3_conv2 1.2495267 -0.0000000 3.3304443
stage2_unit3_conv3 2.0696621 -2.0696621 1.7576745
stage2_unit3_plus 2.7146576 0.0000000 5.8275962
stage2_unit4_conv1 1.3753381 -0.0000000 1.6918973
stage2_unit4_conv2 2.1867907 -0.0000000 3.1792336
stage2_unit4_conv3 2.3213408 -2.6717184 2.4840519
stage2_unit4_plus 2.8085170 0.0000000 4.9904809
stage3_unit1_conv1 2.2177769 -0.0000000 4.4899507
stage3_unit1_conv2 2.6985857 -0.0000000 4.3156290
stage3_unit1_conv3 2.3505099 -2.0396075 3.4172540
stage3_unit1_sc 1.6326070 -1.1512623 1.6326070
stage3_unit1_plus 2.6096973 0.0000000 3.7940700
stage3_unit2_conv1 1.6798497 -0.0000000 1.7909648
stage3_unit2_conv2 1.9483320 -0.0000000 2.3967762
stage3_unit2_conv3 2.0781066 -2.5898364 2.8900633
stage3_unit2_plus 2.4502370 0.0000000 3.8044791
stage3_unit3_conv1 1.6921527 -0.0000000 1.8040816
stage3_unit3_conv2 1.4265163 -0.0000000 2.8516395
stage3_unit3_conv3 2.0852802 -2.2314062 1.9202820
stage3_unit3_plus 2.6438346 0.0000000 3.8436999
stage3_unit4_conv1 1.8586162 -0.0000000 2.3786104
stage3_unit4_conv2 1.6252817 -0.0000000 3.4890165
stage3_unit4_conv3 2.1042206 -2.0745509 2.5502307
stage3_unit4_plus 2.4440588 0.0000000 4.1804790
stage3_unit5_conv1 1.4495737 -0.0000000 1.7629310
stage3_unit5_conv2 2.0983117 -0.0000000 3.7285104
stage3_unit5_conv3 2.1444885 -2.4949660 2.4387169
stage3_unit5_plus 2.7156901 0.0000000 4.8255363
stage3_unit6_conv1 1.6129717 -0.0000000 2.2431912
stage3_unit6_conv2 2.3274102 -0.0000000 5.5980363
stage3_unit6_conv3 2.1563553 -3.7488296 3.1946540
stage3_unit6_plus 2.5030666 0.0000000 4.2814102
stage4_unit1_conv1 1.7533401 -0.0000000 3.5049679
stage4_unit1_conv2 2.3742399 -0.0000000 7.5938578
stage4_unit1_conv3 2.3913536 -3.4123030 3.8242974
stage4_unit1_sc 1.6769187 -1.8310899 1.7297988
stage4_unit1_plus 2.6175265 0.0000000 4.1859975
stage4_unit2_conv1 1.6262612 -0.0000000 2.8897195
stage4_unit2_conv2 1.3972189 -0.0000000 4.0263352
stage4_unit2_conv3 3.4437027 -6.1191487 3.3504388
stage4_unit2_plus 3.2346188 0.0000000 6.5485754
stage4_unit3_conv1 1.6421369 -0.0000000 4.3056927
stage4_unit3_conv2 1.7452779 -0.0000000 9.3036032
stage4_unit3_conv3 12.9218896 -8.3189421 37.2367249
stage4_unit3_plus 15.1633955 0.0000000 43.6960220
pool1 9.9736155 0.0000000 10.7804365
fc1 37.0517845 -8.9697981 37.0517845
prob 0.0625305 0.0000000 1.0000000
