# genetated time: 2022-07-31 20:49:41.445690
# histogram number: 65536
# sample number: 2
# tune number: 10
###
# op_name    threshold    min    max
image 2.6400397 -2.1179035 2.6399994
Relu_221_Relu 1.6482987 0.0000000 2.0093238
MaxPool_222_MaxPool 1.9912725 0.0000000 2.0093238
Relu_225_Relu 1.2745374 0.0000000 2.2579694
Conv_226_Conv 2.4597481 -2.1046047 2.5649447
Relu_229_Relu 2.8669110 0.0000000 2.8849399
Relu_232_Relu 1.2298207 0.0000000 1.6944562
Conv_233_Conv 2.5278962 -2.5278962 2.1685057
Relu_236_Relu 3.3725007 0.0000000 3.3725007
Relu_239_Relu 1.4564503 0.0000000 1.4994948
Conv_240_Conv 2.4857935 -2.6166101 2.5961704
Relu_243_Relu 4.1446309 0.0000000 4.1446309
Relu_246_Relu 1.5544995 0.0000000 1.5633522
Conv_247_Conv 2.0066853 -2.3194144 4.0290475
Conv_249_Conv 1.7808398 -2.7451022 1.6242576
Relu_252_Relu 4.0329566 0.0000000 4.0329566
Relu_255_Relu 1.7390019 0.0000000 1.7390019
Conv_256_Conv 2.0589127 -2.4446917 1.4973249
Relu_259_Relu 4.4942994 0.0000000 4.7415609
Relu_262_Relu 1.4401739 0.0000000 2.0694904
Conv_263_Conv 2.2677169 -2.2676823 1.9373109
Relu_266_Relu 5.3119829 0.0000000 5.4646015
Relu_269_Relu 1.5752392 0.0000000 1.8380035
Conv_270_Conv 2.2399783 -3.0967579 3.1360743
Relu_273_Relu 5.5438557 0.0000000 5.5438557
Relu_276_Relu 2.2538888 0.0000000 2.5787342
Conv_277_Conv 2.2360194 -2.5942175 3.5421720
Conv_279_Conv 2.2653405 -1.6898998 2.7860963
Relu_282_Relu 3.1826004 0.0000000 3.2232034
Relu_285_Relu 2.0385199 0.0000000 2.7322152
Conv_286_Conv 2.1807685 -4.9404268 2.6998315
Relu_289_Relu 3.0102856 0.0000000 3.0782192
Relu_292_Relu 2.3499472 0.0000000 2.4429729
Conv_293_Conv 3.0240115 -5.0407820 2.5100760
Relu_296_Relu 3.6780439 0.0000000 3.8376915
Relu_299_Relu 2.6587137 0.0000000 3.8023856
Conv_300_Conv 3.0709834 -5.2672863 6.0777993
Relu_303_Relu 5.3014713 0.0000000 6.0777993
Relu_306_Relu 2.3219765 0.0000000 3.2977717
Conv_307_Conv 3.0172283 -4.6869073 4.3221798
Relu_310_Relu 7.5231810 0.0000000 7.5231810
Relu_313_Relu 1.7609286 0.0000000 1.7723494
Conv_314_Conv 4.4823343 -4.0212169 5.9888678
Relu_317_Relu 12.0912828 0.0000000 12.0912828
Relu_319_Relu 6.3745993 0.0000000 6.5895243
Relu_321_Relu 9.4337717 0.0000000 9.4377232
Relu_323_Relu 6.4884176 0.0000000 6.4884176
Relu_325_Relu 7.8945827 0.0000000 7.8945827
Relu_327_Relu 8.1184959 0.0000000 8.1184959
Relu_329_Relu 9.3914337 0.0000000 9.3912907
Relu_331_Relu 7.8135424 0.0000000 7.8134232
Relu_333_Relu 13.6447086 0.0000000 13.6445007
Relu_335_Relu 10.3548031 0.0000000 10.3546448
Relu_337_Relu 9.6682281 0.0000000 9.6680803
Conv_338_Conv 13.7596235 -13.7594137 4.2683983
Reshape_348_Reshape 13.7596235 -13.7594137 4.2683983
Conv_349_Conv 13.2381550 -7.0259867 13.4109201
Reshape_359_Reshape 13.2381550 -7.0259867 13.4109201
Conv_360_Conv 3.5907335 -3.5906787 3.4874609
Reshape_370_Reshape 3.5907335 -3.5906787 3.4874609
Conv_371_Conv 15.9130487 -6.3661842 15.9128056
Reshape_381_Reshape 15.9130487 -6.3661842 15.9128056
Conv_382_Conv 3.3417363 -3.3416853 3.0968597
Reshape_392_Reshape 3.3417363 -3.3416853 3.0968597
Conv_393_Conv 15.1478329 -6.3865504 15.1476021
Reshape_403_Reshape 15.1478329 -6.3865504 15.1476021
Conv_404_Conv 3.5088863 -3.5088327 2.6843822
Reshape_414_Reshape 3.5088863 -3.5088327 2.6843822
Conv_415_Conv 14.4508877 -6.9255743 14.4506674
Reshape_425_Reshape 14.4508877 -6.9255743 14.4506674
Conv_426_Conv 2.7307270 -2.7306852 2.3987021
Reshape_436_Reshape 2.7307270 -2.7306852 2.3987021
Conv_437_Conv 11.1723738 -7.0050015 11.1722031
Reshape_447_Reshape 11.1723738 -7.0050015 11.1722031
Conv_448_Conv 3.0811415 -3.0810945 2.5750587
Reshape_458_Reshape 3.0811415 -3.0810945 2.5750587
Conv_459_Conv 12.2350340 -7.3691115 12.2348471
Reshape_469_Reshape 12.2350340 -7.3691115 12.2348471
Concat_470_Concat 13.7596235 -13.7594137 4.2683983
Concat_471_Concat 15.5090065 -7.3691115 15.9128056
