# genetated time: 2023-03-22 23:02:56.945165
# histogram number: 2048
# sample number: 100
# tune number: 5
###
# op_name    threshold    min    max
x.2 2.6355782 -2.1148427 2.6355782
47 3.7498176 0.0000000 10.8057671
input.18 5.4055228 0.0000000 10.8057671
86 1.8906261 0.0000000 3.3594718
98 1.6979191 0.0000000 2.2627869
out.3 1.5554706 -2.2419367 2.8277516
identity.2 1.4725274 -5.8872337 4.3290176
124 2.6108975 0.0000000 4.1753960
143 1.7816700 0.0000000 2.8492801
155 2.4240320 0.0000000 2.7689695
out.5 1.7164931 -2.2882848 2.1237752
168 2.1778387 0.0000000 4.4951205
187 1.5443670 0.0000000 2.0581505
199 2.9214549 0.0000000 3.3371754
out.7 1.7354211 -3.6528606 3.3445437
212 2.3071693 0.0000000 4.3417840
244 1.8310997 0.0000000 3.2536988
256 1.4820223 0.0000000 2.3011339
out.9 1.8066662 -2.7851393 3.8282135
identity.4 1.7092197 -2.3664212 3.5977097
282 2.3294165 0.0000000 3.7252467
301 1.0121868 0.0000000 1.1480517
313 1.4214617 0.0000000 1.8943568
out.11 1.8436720 -3.3325944 2.9922807
326 2.8715218 0.0000000 3.7046640
345 1.2180496 0.0000000 1.7708435
357 1.2140686 0.0000000 1.7258919
out.13 2.0491651 -2.5611436 1.9700382
370 2.7998684 0.0000000 4.0347276
389 1.7117742 0.0000000 1.9553581
401 1.7435938 0.0000000 2.7883880
out.15 2.0132713 -2.3034005 2.4217937
414 3.2102072 0.0000000 4.1083426
448 2.0885346 0.0000000 4.1750298
460 1.4898963 0.0000000 2.6474111
out.17 1.3838799 -2.5640771 3.4588549
identity.6 1.4356502 -1.5995197 1.8522475
486 2.2445138 0.0000000 3.9882982
505 2.1923988 0.0000000 2.5885165
517 1.9237387 0.0000000 2.3665223
out.19 1.8689126 -3.3368144 3.7836652
530 3.3220276 0.0000000 5.0134110
549 1.7368742 0.0000000 1.7368742
561 1.3505702 0.0000000 1.3505702
out.6 1.5894582 -1.4987664 1.5894582
574 3.3190430 0.0000000 4.6171126
593 1.4699452 0.0000000 2.0444899
605 1.0613151 0.0000000 1.6972749
out.8 1.9178674 -2.7892537 2.5920811
618 3.8555761 0.0000000 5.3636646
637 1.4760927 0.0000000 2.1459956
649 1.0855191 0.0000000 1.7359825
out.10 2.2206679 -2.6712742 1.8333775
662 4.2409311 0.0000000 5.2192545
681 2.0581481 0.0000000 2.5318685
693 2.5487695 0.0000000 3.1354156
out.21 2.6476446 -4.9825130 2.8764653
706 2.4755266 0.0000000 3.3558960
737 1.7847407 0.0000000 2.7711642
749 2.1463764 0.0000000 2.6927543
out.2 3.5035352 -4.0751925 12.1812935
identity.1 3.5860529 -5.2011390 7.2600636
775 6.7723906 0.0000000 13.5408125
794 1.9587863 0.0000000 2.0678351
806 1.3543723 0.0000000 2.4065974
out.4 4.9549154 -4.6409569 6.6054783
819 8.0918846 0.0000000 16.3822441
838 1.8374950 0.0000000 2.9385564
850 1.6961069 0.0000000 3.3905575
out.1 7.6435771 -6.6080842 17.4625015
863 12.9677769 0.0000000 27.8381195
x.1 8.2468166 0.0000000 8.2468166
input.20 8.2468166 0.0000000 8.2468166
869 31.0006752 -8.8068705 31.0006752
