# genetated time: 2023-04-11 21:04:16.724654
# histogram number: 2048
# sample number: 100
# tune number: 20
###
# op_name    threshold    min    max
input.18 2.6355782 -2.1148427 2.6355782
44 3.8036985 -0.0000000 7.2859879
input.16 4.5559669 -0.0000000 7.2859879
86 1.6186630 -0.0000000 2.8762181
98 1.3814761 -0.0000000 2.7621424
x.3 1.5708537 -3.0646057 2.9721498
shortcut.2 1.4907313 -5.5452061 3.3716297
124 2.1435623 0.0000000 3.8089168
145 1.2270519 -0.0000000 1.7839311
157 1.0479757 -0.0000000 2.0446115
x.5 1.6769563 -2.3128483 1.8008816
170 2.4311395 0.0000000 3.8879240
191 1.1259067 -0.0000000 1.6368828
203 1.1681996 -0.0000000 1.6913425
x.7 1.6650037 -2.8336070 2.7848589
216 2.6796712 0.0000000 4.2862177
251 1.0420920 -0.0000000 1.5150300
263 1.3017877 -0.0000000 2.6023042
x.9 1.3929683 -2.5750258 3.6523712
shortcut.4 1.4140714 -1.4633765 2.5126774
289 2.0302136 0.0000000 3.6075060
310 0.6347542 -0.0000000 1.1279010
322 0.7599728 -0.0000000 1.1688814
x.11 1.6703337 -2.7323515 2.8126295
335 3.3501322 0.0000000 5.7014637
356 0.8109773 -0.0000000 1.0807751
368 0.6966789 -0.0000000 1.2111782
x.13 2.0093706 -1.4889165 2.0093706
381 3.3655792 0.0000000 6.4865274
402 0.8512099 -0.0000000 1.3612709
414 0.7618820 -0.0000000 2.0306933
x.15 1.9151984 -1.9138173 1.9151984
427 5.7375850 0.0000000 7.9132438
481 1.3505803 -0.0000000 1.9817482
493 1.2803870 -0.0000000 2.0476189
x.17 2.1440447 -3.3755472 4.0348053
shortcut.6 2.0838854 -1.3973132 3.5466335
519 2.9472289 0.0000000 4.4468031
540 1.0883657 -0.0000000 1.6424983
552 0.6560093 -0.0000000 1.4991361
x.19 2.3544887 -2.1994574 3.4088752
565 2.9246154 0.0000000 5.0573921
586 0.9635298 -0.0000000 1.6397949
598 0.6729107 -0.0000000 1.1332359
x.6 2.1955328 -1.3088834 2.1955328
611 3.6472023 0.0000000 5.5567884
632 0.7899330 -0.0000000 1.3026607
644 0.6518680 -0.0000000 0.9311750
x.8 1.7298452 -1.7298452 1.7255149
657 3.7207635 0.0000000 5.3866138
678 1.2788215 -0.0000000 2.3248203
690 1.2241306 -0.0000000 2.0190930
x.10 2.2383836 -3.5282571 2.6773031
703 2.8081968 0.0000000 4.6788044
724 0.7227672 -0.0000000 1.0415379
736 1.0599500 -0.0000000 1.8842534
x.12 2.1943729 -2.1943729 2.1091220
749 2.6582360 0.0000000 4.3836374
770 0.8278946 -0.0000000 1.3243984
782 0.7781583 -0.0000000 1.4999671
x.14 2.0591028 -1.6311182 3.1373155
795 3.0729907 0.0000000 4.3890676
816 0.9640378 -0.0000000 1.5193328
828 0.7626621 -0.0000000 1.0656810
x.16 2.2702864 -2.3380258 2.5945044
841 2.8358616 0.0000000 4.2195230
862 0.7385164 -0.0000000 1.4146287
874 0.5929258 -0.0000000 0.8783610
x.18 2.2909969 -2.0050833 2.7663593
887 3.1375745 0.0000000 4.1309633
908 1.7605217 -0.0000000 2.9961655
920 0.7473875 -0.0000000 1.5733260
x.20 2.4088242 -2.9645061 1.3726380
933 2.6911274 0.0000000 4.0041709
954 0.5618148 -0.0000000 0.8984649
966 0.4980995 -0.0000000 0.9055148
x.22 1.4706119 -1.1787601 1.4706119
979 2.8764618 0.0000000 4.1451020
1000 0.7661353 -0.0000000 1.2074366
1012 0.6708774 -0.0000000 1.1417885
x.24 1.8124892 -1.8124892 1.1233045
1025 2.6251613 0.0000000 3.7829673
1046 0.6931083 -0.0000000 1.0076653
1058 0.4842627 -0.0000000 0.8154369
x.26 1.5683173 -1.2529809 1.5683173
1071 2.5137710 0.0000000 3.7402792
1092 0.6914855 -0.0000000 1.0736684
1104 0.7893631 -0.0000000 1.3293512
x.28 2.0684821 -1.5403450 2.9947894
1117 3.6347896 0.0000000 4.8660374
1138 0.7135950 -0.0000000 1.2679939
1150 0.5703243 -0.0000000 1.0732741
x.30 1.7200239 -1.7200239 1.5905350
1163 3.6148132 0.0000000 4.3810081
1184 0.6782050 -0.0000000 1.2912484
1196 0.8649363 -0.0000000 1.4720638
x.32 2.4487623 -2.7020006 2.4805684
1209 3.0446841 0.0000000 4.0086627
1230 0.7584644 -0.0000000 1.3477228
1242 0.6756537 -0.0000000 1.2942153
x.34 1.5307510 -1.2468346 1.5307510
1255 2.9631322 0.0000000 3.7174220
1276 0.8973749 -0.0000000 1.7189223
1288 0.7989563 -0.0000000 1.2288404
x.36 2.3332229 -1.9029862 3.0723407
1301 2.8974358 0.0000000 3.8147941
1322 0.7262268 -0.0000000 1.2421861
1334 0.9932526 -0.0000000 1.8691685
x.38 2.2884970 -1.4477159 4.8491831
1347 2.7892871 0.0000000 4.8491831
1368 0.8103017 -0.0000000 1.4398329
1380 0.8355660 -0.0000000 1.5186040
x.40 1.8118484 -1.6631759 1.8118484
1393 2.6266952 0.0000000 4.0397034
1414 1.1040226 -0.0000000 2.2073982
1426 0.8578167 -0.0000000 1.4913168
x.42 2.2990017 -2.2990017 2.1197886
1439 2.6171330 0.0000000 3.8402002
1460 0.8280429 -0.0000000 1.4713573
1472 0.7791374 -0.0000000 1.5575140
x.44 2.3569199 -2.9344130 2.1921084
1485 2.7400489 0.0000000 4.5652614
1506 0.8912566 -0.0000000 1.7816428
1518 0.7506755 -0.0000000 1.2840048
x.21 2.1869357 -2.1869357 1.7213252
1531 2.5223278 0.0000000 4.3850737
1565 1.0722353 -0.0000000 1.7147388
1577 1.8604491 -0.0000000 2.6934044
x.2 4.3126312 -5.6748652 10.7789450
shortcut.1 4.1080028 -4.2447047 7.7307119
1603 10.7236028 0.0000000 13.1977844
1624 2.6728531 -0.0000000 3.5191061
1636 1.8462249 -0.0000000 3.3557293
x.4 7.6770362 -4.9175143 11.3707123
1649 21.1910786 0.0000000 24.5684967
1670 1.9677335 -0.0000000 3.1468363
1682 1.0264642 -0.0000000 2.5655339
x.1 9.7874556 -7.5534806 18.7478790
1695 15.3331272 0.0000000 25.5468922
input.1 7.0383139 0.0000000 14.0697546
1702 7.7414580 0.0000000 14.0697546
1707 42.3323402 -7.9328647 52.0759010
