# genetated time: 2022-12-14 18:52:42.855482
# histogram number: 2048
# sample number: 100
# tune number: 5
###
# op_name    threshold    min    max
data 255.0000000 0.0000000 255.0000000
mobilenet0_batchnorm0 2.3114669 0.0000000 4.9294920
mobilenet0_batchnorm1 2.5698990 -0.0000000 4.3736143
mobilenet0_batchnorm2 6.6701922 0.0000000 8.6062927
mobilenet0_batchnorm3 2.3815339 -0.0000000 4.2328730
mobilenet0_batchnorm4 1.7754246 0.0000000 5.6785846
mobilenet0_batchnorm5 2.8938986 -0.0000000 6.9605904
mobilenet0_batchnorm6 2.0894217 0.0000000 4.1768031
mobilenet0_batchnorm7 2.5876658 -0.0000000 2.9155393
mobilenet0_batchnorm8 1.0174687 0.0000000 1.6271551
mobilenet0_batchnorm9 1.5379117 -0.0000000 2.4594572
mobilenet0_batchnorm10 1.2048595 0.0000000 1.4821799
mobilenet0_batchnorm11 1.5937578 -0.0000000 2.8808532
rf_c1_red_conv_bn 2.4926457 0.0000000 3.0663738
mobilenet0_batchnorm12 0.8685344 0.0000000 1.5433073
mobilenet0_batchnorm13 1.2440102 -0.0000000 2.4868057
mobilenet0_batchnorm14 0.8535057 0.0000000 1.3649423
mobilenet0_batchnorm15 0.9999192 -0.0000000 1.9037665
mobilenet0_batchnorm16 0.7005304 0.0000000 1.1203014
mobilenet0_batchnorm17 1.6924047 -0.0000000 2.8802397
mobilenet0_batchnorm18 0.7950556 0.0000000 1.4127421
mobilenet0_batchnorm19 1.5586177 -0.0000000 3.1163220
mobilenet0_batchnorm20 0.7879742 0.0000000 1.4001590
mobilenet0_batchnorm21 1.3953128 -0.0000000 3.3560958
mobilenet0_batchnorm22 1.0111797 0.0000000 1.7967751
mobilenet0_batchnorm23 1.2339940 -0.0000000 2.8191803
rf_c2_lateral_bn 3.0242431 0.0000000 6.9091806
mobilenet0_batchnorm24 0.8696805 0.0000000 1.3908093
mobilenet0_batchnorm25 0.8751384 -0.0000000 2.4134839
mobilenet0_batchnorm26 5.3250856 0.0000000 10.6449709
rf_c3_lateral_bn 2.8670340 0.0000000 2.8670340
rf_c3_det_conv1_bn_move_ahead_relu 3.5037470 0.0000000 3.5037470
rf_c3_det_context_conv1_bn 3.7771556 0.0000000 3.7771556
rf_c3_upsampling 2.8670340 0.0000000 2.8670340
crop0 2.8670340 0.0000000 2.8670340
plus0 3.0242431 0.0000000 6.9091806
rf_c3_det_context_conv2_bn_move_ahead_relu 2.1912265 0.0000000 2.1912265
rf_c3_det_context_conv3_1_bn 2.5410488 0.0000000 2.5410488
rf_c2_aggr_bn 2.4158700 0.0000000 2.4158700
rf_c3_det_context_conv3_2_bn_move_ahead_relu 1.6916003 0.0000000 1.6916003
rf_c2_det_conv1_bn_move_ahead_relu 2.8190804 0.0000000 4.0984783
rf_c2_det_context_conv1_bn 3.3864796 0.0000000 3.3864796
rf_c2_upsampling 2.4158700 0.0000000 2.4158700
crop1 2.0316557 0.0000000 2.4158700
rf_c3_det_concat/1_relu 3.3396854 0.0000000 3.5037470
plus1 2.8443918 0.0000000 3.7906706
rf_c2_det_context_conv2_bn_move_ahead_relu 2.5798242 0.0000000 2.5798242
rf_c2_det_context_conv3_1_bn 3.2112842 0.0000000 3.2112842
rf_c1_aggr_bn 1.8263756 0.0000000 2.9207740
face_rpn_cls_score_stride32 6.0145483 -6.0096989 6.0145483
face_rpn_bbox_pred_stride32 0.6417415 -0.6417415 0.5335170
face_rpn_landmark_pred_stride32 0.8527815 -0.7341845 0.8527815
face_rpn_cls_score_reshape_stride32 6.0145483 -6.0096989 6.0145483
face_rpn_cls_prob_stride32 0.9999940 0.0000060 0.9999940
rf_c2_det_context_conv3_2_bn_move_ahead_relu 2.0176270 0.0000000 2.0176270
rf_c1_det_conv1_bn_move_ahead_relu 2.6725051 0.0000000 2.8492804
rf_c1_det_context_conv1_bn 1.5835646 0.0000000 3.1655829
face_rpn_cls_prob_reshape_stride32 0.9999940 0.0000060 0.9999940
rf_c2_det_concat/1_relu 3.0109901 0.0000000 4.0984783
rf_c1_det_context_conv2_bn_move_ahead_relu 1.8217160 0.0000000 2.4277687
rf_c1_det_context_conv3_1_bn 1.9828757 0.0000000 2.4392707
face_rpn_cls_score_stride16 6.6357665 -6.6357665 6.6270790
face_rpn_bbox_pred_stride16 0.6777382 -0.5781036 0.6777382
face_rpn_landmark_pred_stride16 0.8335779 -0.7451208 0.8887156
face_rpn_cls_score_reshape_stride16 6.6357665 -6.6357665 6.6270790
face_rpn_cls_prob_stride16 0.9999982 0.0000017 0.9999982
rf_c1_det_context_conv3_2_bn_move_ahead_relu 2.3935909 0.0000000 3.1898961
face_rpn_cls_prob_reshape_stride16 0.9999982 0.0000017 0.9999982
rf_c1_det_concat/1_relu 2.3935909 0.0000000 3.1898961
face_rpn_cls_score_stride8 5.6744399 -6.4819074 6.4632874
face_rpn_bbox_pred_stride8 0.5366472 -0.5104108 0.5721442
face_rpn_landmark_pred_stride8 0.7925653 -0.7232019 0.8449902
face_rpn_cls_score_reshape_stride8 6.4415340 -6.4819074 6.4632874
face_rpn_cls_prob_stride8 0.9999976 0.0000024 0.9999976
face_rpn_cls_prob_reshape_stride8 0.9999976 0.0000024 0.9999976
