# genetated time: 2022-12-07 17:32:40.290668
# histogram number: 2048
# sample number: 100
# tune number: 5
###
# op_name    threshold    min    max
data 255.0000000 0.0000000 255.0000000
bn_data_BatchNormalization 2.4725044 -2.0331745 2.4725044
relu0_Relu 2.9455653 0.0000000 5.7468281
pooling0_MaxPool 5.0286852 0.0000000 5.7468281
stage1_unit1_relu1_Relu 7.9247684 -0.0000000 21.1223965
stage1_unit1_relu2_Relu 3.6813455 0.0000000 8.4103956
stage1_unit1_relu3_Relu 4.9835625 0.0000000 8.8553410
stage1_unit1_conv3_Conv 3.5886662 -3.5886662 3.1428366
stage1_unit1_sc_Conv 4.8387165 -15.4763327 6.6345806
_plus0_Add 5.3667164 -14.3042564 6.6942306
stage1_unit2_relu1_Relu 2.1909566 -0.0000000 11.6793957
stage1_unit2_relu2_Relu 5.6883059 0.0000000 18.1936913
stage1_unit2_relu3_Relu 6.7476997 0.0000000 21.5820961
stage1_unit2_conv3_Conv 3.8849177 -3.9637327 4.3163409
_plus1_Add 5.8013668 -15.4627581 6.1575623
stage1_unit3_relu1_Relu 2.0551643 -0.0000000 10.9555244
stage1_unit3_relu2_Relu 5.0098799 0.0000000 45.7924728
stage1_unit3_relu3_Relu 9.8500128 0.0000000 22.5033207
stage1_unit3_conv3_Conv 3.8779782 -9.9258785 6.2773480
_plus2_Add 6.6216593 -15.1278315 9.1599121
stage2_unit1_relu1_Relu 0.8240359 -0.0000000 3.2945342
stage2_unit1_relu2_Relu 0.6520363 0.0000000 1.7379146
stage2_unit1_relu3_Relu 0.5679471 0.0000000 1.8165432
stage2_unit1_conv3_Conv 0.0474447 -0.1074194 0.1264575
stage2_unit1_sc_Conv 0.0735519 -0.2352512 0.1763984
_plus3_Add 0.0841174 -0.2690444 0.2094326
stage2_unit2_relu1_Relu 0.2682278 -0.0000000 0.8579100
stage2_unit2_relu2_Relu 0.3821202 0.0000000 0.8729911
stage2_unit2_relu3_Relu 0.6210575 0.0000000 1.1035631
stage2_unit2_conv3_Conv 0.0551860 -0.0869737 0.0690225
_plus4_Add 0.1057682 -0.3382928 0.2397016
stage2_unit3_relu1_Relu 0.2969197 -0.0000000 0.7913993
stage2_unit3_relu2_Relu 0.3413317 0.0000000 1.0917281
stage2_unit3_relu3_Relu 0.4604832 0.0000000 0.7364134
stage2_unit3_conv3_Conv 0.0442628 -0.0442628 0.0373325
_plus5_Add 0.1268292 -0.3380460 0.2311644
stage2_unit4_relu1_Relu 0.2855150 -0.0000000 0.7610017
stage2_unit4_relu2_Relu 0.3369966 0.0000000 1.7964375
stage2_unit4_relu3_Relu 0.4661809 0.0000000 1.4910504
stage2_unit4_conv3_Conv 0.0678700 -0.0861819 0.1024254
_plus6_Add 0.1449171 -0.3862568 0.2173297
stage3_unit1_relu1_Relu 0.4480474 -0.0000000 1.1942097
stage3_unit1_relu2_Relu 0.5913542 0.0000000 3.7840014
stage3_unit1_relu3_Relu 0.2989417 0.0000000 0.7355415
stage3_unit1_conv3_Conv 0.0232164 -0.0454348 0.0618802
stage3_unit1_sc_Conv 0.0242154 -0.0553528 0.0774514
_plus7_Add 0.0381852 -0.0859759 0.1221328
stage3_unit2_relu1_Relu 0.1857609 -0.0000000 0.5353030
stage3_unit2_relu2_Relu 0.1929730 0.0000000 0.5143433
stage3_unit2_relu3_Relu 0.2487406 0.0000000 0.6629843
stage3_unit2_conv3_Conv 0.0254121 -0.0453053 0.0611227
_plus8_Add 0.0436147 -0.1100027 0.1394990
stage3_unit3_relu1_Relu 0.1994478 -0.0000000 0.6934516
stage3_unit3_relu2_Relu 0.2245247 0.0000000 0.7181282
stage3_unit3_relu3_Relu 0.2413341 0.0000000 0.3508600
stage3_unit3_conv3_Conv 0.0292521 -0.0364194 0.0244652
_plus9_Add 0.0451752 -0.1187208 0.1444900
stage3_unit4_relu1_Relu 0.2912859 -0.0000000 0.5824010
stage3_unit4_relu2_Relu 0.3131937 0.0000000 0.7533135
stage3_unit4_relu3_Relu 0.2813164 0.0000000 0.4498864
stage3_unit4_conv3_Conv 0.0312388 -0.0334119 0.0564667
_plus10_Add 0.0538025 -0.1227701 0.1434032
stage3_unit5_relu1_Relu 0.2692457 -0.0000000 0.5557306
stage3_unit5_relu2_Relu 0.2509111 0.0000000 1.0994649
stage3_unit5_relu3_Relu 0.3336100 0.0000000 0.5706284
stage3_unit5_conv3_Conv 0.0376830 -0.0438974 0.0558136
_plus11_Add 0.0603238 -0.1364678 0.1607849
stage3_unit6_relu1_Relu 0.2555278 -0.0000000 0.5676854
stage3_unit6_relu2_Relu 0.2364633 0.0000000 0.4044623
stage3_unit6_relu3_Relu 0.3089142 0.0000000 0.3800165
stage3_unit6_conv3_Conv 0.0428361 -0.0354813 0.0519172
_plus12_Add 0.0707916 -0.1576311 0.1617303
stage4_unit1_relu1_Relu 0.2827285 -0.0000000 0.6800365
stage4_unit1_relu2_Relu 0.2833716 0.0000000 0.4509712
stage4_unit1_relu3_Relu 0.1639522 0.0000000 0.2383596
stage4_unit1_conv3_Conv 0.0172743 -0.0165595 0.0345318
stage4_unit1_sc_Conv 0.0162596 -0.0295538 0.0213042
_plus13_Add 0.0302687 -0.0355774 0.0465514
stage4_unit2_relu1_Relu 0.1421529 -0.0000000 0.2842226
stage4_unit2_relu2_Relu 0.2025909 0.0000000 0.2391946
stage4_unit2_relu3_Relu 0.1831960 0.0000000 0.2325379
stage4_unit2_conv3_Conv 0.0224796 -0.0235074 0.0220928
_plus14_Add 0.0364837 -0.0360720 0.0521014
stage4_unit3_relu1_Relu 0.2753059 -0.0000000 0.3101889
stage4_unit3_relu2_Relu 0.1960831 0.0000000 0.1998169
stage4_unit3_relu3_Relu 0.2649167 0.0000000 0.3362692
stage4_unit3_conv3_Conv 0.0283102 -0.0301512 0.0471683
_plus15_Add 0.0354139 -0.0400409 0.0566346
relu1_Relu 0.8762172 -0.0000000 1.2241029
ssh_c3_lateral_relu_Relu 0.5223527 0.0000000 0.5256266
ssh_m3_det_conv1_Conv_move_ahead_relu 1.1073743 0.0000000 1.3074522
ssh_m3_det_context_conv1_relu_Relu 0.5179862 0.0000000 0.5179862
ssh_m3_det_context_conv2_Conv_move_ahead_relu 1.5211036 0.0000000 1.5211036
ssh_m3_det_context_conv3_1_relu_Relu 0.5135760 0.0000000 0.5200545
ssh_m3_det_context_conv3_2_Conv_move_ahead_relu 1.3506114 0.0000000 1.3506114
ssh_m3_det_concat_Concat_relu 1.5021177 0.0000000 1.5211036
face_rpn_cls_score_stride32_Conv 4.9296861 -4.9296861 4.9282336
face_rpn_cls_score_reshape_stride32_Reshape 4.9296861 -4.9296861 4.9282336
face_rpn_cls_prob_stride32_tr1_Transpose 4.9296861 -4.9296861 4.9282336
face_rpn_cls_prob_stride32_Softmax 0.9999477 0.0000523 0.9999477
face_rpn_cls_prob_stride32_tr2_Transpose 0.9999477 0.0000523 0.9999477
face_rpn_cls_prob_reshape_stride32_Reshape 0.9999477 0.0000523 0.9999477
face_rpn_bbox_pred_stride32_Conv 0.4651685 -0.4651685 0.2921734
face_rpn_landmark_pred_stride32_Conv 0.5537212 -0.4387929 0.5537212
ssh_c2_lateral_relu_Relu 0.4359094 0.0000000 0.9958779
ssh_c3_up_Resize 0.4601479 0.0000000 0.5256266
crop0_Slice 0.4601479 0.0000000 0.5256266
_plus0_1_Add 0.6227278 0.0000000 0.9958779
ssh_c2_aggr_relu_Relu 0.6096554 0.0000000 0.8863386
ssh_m2_det_conv1_Conv_move_ahead_relu 2.2706147 0.0000000 3.4595819
ssh_m2_det_context_conv1_relu_Relu 0.8695317 0.0000000 1.2937899
ssh_m2_det_context_conv2_Conv_move_ahead_relu 2.0606248 0.0000000 2.0606248
ssh_m2_det_context_conv3_1_relu_Relu 1.2360051 0.0000000 1.2515966
ssh_m2_det_context_conv3_2_Conv_move_ahead_relu 2.1167060 0.0000000 4.8371725
ssh_m2_det_concat_Concat_relu 4.4441965 0.0000000 4.8371725
face_rpn_cls_score_stride16_Conv 4.4759030 -4.4713860 4.4759030
face_rpn_cls_score_reshape_stride16_Reshape 4.4759030 -4.4713860 4.4759030
face_rpn_cls_prob_stride16_tr1_Transpose 4.4759030 -4.4713860 4.4759030
face_rpn_cls_prob_stride16_Softmax 0.9998699 0.0001301 0.9998699
face_rpn_cls_prob_stride16_tr2_Transpose 0.9998699 0.0001301 0.9998699
face_rpn_cls_prob_reshape_stride16_Reshape 0.9998699 0.0001301 0.9998699
face_rpn_bbox_pred_stride16_Conv 0.5088052 -0.5088052 0.4848620
face_rpn_landmark_pred_stride16_Conv 0.7989956 -0.6327847 0.7989956
ssh_m1_red_conv_relu_Relu 0.4999420 0.0000000 1.5990334
ssh_m2_red_up_Resize 0.6096554 0.0000000 0.8863386
crop1_Slice 0.6096554 0.0000000 0.8863386
_plus1_1_Add 0.5999305 0.0000000 1.5990334
ssh_c1_aggr_relu_Relu 0.6819664 0.0000000 1.6779678
ssh_m1_det_conv1_Conv_move_ahead_relu 1.2216133 0.0000000 3.7575393
ssh_m1_det_context_conv1_relu_Relu 0.8009009 0.0000000 1.6010197
ssh_m1_det_context_conv2_Conv_move_ahead_relu 1.0094315 0.0000000 9.2266417
ssh_m1_det_context_conv3_1_relu_Relu 0.6431233 0.0000000 1.4692783
ssh_m1_det_context_conv3_2_Conv_move_ahead_relu 1.1434431 0.0000000 6.0953851
ssh_m1_det_concat_Concat_relu 1.5575310 0.0000000 9.2266417
face_rpn_cls_score_stride8_Conv 4.5240883 -4.5523319 4.5481071
face_rpn_cls_score_reshape_stride8_Reshape 4.5240883 -4.5523319 4.5481071
face_rpn_cls_prob_stride8_tr1_Transpose 4.5240883 -4.5523319 4.5481071
face_rpn_cls_prob_stride8_Softmax 0.9998884 0.0001116 0.9998884
face_rpn_cls_prob_stride8_tr2_Transpose 0.9998884 0.0001116 0.9998884
face_rpn_cls_prob_reshape_stride8_Reshape 0.9998884 0.0001116 0.9998884
face_rpn_bbox_pred_stride8_Conv 0.4983048 -0.4983048 0.4873549
face_rpn_landmark_pred_stride8_Conv 0.7586651 -0.6953641 0.8666224
