# genetated time: 2023-06-21 20:51:08.798969
# histogram number: 2048
# sample number: 100
###
# op_name    threshold    min    max
input_ids.1 50140.0000000 0.0000000 50141.0000000
attention_mask.1 1.0000000 0.0000000 1.0000000
token_type_ids.1 0.0000100 -0.0000100 0.0000100
37 1.0000000 0.0000000 1.0000000
extended_attention_mask.1 1.0000000 0.0000000 1.0000000
40 1.0000000 0.0000000 1.0000000
attention_mask0.1 10000.0000000 -10000.0000000 -0.0000000
words_embeddings.1 0.6143512 -1.0478665 1.0454248
token_type_embeddings.1 0.0886816 -0.0886816 0.0426531
61 1.3116784 -2.0972419 2.0928373
input0.5 1.3591331 -2.1859236 2.1354904
input0.7 3.4498754 -2.5292506 4.0165277
x.5 16.1587372 -24.7869778 21.6614933
x.7 15.0098715 -20.9826145 19.0522614
x.9 2.9911849 -4.4484501 3.0491140
x.11 16.1762352 -24.7869778 21.6614933
query_layer.2 16.1811956 -24.7869778 21.6614933
x0.2 15.0215149 -20.9826145 19.0522614
key_layer.2 15.0215149 -20.9826145 19.0522614
x1.2 2.9978497 -4.4484501 3.0491140
value_layer.2 2.9978497 -4.4484501 3.0491140
127 15.0273809 -20.9826145 19.0522614
attention_scores.2 1064.0042725 -1253.2312012 1424.1589355
attention_scores0.2 133.0710297 -156.6539001 178.0198669
input.6 10120.2470703 -10156.6542969 90.0410767
input0.4 0.9979724 0.0000000 1.0000000
context_layer.2 1.3204351 -3.9892709 2.5222261
135 1.3207039 -3.9892709 2.5222261
input1.3 1.3209885 -3.9892709 2.5222261
input.8 1.8530002 -14.2199039 14.5080109
input.10 5.1001210 -14.7031116 17.5024109
input0.6 16.6923757 -18.5361423 22.1586590
x.13 11.4930732 -21.0124149 11.9508133
input.12 4.9801942 -0.1699712 11.9508133
input.14 4.5414222 -25.0940933 26.5841141
input.16 20.5563849 -40.8136215 48.3521385
input0.8 13.9126409 -10.3042135 16.2010403
x.15 10.6329752 -15.3880157 15.6137819
x.17 12.5295185 -17.3860874 18.2108574
x.19 3.4831867 -6.2636313 4.6339865
x.21 10.6430654 -15.3880157 15.6137819
query_layer.4 10.6460164 -15.3880157 15.6137819
x0.4 12.5417486 -17.3860874 18.2108574
key_layer.4 12.5459261 -17.3860874 18.2108574
x1.4 3.4872952 -6.2636313 4.6339865
value_layer.4 3.4879117 -6.2636313 4.6339865
209 12.5616255 -17.3860874 18.2108574
attention_scores.4 882.3786793 -1268.5777588 561.9151611
attention_scores0.4 110.3339560 -158.5722198 70.2393951
input.18 10110.3610504 -10158.5722656 70.2393951
input0.10 0.9999603 0.0000000 1.0000000
context_layer.4 2.0445460 -3.9906209 3.0851154
217 2.0457472 -3.9906209 3.0851154
input1.4 2.0469925 -3.9906209 3.0851154
input.20 2.3677837 -3.7676880 4.4775324
input.22 13.5449193 -10.5420685 18.5172195
input0.12 22.3614137 -16.5561161 26.8694305
x.23 13.2403985 -20.5724888 13.7544527
input.24 3.5385259 -0.1699712 13.7544527
input.26 4.8606221 -7.6376600 33.8267059
input.28 22.0431160 -19.0354137 59.7186279
input0.14 19.6486465 -7.5546136 24.3159885
x.25 10.5497754 -13.7361622 13.9552908
x.27 8.3828974 -11.1993675 10.3622932
x.29 4.1158202 -5.8526764 6.0724692
x.31 10.5568333 -13.7361622 13.9552908
query_layer.6 10.5603427 -13.7361622 13.9552908
x0.6 8.3976209 -11.1993675 10.3622932
key_layer.6 8.4013270 -11.1993675 10.3622932
x1.6 4.1239460 -5.8526764 6.0724692
value_layer.6 4.1251676 -5.8526764 6.0724692
291 8.4103614 -11.1993675 10.3622932
attention_scores.6 177.6076736 -254.4429779 196.0740509
attention_scores0.6 22.2074200 -31.8053722 24.5092564
input.30 10022.1855469 -10031.8056641 24.5092564
input0.16 0.9928114 0.0000000 0.9999793
context_layer.6 2.2694308 -3.9443412 3.6250856
299 2.2707631 -3.9443412 3.6250856
input1.6 2.2717825 -3.9443412 3.6250856
input.32 2.5078855 -4.5116205 5.1401591
input.34 19.2535911 -7.5523772 27.0030575
input0.18 24.8273079 -9.3943844 29.0596333
x.33 11.6112190 -18.3496876 13.8476191
input.36 4.0526939 -0.1699712 13.8476191
input.38 5.7865806 -23.1786270 41.7840652
input.40 26.3721626 -25.4137497 66.7850647
input0.20 17.9652562 -7.5296140 21.4365368
x.35 10.0144909 -11.3780375 13.4621029
x.37 8.5213847 -10.6888676 11.3774996
x.39 3.7664993 -4.8422065 6.1709995
x.41 10.0278570 -11.3780375 13.4621029
query_layer.8 10.0330132 -11.3780375 13.4621029
x0.8 8.5314358 -10.6888676 11.3774996
key_layer.8 8.5340560 -10.6888676 11.3774996
x1.8 3.7776142 -4.8422065 6.1709995
value_layer.8 3.7796718 -4.8422065 6.1709995
373 8.5407565 -10.6888676 11.3774996
attention_scores.8 127.8438443 -186.0940094 181.2612457
attention_scores0.8 15.9854420 -23.2617512 22.6576557
input.42 10015.6298828 -10022.7919922 22.6576557
input0.22 0.9142024 0.0000000 0.9999207
context_layer.8 2.1175990 -3.1522810 3.4655924
381 2.1193322 -3.1522810 3.4655924
input1.8 2.1204776 -3.1522810 3.4655924
input.44 2.4759708 -4.0459933 4.7117524
input.46 17.2977211 -7.9473886 21.4021072
input0.24 23.7910623 -9.7625990 28.6411476
x.43 13.3281374 -22.0613937 16.6290340
input.48 4.2151298 -0.1699712 16.6290340
input.50 5.8832748 -19.9548035 168.2282715
input.52 28.8487065 -28.0811234 194.6541901
input0.26 17.1658840 -8.3209925 20.1053009
x.45 9.3721161 -11.6855087 10.7068834
x.47 8.7384088 -12.4510260 10.3322420
x.49 4.1334138 -5.3128228 6.4717941
x.51 9.3809481 -11.6855087 10.7068834
query_layer.10 9.3837179 -11.6855087 10.7068834
x0.10 8.7465476 -12.4510260 10.3322420
key_layer.10 8.7489325 -12.4510260 10.3322420
x1.10 4.1506316 -5.3128228 6.4717941
value_layer.10 4.1520955 -5.3128228 6.4717941
455 8.7548499 -12.4510260 10.3322420
attention_scores.10 161.1278917 -212.8042297 230.1065979
attention_scores0.10 20.1473576 -26.6005287 28.7633247
input.54 10017.3960405 -10026.6005859 28.7633247
input0.28 0.7447403 0.0000000 0.9993630
context_layer.10 1.7855434 -2.7961822 3.3138509
463 1.7862323 -2.7961822 3.3138509
input1.10 1.7872693 -2.7961822 3.3138509
input.56 2.2071760 -3.7234633 5.4168739
input.58 16.6352331 -8.5378990 21.4189129
input0.30 23.5051370 -11.2032976 28.5151005
x.53 16.9274509 -30.0307560 17.7760239
input.60 4.6331391 -0.1699712 17.7760239
input.62 6.5282560 -27.9240379 152.7201691
input.64 29.2644301 -32.8554192 179.8847504
input0.32 19.5682326 -9.1967802 23.0040092
x.55 9.5215383 -11.9539366 11.9188766
x.57 9.6011097 -10.9654369 13.2754631
x.59 4.3559930 -5.5671000 6.0697494
x.61 9.5286391 -11.9539366 11.9188766
query_layer.12 9.5311929 -11.9539366 11.9188766
x0.12 9.6177192 -10.9654369 13.2754631
key_layer.12 9.6203714 -10.9654369 13.2754631
x1.12 4.3677011 -5.5671000 6.0697494
value_layer.12 4.3696292 -5.5671000 6.0697494
537 9.6366209 -10.9654369 13.2754631
attention_scores.12 141.6901021 -199.4641724 162.8287811
attention_scores0.12 17.7174852 -24.9330215 20.3535976
input.66 10016.3339844 -10024.1552734 20.3535976
input0.34 0.7075212 0.0000000 0.9990994
context_layer.12 2.0670380 -3.3144395 3.6424551
545 2.0681414 -3.3144395 3.6424551
input1.12 2.0695942 -3.3144395 3.6424551
input.68 2.7716709 -5.2103977 4.0417595
input.70 17.8250630 -10.1025190 22.4910870
input0.36 23.9049543 -12.0645905 29.4492588
x.63 16.3201325 -27.4023151 20.6072369
input.72 3.8369740 -0.1699712 20.6072369
input.74 5.1635789 -28.5584526 117.8174286
input.76 27.2112404 -33.9121819 145.5740662
input0.38 18.9513676 -10.0647297 23.0903835
x.65 9.5501338 -11.8234177 12.4654951
x.67 8.9361591 -10.4635143 11.2867861
x.69 4.0168610 -5.9059496 5.7665963
x.71 9.5580146 -11.8234177 12.4654951
query_layer.14 9.5605161 -11.8234177 12.4654951
x0.14 8.9549564 -10.4635143 11.2867861
key_layer.14 8.9584250 -10.4635143 11.2867861
x1.14 4.0247500 -5.9059496 5.7665963
value_layer.14 4.0296149 -5.9059496 5.7665963
619 8.9700608 -10.4635143 11.2867861
attention_scores.14 147.6491096 -206.4593048 195.8465576
attention_scores0.14 18.4623853 -25.8074131 24.4808197
input.78 10016.5087891 -10024.4658203 24.4808197
input0.40 0.8301834 0.0000000 0.9996763
context_layer.14 2.4261830 -3.6493216 3.8983963
627 2.4275723 -3.6493216 3.8983963
input1.14 2.4298020 -3.6493216 3.8983963
input.80 4.1794890 -8.8757744 8.1710300
input.82 17.5511279 -10.3066778 23.1535187
input0.42 21.7194687 -12.0345135 27.8494377
x.73 14.4132331 -22.2858334 14.9367447
input.84 3.7987601 -0.1699712 14.9367447
input.86 5.7605838 -36.9454308 171.7729034
input.88 25.2133686 -43.7238693 198.3774109
input0.44 20.0748064 -11.1657400 25.0480175
x.75 10.0141758 -12.4152479 13.0513668
x.77 10.8228726 -15.0063486 13.3430567
x.79 3.5152281 -5.2706861 4.9140744
x.81 10.0250997 -12.4152479 13.0513668
query_layer.16 10.0288220 -12.4152479 13.0513668
x0.16 10.8499670 -15.0063486 13.3430567
key_layer.16 10.8532995 -15.0063486 13.3430567
x1.16 3.5267254 -5.2706861 4.9140744
value_layer.16 3.5291068 -5.2706861 4.9140744
701 10.8679207 -15.0063486 13.3430567
attention_scores.16 295.5212969 -439.7061768 260.9885864
attention_scores0.16 36.9595497 -54.9632721 32.6235733
input.90 10031.6201172 -10051.9355469 32.6235733
input0.46 0.9932595 0.0000000 1.0000000
context_layer.16 2.1473640 -3.8569500 3.3907213
709 2.1484630 -3.8569500 3.3907213
input1.16 2.1514930 -3.8569500 3.3907213
input.92 5.9135794 -7.8045845 3.3405972
input.94 16.6526422 -11.3312588 22.0503616
input0.48 20.1555468 -13.1206512 26.8039970
x.83 20.2073711 -31.4932976 27.8014641
input.96 4.3225789 -0.1699712 27.8014641
input.98 13.7008284 -54.6305656 411.2385559
input.100 30.2203410 -51.0464058 436.4133301
input0.50 19.4978705 -11.7536364 24.7918377
x.85 11.0266832 -12.8939266 13.8125134
x.87 10.5816664 -13.9199991 13.2683592
x.89 9.5501902 -6.3685641 16.1094208
x.91 11.0371414 -12.8939266 13.8125134
query_layer.18 11.0421243 -12.8939266 13.8125134
x0.18 10.6072572 -13.9199991 13.2683592
key_layer.18 10.6116107 -13.9199991 13.2683592
x1.18 9.6510618 -6.3685641 16.1094208
value_layer.18 9.6931331 -6.3685641 16.1094208
783 10.6380019 -13.9199991 13.2683592
attention_scores.18 195.5181564 -269.6809387 164.9998169
attention_scores0.18 24.4527066 -33.7101173 20.6249771
input.102 10017.8291016 -10030.8085938 17.5675602
input0.52 0.8716013 0.0000000 0.9996699
context_layer.18 2.8924029 -5.2367840 12.2870512
791 2.8988853 -5.2367840 12.2870512
input1.18 2.9023730 -5.2367840 12.2870512
input.104 4.8692079 -16.6615658 5.9799314
input.106 16.9403975 -12.1067457 23.4311066
input0.54 21.1493972 -13.1205626 27.4842815
x.93 28.5423171 -42.1635094 116.1428680
input.108 5.9920652 -0.1699712 116.1428680
input.110 15.5172692 -19.8022690 1534.6666260
input.112 25.5653397 -20.3309669 1544.5568848
input0.56 19.1668908 -12.2980881 26.0158825
x.95 11.5590536 -12.7972565 14.9609585
x.97 11.2731063 -14.6793356 13.2433300
x.99 10.3289764 -14.2962456 6.7065644
x.101 11.5786046 -12.7972565 14.9609585
query_layer.20 11.5833171 -12.7972565 14.9609585
x0.20 11.3083877 -14.6793356 13.2433300
key_layer.20 11.3184469 -14.6793356 13.2433300
x1.20 10.4176870 -14.2962456 6.7065644
value_layer.20 10.4429352 -14.2962456 6.7065644
865 11.3383281 -14.6793356 13.2433300
attention_scores.20 259.7380081 -366.4041443 209.0890198
attention_scores0.20 32.4922872 -45.8005180 26.1361275
input.114 10024.5113234 -10040.0771484 23.2346687
input0.58 0.9540940 0.0000000 0.9999936
context_layer.20 3.2356161 -11.5222254 4.5127420
873 3.2531593 -11.5222254 4.5127420
input1.20 3.2702090 -11.5222254 4.5127420
input.116 5.6729137 -14.0015831 8.5296221
input.118 16.8751023 -12.1969223 25.1631603
input0.60 21.5574817 -12.9359579 29.4875183
x.103 34.0012395 -50.2363434 90.8684158
input.120 6.3003411 -0.1699712 90.8684158
input.122 41.0267414 -30.2409554 1041.3991699
input.124 49.7263141 -28.4642372 1056.6805420
input0.62 21.3715545 -11.4238729 26.6914120
x.105 9.1353700 -13.0224495 11.5089025
x.107 11.2449258 -14.0698528 14.4845209
x.109 9.0950020 -12.5462675 7.5374808
x.111 9.1648114 -13.0224495 11.5089025
query_layer.22 9.1805377 -13.0224495 11.5089025
x0.22 11.3306307 -14.0698528 14.4845209
key_layer.22 11.3454794 -14.0698528 14.4845209
x1.22 9.2382344 -12.5462675 7.5374808
value_layer.22 9.2632237 -12.5462675 7.5374808
947 11.4240478 -14.0698528 14.4845209
attention_scores.22 142.1102328 -217.1720123 203.4984741
attention_scores0.22 17.7920515 -27.1465015 25.4373093
input.126 10012.5859375 -10023.0966797 25.4373093
input0.64 0.9204439 0.0000000 0.9999846
context_layer.22 3.2941412 -8.6582403 4.9372296
955 3.3022515 -8.6582403 4.9372296
input1.22 3.3173586 -8.6582403 4.9372296
input.128 10.2012724 -15.4424706 14.0934486
input.130 24.7858643 -12.4539623 31.0035877
input0.3 25.0594498 -12.0783272 30.4623642
x.113 17.9402543 -24.8334579 27.8382473
input.132 5.4915636 -0.1699712 27.8382473
input.134 57.9844101 -57.0301208 393.2243347
input.136 78.2639789 -56.7275352 418.2255249
input0.66 24.4038013 -9.8187952 25.7210522
x.4 9.5250348 -11.4104319 12.7288380
x.6 10.7079574 -10.0035181 11.6634512
x.3 4.9031031 -5.7170682 5.6571960
x.2 9.5909547 -11.4104319 12.7288380
query_layer.1 9.6090057 -11.4104319 12.7288380
x0.1 10.7872088 -10.0035181 11.6634512
key_layer.1 10.8644216 -10.0035181 11.6634512
x1.1 4.9457810 -5.7170682 5.6571960
value_layer.1 4.9568261 -5.7170682 5.6571960
1029 10.9114504 -10.0035181 11.6634512
attention_scores.1 134.9449108 -165.0547333 165.0962677
attention_scores0.1 16.9142776 -20.6318417 20.6370335
input.4 10006.7732569 -10011.9580078 20.6370335
input0.2 0.5938028 0.0000000 0.9981095
context_layer.1 3.5765352 -3.7440290 3.6678729
1037 3.5788990 -3.7440290 3.6678729
input1.5 3.5819449 -3.7440290 3.6678729
input.3 8.7377714 -10.6972132 8.0320692
input.7 24.8332038 -14.3023424 26.6778755
input0.9 24.8962206 -9.4035959 26.4861526
x.8 8.9323319 -10.8228636 8.8449516
input.5 7.5383742 -0.1699712 8.8449516
input.13 53.6053394 -21.3051834 57.6490173
input.2 52.7181795 -22.5436516 56.6541710
hidden_states.1 10.7683895 -6.3532743 12.4325361
1092_SliceAxis 10.1785686 -4.6131034 10.1884146
1092 10.1805254 -4.6131034 10.1884146
x.1 2.8395361 -2.7447660 2.8414214
input1.2 0.9931979 -0.9917744 0.9932154
1102 4.7172013 -4.7172017 4.7015433
