# genetated time: 2022-09-20 10:06:45.583002
# histogram number: 2048
# sample number: 100
# tune number: 5
###
# op_name    threshold    min    max
x 2.6355782 -2.1148427 2.6355782
onnx::MaxPool_355_Relu 4.3937582 0.0000000 8.7849417
input.8_MaxPool 4.5862373 0.0000000 8.7849417
onnx::Conv_359_Relu 1.7068278 0.0000000 3.4119887
onnx::Conv_362_Relu 1.7467742 0.0000000 2.3278949
input.32_Conv 4.0009359 -4.6133838 4.7068481
onnx::Reshape_367_GlobalAveragePool 1.5586442 -1.8314984 2.1682997
onnx::MatMul_371_Reshape 2.0328207 -1.8314984 2.1682997
onnx::MatMul_374_Relu 4.1857657 0.0000000 4.1857657
onnx::Sigmoid_376_MatMul 2.2275382 -3.0202157 2.3452754
onnx::Reshape_377_Sigmoid 0.9068963 0.0465209 0.9125580
onnx::Expand_385_Reshape 0.9068963 0.0465209 0.9125580
onnx::Mul_387_Expand_3 0.9068963 0.0465209 0.9125580
onnx::Mul_387_Expand 0.9125580 0.0465209 0.9125580
onnx::Add_388_Mul 1.7142677 -1.9243897 2.8869650
onnx::Add_924_Conv 1.6716320 -5.5711994 4.0719466
input.44_Relu 2.0625417 0.0000000 3.6649504
onnx::Conv_395_Relu 2.0067241 0.0000000 3.2091908
onnx::Conv_398_Relu 2.9050565 0.0000000 3.8715172
input.68_Conv 5.4941557 -8.6601753 5.0966458
onnx::Reshape_403_GlobalAveragePool 1.6950268 -2.1353436 1.4847316
onnx::MatMul_407_Reshape 2.0619575 -2.1353436 1.4847316
onnx::MatMul_410_Relu 5.2047405 0.0000000 5.2047405
onnx::Sigmoid_412_MatMul 4.7713857 -4.7713857 1.5538514
onnx::Reshape_413_Sigmoid 0.8254693 0.0083975 0.8254693
onnx::Expand_421_Reshape 0.8254693 0.0083975 0.8254693
onnx::Mul_423_Expand_3 0.8254693 0.0083975 0.8254693
onnx::Mul_423_Expand 0.8254693 0.0083975 0.8254693
onnx::Add_424_Mul 1.6444295 -3.8126030 1.9048951
input.76_Relu 1.6610305 0.0000000 3.5423551
onnx::Conv_429_Relu 1.1764212 0.0000000 1.8813548
onnx::Conv_432_Relu 2.3200276 0.0000000 3.7102318
input.100_Conv 1.7437062 -5.9111876 6.9714193
onnx::Reshape_437_GlobalAveragePool 1.1526797 -1.1414331 1.3557431
onnx::MatMul_441_Reshape 1.3557431 -1.1414331 1.3557431
onnx::MatMul_444_Relu 3.9622490 0.0000000 3.9622490
onnx::Sigmoid_446_MatMul 2.8254342 -2.8254342 1.2014836
onnx::Reshape_447_Sigmoid 0.7687886 0.0559651 0.7687886
onnx::Expand_455_Reshape 0.7687886 0.0559651 0.7687886
onnx::Mul_457_Expand_3 0.7687886 0.0559651 0.7687886
onnx::Mul_457_Expand 0.7687886 0.0559651 0.7687886
onnx::Add_458_Mul 1.4684515 -2.0421438 2.4726856
input.108_Relu 1.8772465 0.0000000 3.5327268
onnx::Conv_463_Relu 1.4146676 0.0000000 2.8279538
onnx::Conv_466_Relu 1.8690200 0.0000000 2.4908097
input.132_Conv 2.3464503 -6.0058565 5.1757503
onnx::Reshape_471_GlobalAveragePool 1.0094846 -1.0735375 1.1061291
onnx::MatMul_475_Reshape 1.0923227 -1.0735375 1.1061291
onnx::MatMul_478_Relu 2.1224165 0.0000000 2.1224165
onnx::Sigmoid_480_MatMul 2.6337403 -3.4825053 1.5180551
onnx::Reshape_481_Sigmoid 0.7997757 0.0298141 0.8202519
onnx::Expand_489_Reshape 0.7997757 0.0298141 0.8202519
onnx::Mul_491_Expand_3 0.7997757 0.0298141 0.8202519
onnx::Mul_491_Expand 0.8202519 0.0298141 0.8202519
onnx::Add_492_Mul 1.0751331 -2.2652137 2.2781403
onnx::Add_954_Conv 1.0381423 -2.6571770 2.4895363
input.144_Relu 1.5392480 0.0000000 2.4615941
onnx::Conv_499_Relu 1.1837347 0.0000000 2.1033895
onnx::Conv_502_Relu 1.8018095 0.0000000 2.8814876
input.168_Conv 3.4552885 -5.8860464 11.1657991
onnx::Reshape_507_GlobalAveragePool 1.1294373 -1.0967411 1.6805075
onnx::MatMul_511_Reshape 1.6437695 -1.0967411 1.6805075
onnx::MatMul_514_Relu 3.7740712 0.0000000 3.7740712
onnx::Sigmoid_516_MatMul 3.9139576 -4.1728497 1.4894069
onnx::Reshape_517_Sigmoid 0.8134580 0.0151745 0.8159893
onnx::Expand_525_Reshape 0.8134580 0.0151745 0.8159893
onnx::Mul_527_Expand_3 0.8134580 0.0151745 0.8159893
onnx::Mul_527_Expand 0.8159893 0.0151745 0.8159893
onnx::Add_528_Mul 1.1160768 -3.8804402 1.7019062
input.176_Relu 1.2216993 0.0000000 2.2205811
onnx::Conv_533_Relu 1.3536946 0.0000000 1.6652721
onnx::Conv_536_Relu 1.6169974 0.0000000 1.6581473
input.200_Conv 4.2168287 -4.3811369 5.7174025
onnx::Reshape_541_GlobalAveragePool 1.0864098 -0.7352717 1.0864098
onnx::MatMul_545_Reshape 1.0864098 -0.7352717 1.0864098
onnx::MatMul_548_Relu 2.3112543 0.0000485 2.3112543
onnx::Sigmoid_550_MatMul 2.0902336 -2.0902336 0.8717426
onnx::Reshape_551_Sigmoid 0.7051081 0.1100497 0.7051081
onnx::Expand_559_Reshape 0.7051081 0.1100497 0.7051081
onnx::Mul_561_Expand_3 0.7051081 0.1100497 0.7051081
onnx::Mul_561_Expand 0.7051081 0.1100497 0.7051081
onnx::Add_562_Mul 1.0947405 -1.5228908 1.4850905
input.208_Relu 1.4708357 0.0000000 2.3521879
onnx::Conv_567_Relu 1.2146150 0.0000000 2.4280438
onnx::Conv_570_Relu 1.8904144 0.0000000 2.7483511
input.232_Conv 2.0372931 -2.9108090 4.0733924
onnx::Reshape_575_GlobalAveragePool 0.7031970 -0.5074813 0.7031970
onnx::MatMul_579_Reshape 0.7031970 -0.5074813 0.7031970
onnx::MatMul_582_Relu 1.8527592 0.0060409 1.8527592
onnx::Sigmoid_584_MatMul 1.8280580 -1.8280580 0.6110055
onnx::Reshape_585_Sigmoid 0.6481701 0.1384698 0.6481701
onnx::Expand_593_Reshape 0.6481701 0.1384698 0.6481701
onnx::Mul_595_Expand_3 0.6481701 0.1384698 0.6481701
onnx::Mul_595_Expand 0.6481701 0.1384698 0.6481701
onnx::Add_596_Mul 1.1133729 -1.8085265 2.2980330
input.240_Relu 1.3806020 0.0000000 2.7598557
onnx::Conv_601_Relu 2.7991909 0.0000000 3.7004385
onnx::Conv_604_Relu 1.6677562 0.0000000 3.3338838
input.264_Conv 4.7496934 -12.2559214 6.8775172
onnx::Reshape_609_GlobalAveragePool 1.3496138 -1.4702789 1.8774445
onnx::MatMul_613_Reshape 1.8246614 -1.4702789 1.8774445
onnx::MatMul_616_Relu 6.1512322 0.0000000 6.1512322
onnx::Sigmoid_618_MatMul 3.0689774 -4.9089251 4.1758146
onnx::Reshape_619_Sigmoid 0.9479673 0.0073263 0.9848698
onnx::Expand_627_Reshape 0.9479673 0.0073263 0.9848698
onnx::Mul_629_Expand_3 0.9479673 0.0073263 0.9848698
onnx::Mul_629_Expand 0.9848698 0.0073263 0.9848698
onnx::Add_630_Mul 1.2558384 -3.6528614 3.3515131
onnx::Add_993_Conv 1.2869527 -1.5944470 1.7449194
input.276_Relu 1.7552436 0.0000000 3.3418441
onnx::Conv_637_Relu 1.4205516 0.0000000 1.7217023
onnx::Conv_640_Relu 0.9734212 0.0000000 1.5567135
input.300_Conv 4.5618698 -8.7564793 10.5772753
onnx::Reshape_645_GlobalAveragePool 1.7976885 -2.1696732 2.2124565
onnx::MatMul_649_Reshape 2.2124565 -2.1696732 2.2124565
onnx::MatMul_652_Relu 2.5170722 0.0000000 2.5170722
onnx::Sigmoid_654_MatMul 3.6205635 -3.6205635 2.4479063
onnx::Reshape_655_Sigmoid 0.9089200 0.0260698 0.9204082
onnx::Expand_663_Reshape 0.9089200 0.0260698 0.9204082
onnx::Mul_665_Expand_3 0.9089200 0.0260698 0.9204082
onnx::Mul_665_Expand 0.9204082 0.0260698 0.9204082
onnx::Add_666_Mul 1.3402245 -2.0228126 1.7024887
input.308_Relu 1.5695700 0.0000000 3.3473041
onnx::Conv_671_Relu 1.2572543 0.0000000 1.9337287
onnx::Conv_674_Relu 1.4211909 0.0000000 1.7483039
input.332_Conv 8.0081243 -3.2240274 11.5428867
onnx::Reshape_679_GlobalAveragePool 0.8854614 -1.2261075 1.7275442
onnx::MatMul_683_Reshape 1.6573706 -1.2261075 1.7275442
onnx::MatMul_686_Relu 1.9043639 0.0000000 1.9043639
onnx::Sigmoid_688_MatMul 2.1449738 -3.8124175 0.3545967
onnx::Reshape_689_Sigmoid 0.5877318 0.0216171 0.5877318
onnx::Expand_697_Reshape 0.5877318 0.0216171 0.5877318
onnx::Mul_699_Expand_3 0.5877318 0.0216171 0.5877318
onnx::Mul_699_Expand 0.5877318 0.0216171 0.5877318
onnx::Add_700_Mul 1.3138028 -1.6951493 1.5792583
input.340_Relu 1.3062758 0.0000000 2.9843154
onnx::Conv_705_Relu 1.1181984 0.0000000 1.6256762
onnx::Conv_708_Relu 1.5331968 0.0000000 2.0432642
input.364_Conv 2.0857994 -3.6068692 3.5629339
onnx::Reshape_713_GlobalAveragePool 0.8445656 -1.3469625 1.3510674
onnx::MatMul_717_Reshape 1.3088589 -1.3469625 1.3510674
onnx::MatMul_720_Relu 2.2046595 0.0000000 2.2046595
onnx::Sigmoid_722_MatMul 2.5704825 -4.1107640 1.6262584
onnx::Reshape_723_Sigmoid 0.8356564 0.0161308 0.8356564
onnx::Expand_731_Reshape 0.8356564 0.0161308 0.8356564
onnx::Mul_733_Expand_3 0.8356564 0.0161308 0.8356564
onnx::Mul_733_Expand 0.8356564 0.0161308 0.8356564
onnx::Add_734_Mul 1.2104496 -2.1879909 1.7463156
input.372_Relu 1.2900251 0.0000000 2.9475179
onnx::Conv_739_Relu 1.2091956 0.0000000 2.1021900
onnx::Conv_742_Relu 1.5110055 0.0000000 1.5110055
input.396_Conv 2.4695323 -4.1569858 11.6183243
onnx::Reshape_747_GlobalAveragePool 1.5887297 -1.0704052 1.5887297
onnx::MatMul_751_Reshape 1.5887297 -1.0704052 1.5887297
onnx::MatMul_754_Relu 2.7010515 0.0039089 2.7010515
onnx::Sigmoid_756_MatMul 2.2415690 -3.5847595 1.2440827
onnx::Reshape_757_Sigmoid 0.7762738 0.0269944 0.7762738
onnx::Expand_765_Reshape 0.7762738 0.0269944 0.7762738
onnx::Mul_767_Expand_3 0.7762738 0.0269944 0.7762738
onnx::Mul_767_Expand 0.7762738 0.0269944 0.7762738
onnx::Add_768_Mul 1.2064261 -1.4515169 1.5078485
input.404_Relu 1.4604793 0.0000000 2.9201028
onnx::Conv_773_Relu 1.6033940 0.0000000 2.5517182
onnx::Conv_776_Relu 1.6977863 0.0000000 2.2626097
input.428_Conv 6.4830551 -10.3509102 13.6460810
onnx::Reshape_781_GlobalAveragePool 2.3125730 -2.3125730 1.7940588
onnx::MatMul_785_Reshape 2.3125730 -2.3125730 1.7940588
onnx::MatMul_788_Relu 5.9108686 0.0000000 5.9108686
onnx::Sigmoid_790_MatMul 5.0552225 -6.7370052 1.7926487
onnx::Reshape_791_Sigmoid 0.8572517 0.0011848 0.8572517
onnx::Expand_799_Reshape 0.8572517 0.0011848 0.8572517
onnx::Mul_801_Expand_3 0.8572517 0.0011848 0.8572517
onnx::Mul_801_Expand 0.8572517 0.0011848 0.8572517
onnx::Add_802_Mul 1.2163950 -2.4320772 1.3857446
input.436_Relu 1.2783098 0.0000000 2.9207499
onnx::Conv_807_Relu 2.4312198 0.0000000 2.5256062
onnx::Conv_810_Relu 2.9240084 0.0000000 3.1174192
input.460_Conv 4.5345449 -5.9370670 12.0862160
onnx::Reshape_815_GlobalAveragePool 3.1625576 -1.1568501 3.1625576
onnx::MatMul_819_Reshape 3.1625576 -1.1568501 3.1625576
onnx::MatMul_822_Relu 10.7882938 0.0000000 10.7882938
onnx::Sigmoid_824_MatMul 7.1845393 -7.1845393 6.5472012
onnx::Reshape_825_Sigmoid 0.9985679 0.0007576 0.9985679
onnx::Expand_833_Reshape 0.9985679 0.0007576 0.9985679
onnx::Mul_835_Expand_3 0.9985679 0.0007576 0.9985679
onnx::Mul_835_Expand 0.9985679 0.0007576 0.9985679
onnx::Add_836_Mul 3.0602231 -3.7790689 9.7879324
onnx::Add_1050_Conv 3.2026709 -3.4903011 7.3176332
input.472_Relu 4.6099405 0.0000000 12.2871723
onnx::Conv_843_Relu 1.9328853 0.0000000 2.0894678
onnx::Conv_846_Relu 1.5984299 0.0000000 2.5562391
input.496_Conv 3.9532199 -12.6441269 10.5812683
onnx::Reshape_851_GlobalAveragePool 3.8386850 -1.5007343 4.3849268
onnx::MatMul_855_Reshape 4.3576147 -1.5007343 4.3849268
onnx::MatMul_858_Relu 9.0436287 0.0000000 9.0436287
onnx::Sigmoid_860_MatMul 5.8865297 -6.3827167 6.9235387
onnx::Reshape_861_Sigmoid 0.9990166 0.0016877 0.9990166
onnx::Expand_869_Reshape 0.9990166 0.0016877 0.9990166
onnx::Mul_871_Expand_3 0.9990166 0.0016877 0.9990166
onnx::Mul_871_Expand 0.9990166 0.0016877 0.9990166
onnx::Add_872_Mul 4.1066887 -12.6316929 10.4024029
input.504_Relu 5.7047253 0.0000000 15.2051725
onnx::Conv_877_Relu 2.8884956 0.0000000 2.9249322
onnx::Conv_880_Relu 3.0497241 0.0000000 3.2514508
input.528_Conv 17.7442044 -6.5104461 42.6794968
onnx::Reshape_885_GlobalAveragePool 10.9653931 -2.4237456 11.6907072
onnx::MatMul_889_Reshape 11.6181758 -2.4237456 11.6907072
onnx::MatMul_892_Relu 11.0131464 0.0000000 11.0131464
onnx::Sigmoid_894_MatMul 8.0130863 -1.7033912 8.0130863
onnx::Reshape_895_Sigmoid 0.9996691 0.1540229 0.9996691
onnx::Expand_903_Reshape 0.9996691 0.1540229 0.9996691
onnx::Mul_905_Expand_3 0.9996691 0.1540229 0.9996691
onnx::Mul_905_Expand 0.9996691 0.1540229 0.9996691
onnx::Add_906_Mul 15.4049813 -6.4657640 42.4843330
input.536_Relu 22.8416932 0.0000000 45.6699982
onnx::Flatten_909_GlobalAveragePool 9.8849633 0.0000000 13.1786633
onnx::Gemm_910_Flatten 12.7669508 0.0000000 13.1786633
911_Gemm 30.6203289 -8.1750307 30.6203289
