# genetated time: 2023-07-22 13:45:43.829816
# histogram number: 2048
# sample number: 100
# tune number: 5
###
# op_name    threshold    min    max
input 2.6355782 -2.1148427 2.6355782
341_Relu 8.6428968 -0.0000000 16.5554771
342_MaxPool 10.3522282 -0.0000000 16.5554771
344_BatchNormalization 5.1576223 -9.1784649 11.7830944
347_Relu 5.5472164 -0.0000000 9.8569031
350_Relu 4.0361466 -0.0000000 7.1718678
352_BatchNormalization 6.3201344 -10.1616583 9.8792868
355_Relu 6.2364488 -0.0000000 7.6718812
356_Concat 5.5472164 -0.0000000 9.8569031
358_Reshape 5.5472164 -0.0000000 9.8569031
359_Transpose 5.5472164 -0.0000000 9.8569031
361_Reshape 5.5472164 -0.0000000 9.8569031
362_Split 4.9308591 -0.0000000 9.8569031
363_Split 5.5174704 -0.0000000 5.5174704
366_Relu 2.9396775 -0.0000000 3.3579907
368_BatchNormalization 5.1848595 -4.7861142 6.6360755
371_Relu 3.8324882 -0.0000000 5.3304591
372_Concat 4.9308591 -0.0000000 9.8569031
374_Reshape 4.9308591 -0.0000000 9.8569031
375_Transpose 4.9308591 -0.0000000 9.8569031
377_Reshape 4.9308591 -0.0000000 9.8569031
378_Split 5.5472164 -0.0000000 9.8569031
379_Split 3.6036911 -0.0000000 4.4331465
382_Relu 2.3391504 -0.0000000 3.7408130
384_BatchNormalization 2.9477778 -5.0396829 6.3280387
387_Relu 3.8964667 -0.0000000 5.4188919
388_Concat 5.5472164 -0.0000000 9.8569031
390_Reshape 5.5472164 -0.0000000 9.8569031
391_Transpose 5.5472164 -0.0000000 9.8569031
393_Reshape 5.5472164 -0.0000000 9.8569031
394_Split 4.3145018 -0.0000000 9.8569031
395_Split 4.2039604 -0.0000000 9.6043606
398_Relu 2.6943588 -0.0000000 4.3088694
400_BatchNormalization 3.5582502 -8.1291723 6.4203529
403_Relu 3.8940701 -0.0000000 6.2274699
404_Concat 4.3145018 -0.0000000 9.8569031
406_Reshape 4.3145018 -0.0000000 9.8569031
407_Transpose 4.3145018 -0.0000000 9.8569031
409_Reshape 4.3145018 -0.0000000 9.8569031
411_BatchNormalization 5.8744130 -5.7717972 5.8744130
414_Relu 2.7627931 -0.0000000 2.7627931
417_Relu 2.3256276 -0.0000000 4.1324301
419_BatchNormalization 4.0510902 -6.8946843 5.8324904
422_Relu 3.5699775 -0.0000000 3.5699775
423_Concat 3.5699775 -0.0000000 3.5699775
425_Reshape 3.5699775 -0.0000000 3.5699775
426_Transpose 3.5699775 -0.0000000 3.5699775
428_Reshape 3.5699775 -0.0000000 3.5699775
429_Split 3.5699775 -0.0000000 3.5699775
430_Split 2.6419840 -0.0000000 3.0179360
433_Relu 1.8738489 -0.0000000 2.4972453
435_BatchNormalization 2.4452525 -4.6838832 3.4891179
438_Relu 2.7153602 -0.0000000 3.6187122
439_Concat 2.7153602 -0.0000000 3.6187122
441_Reshape 2.7153602 -0.0000000 3.6187122
442_Transpose 2.7153602 -0.0000000 3.6187122
444_Reshape 2.7153602 -0.0000000 3.6187122
445_Split 3.5699775 -0.0000000 3.5699775
446_Split 2.7153602 -0.0000000 3.6187122
449_Relu 2.4565551 -0.0000000 2.6190462
451_BatchNormalization 3.3177817 -5.6464076 4.3660212
454_Relu 3.1387534 -0.0000000 3.1387534
455_Concat 3.5699775 -0.0000000 3.5699775
457_Reshape 3.5699775 -0.0000000 3.5699775
458_Transpose 3.5699775 -0.0000000 3.5699775
460_Reshape 3.5699775 -0.0000000 3.5699775
461_Split 3.5699775 -0.0000000 3.5699775
462_Split 2.9080615 -0.0000000 2.9080615
465_Relu 2.8399804 -0.0000000 2.8399804
467_BatchNormalization 3.4773149 -4.8229046 5.0341692
470_Relu 3.4052911 -0.0000000 3.4052911
471_Concat 3.5699775 -0.0000000 3.5699775
473_Reshape 3.5699775 -0.0000000 3.5699775
474_Transpose 3.5699775 -0.0000000 3.5699775
476_Reshape 3.5699775 -0.0000000 3.5699775
477_Split 3.5699775 -0.0000000 3.5699775
478_Split 3.1940198 -0.0000000 3.4052911
481_Relu 2.9823258 -0.0000000 3.4067082
483_BatchNormalization 3.8416550 -3.9328172 5.3442984
486_Relu 3.4874990 -0.0000000 3.4874990
487_Concat 3.5699775 -0.0000000 3.5699775
489_Reshape 3.5699775 -0.0000000 3.5699775
490_Transpose 3.5699775 -0.0000000 3.5699775
492_Reshape 3.5699775 -0.0000000 3.5699775
493_Split 3.5699775 -0.0000000 3.5699775
494_Split 3.4874990 -0.0000000 3.4874990
497_Relu 2.9679806 -0.0000000 3.9553752
499_BatchNormalization 4.3212489 -5.9279094 6.2563896
502_Relu 3.1045222 -0.0000000 3.1045222
503_Concat 2.9020238 -0.0000000 3.5699775
505_Reshape 2.9020238 -0.0000000 3.5699775
506_Transpose 2.9020238 -0.0000000 3.5699775
508_Reshape 2.9020238 -0.0000000 3.5699775
509_Split 2.8464477 -0.0000000 2.8464477
510_Split 2.9020238 -0.0000000 3.5699775
513_Relu 2.3558941 -0.0000000 2.8981462
515_BatchNormalization 4.0521341 -5.5886798 5.4648323
518_Relu 2.7803164 -0.0000000 4.0421219
519_Concat 2.7803164 -0.0000000 4.0421219
521_Reshape 2.7803164 -0.0000000 4.0421219
522_Transpose 2.7803164 -0.0000000 4.0421219
524_Reshape 2.7803164 -0.0000000 4.0421219
525_Split 2.7803164 -0.0000000 4.0421219
526_Split 3.3202507 -0.0000000 3.3202507
529_Relu 2.4708915 -0.0000000 2.4708915
531_BatchNormalization 3.3354476 -5.6764727 4.3220167
534_Relu 4.0066218 -0.0000000 4.0066218
535_Concat 2.7803164 -0.0000000 4.0421219
537_Reshape 2.7803164 -0.0000000 4.0421219
538_Transpose 2.7803164 -0.0000000 4.0421219
540_Reshape 2.7803164 -0.0000000 4.0421219
542_BatchNormalization 3.1695942 -5.5103483 4.7702723
545_Relu 3.1530533 -0.0000000 4.2020183
548_Relu 2.5893039 -0.0000000 2.8959458
550_BatchNormalization 4.0349596 -7.6823487 7.7777319
553_Relu 2.1853130 -0.0000000 3.1770849
554_Concat 3.1530533 -0.0000000 4.2020183
556_Reshape 3.1530533 -0.0000000 4.2020183
557_Transpose 3.1530533 -0.0000000 4.2020183
559_Reshape 3.1530533 -0.0000000 4.2020183
560_Split 2.6275444 -0.0000000 4.2020183
561_Split 2.1853130 -0.0000000 3.1770849
564_Relu 2.0625982 -0.0000000 2.5373430
566_BatchNormalization 2.5756440 -4.7576966 5.3162022
569_Relu 2.8807778 -0.0000000 3.2907097
570_Concat 3.6785622 -0.0000000 4.2020183
572_Reshape 3.6785622 -0.0000000 4.2020183
573_Transpose 3.6785622 -0.0000000 4.2020183
575_Reshape 3.6785622 -0.0000000 4.2020183
576_Split 2.0885010 -0.0000000 2.7833083
577_Split 3.4158077 -0.0000000 4.2020183
580_Relu 2.3431435 -0.0000000 2.3431435
582_BatchNormalization 2.9066251 -7.2647882 5.6617241
585_Relu 2.0915565 -0.0000000 3.3448565
586_Concat 3.3448565 -0.0000000 3.3448565
588_Reshape 3.3448565 -0.0000000 3.3448565
589_Transpose 3.3448565 -0.0000000 3.3448565
591_Reshape 3.3448565 -0.0000000 3.3448565
592_Split 2.0915565 -0.0000000 3.3448565
593_Split 3.0849037 -0.0000000 3.0849037
596_Relu 1.8820139 -0.0000000 2.1346350
598_BatchNormalization 3.2419436 -6.6914635 5.9722323
601_Relu 3.3412228 -0.0000000 3.3412228
602_Concat 3.3448565 -0.0000000 3.3448565
604_Reshape 3.3448565 -0.0000000 3.3448565
605_Transpose 3.3448565 -0.0000000 3.3448565
607_Reshape 3.3448565 -0.0000000 3.3448565
610_Relu 1.4707516 -0.0000000 2.6133928
611_ReduceMean 0.2222780 0.0000000 0.3174292
output_Gemm 28.7056313 -10.2665434 28.7056313
