# genetated time: 2023-04-06 17:27:43.547152
# histogram number: 2048
# sample number: 100
# tune number: 5
###
# op_name    threshold    min    max
input.14 58.2839355 -0.1110650 58.2839355
44 130.0652924 -0.0000000 208.0028534
input.16 156.0783386 -0.0000000 208.0028534
input.20 129.8846786 -149.5424194 156.8069000
99 129.4276443 -0.0000000 155.6355438
117 52.1241074 -0.0000000 92.6198273
input.32 87.6605835 -121.9737396 129.8369904
140 102.4201965 -0.0000000 102.4201965
x.3 129.4276443 -0.0000000 155.6355438
x0.3 129.4276443 -0.0000000 155.6355438
152 129.4276443 -0.0000000 155.6355438
155 132.3396332 -0.0000000 155.6355438
157_0 64.6449051 -0.0000000 129.2266846
157_1 129.4276443 -0.0000000 155.6355438
177 48.0252075 -0.0000000 51.2018738
input.44 121.7074372 -139.0728607 103.6296844
200 54.7786140 -0.0000000 54.7786140
x.5 64.6449051 -0.0000000 129.2266846
x0.5 64.6449051 -0.0000000 129.2266846
212 64.6449051 -0.0000000 129.2266846
215 64.6449051 -0.0000000 129.2266846
217_0 88.8867416 -0.0000000 129.2266846
217_1 59.1061478 -0.0000000 78.7697144
237 23.9691181 -0.0000000 31.9432201
input.56 43.3628769 -62.5995712 63.0424767
260 47.4332428 -0.0000000 48.1853294
x.7 56.5642929 -0.0000000 129.2266846
x0.7 56.5642929 -0.0000000 129.2266846
272 56.5642929 -0.0000000 129.2266846
275 56.5642929 -0.0000000 129.2266846
277_0 58.5460815 -0.0000000 117.0349884
277_1 88.8867416 -0.0000000 129.2266846
297 17.6243401 -0.0000000 56.3703499
input.68 26.4457111 -105.7311935 74.7265549
320 40.3680382 -0.0000000 40.3680382
x.9 43.9095612 -0.0000000 117.0349884
x0.9 43.9095612 -0.0000000 117.0349884
332 43.9095612 -0.0000000 117.0349884
335 43.9095612 -0.0000000 117.0349884
input.76 99.0832214 -99.0832214 95.9844284
384 49.5001221 -0.0000000 49.5001221
402 23.4198997 -0.0000000 30.2120838
input.88 94.0371292 -112.2513809 115.7093048
425 31.3093491 -0.0000000 31.3093491
x.11 49.5001221 -0.0000000 49.5001221
x0.11 49.5001221 -0.0000000 49.5001221
437 49.5001221 -0.0000000 49.5001221
440 49.5001221 -0.0000000 49.5001221
442_0 41.3615074 -0.0000000 41.3615074
442_1 49.5001221 -0.0000000 49.5001221
462 47.4510460 -0.0000000 47.4510460
input.100 134.2656746 -157.9550781 105.6621399
485 59.1841545 -0.0000000 59.1841545
x.13 44.4097977 -0.0000000 59.1841545
x0.13 44.4097977 -0.0000000 59.1841545
497 44.4097977 -0.0000000 59.1841545
500 44.4097977 -0.0000000 59.1841545
502_0 41.3615074 -0.0000000 41.3615074
502_1 59.1841545 -0.0000000 59.1841545
522 18.8663940 -0.0000000 18.8663940
input.112 23.0584650 -43.3929482 23.4893513
545 20.6572189 -0.0000000 20.6572189
x.15 41.3615074 -0.0000000 41.3615074
x0.15 41.3615074 -0.0000000 41.3615074
557 41.3615074 -0.0000000 41.3615074
560 41.3615074 -0.0000000 41.3615074
562_0 41.3615074 -0.0000000 41.3615074
562_1 38.6130638 -0.0000000 38.6130638
582 17.8910351 -0.0000000 17.8910351
input.53 23.6728141 -32.9222450 26.9628658
605 19.8006268 -0.0000000 19.8006268
x.8 41.3615074 -0.0000000 41.3615074
x0.8 41.3615074 -0.0000000 41.3615074
617 41.3615074 -0.0000000 41.3615074
620 41.3615074 -0.0000000 41.3615074
622_0 41.3615074 -0.0000000 41.3615074
622_1 25.6141029 -0.0000000 27.2183514
642 11.7768917 -0.0000000 20.9264736
input.65 32.2786283 -39.2563667 30.4007778
665 25.0518246 -0.0000000 25.0518246
x.10 41.3615074 -0.0000000 41.3615074
x0.10 41.3615074 -0.0000000 41.3615074
677 41.3615074 -0.0000000 41.3615074
680 41.3615074 -0.0000000 41.3615074
682_0 41.3615074 -0.0000000 41.3615074
682_1 21.5577259 -0.0000000 21.5577259
702 14.5179129 -0.0000000 14.5179129
input.77 20.9562063 -27.8711758 29.1521263
725 13.6281366 -0.0000000 13.6281366
x.12 41.3615074 -0.0000000 41.3615074
x0.12 41.3615074 -0.0000000 41.3615074
737 41.3615074 -0.0000000 41.3615074
740 41.3615074 -0.0000000 41.3615074
742_0 41.3615074 -0.0000000 41.3615074
742_1 23.5584774 -0.0000000 26.9108276
762 14.7567730 -0.0000000 14.7567730
input.89 27.3090434 -32.9696045 25.4579754
785 16.5037384 -0.0000000 16.5037384
x.14 41.3615074 -0.0000000 41.3615074
x0.14 41.3615074 -0.0000000 41.3615074
797 41.3615074 -0.0000000 41.3615074
800 41.3615074 -0.0000000 41.3615074
802_0 22.3175373 -0.0000000 22.3175373
802_1 41.3615074 -0.0000000 41.3615074
822 29.8451004 -0.0000000 29.8451004
input.124 78.4998039 -90.3509140 46.9365616
845 53.4558639 -0.0000000 68.9459686
x.17 53.4558639 -0.0000000 68.9459686
x0.17 53.4558639 -0.0000000 68.9459686
857 53.4558639 -0.0000000 68.9459686
860 54.3164253 -0.0000000 68.9459686
input.5 166.9761097 -34.8644676 202.3922882
905 47.4993057 -0.0000000 47.4993057
923 32.5728025 -0.0000000 36.9450226
input.17 144.4993933 -177.8440704 121.8055038
946 64.5350571 -0.0000000 64.5350571
x.2 64.5350571 -0.0000000 64.5350571
x0.2 64.5350571 -0.0000000 64.5350571
958 64.5350571 -0.0000000 64.5350571
961 64.5350571 -0.0000000 64.5350571
963_0 47.4993057 -0.0000000 47.4993057
963_1 64.5350571 -0.0000000 64.5350571
983 36.1011505 -0.0000000 44.4104919
input.29 70.2149439 -85.1002045 51.7362137
1006 33.5499458 -0.0000000 33.5499458
x.4 41.5821953 -0.0000000 47.4993057
x0.4 41.5821953 -0.0000000 47.4993057
1018 41.5821953 -0.0000000 47.4993057
1021 41.5821953 -0.0000000 47.4993057
1023_0 47.4993057 -0.0000000 47.4993057
1023_1 34.9547806 -0.0000000 34.9547806
1043 22.0857735 -0.0000000 28.9517326
input.41 74.7445145 -93.7943420 48.3089828
1066 38.0542498 -0.0000000 38.6537895
x.6 41.5821953 -0.0000000 47.4993057
x0.6 41.5821953 -0.0000000 47.4993057
1078 41.5821953 -0.0000000 47.4993057
1081 41.5821953 -0.0000000 47.4993057
1083_0 47.4993057 -0.0000000 47.4993057
1083_1 36.2556305 -0.0000000 38.6537895
1103 11.7560797 -0.0000000 14.4619560
input.8 29.7430297 -43.0595016 40.3009033
1126 29.5667686 -0.0000000 29.5667686
x.1 41.5821953 -0.0000000 47.4993057
x0.1 41.5821953 -0.0000000 47.4993057
1138 41.5821953 -0.0000000 47.4993057
1141 41.8780508 -0.0000000 47.4993057
1163 17.7867222 -0.0000000 17.7867222
input0.14 9.3558294 0.0000000 11.6474886
1168 575.5167847 -426.5328064 575.5167847
