# genetated time: 2022-08-09 11:17:26.824761
# histogram number: 2048
# sample number: 100
# tune number: 10
###
# op_name    threshold    min    max
image 1.0000080 0.0000000 1.0000080
Relu_221_Relu 1.1252454 0.0000000 1.1766934
MaxPool_222_MaxPool 1.1032291 0.0000000 1.1766934
Relu_225_Relu 1.4580632 0.0000000 1.4580632
Conv_226_Conv 1.5072610 -1.5034254 2.5651507
Relu_229_Relu 2.3503672 0.0000000 3.0325885
Relu_232_Relu 1.1557420 0.0000000 1.3596574
Conv_233_Conv 1.8117518 -2.2032270 2.4987576
Relu_236_Relu 2.5150395 0.0000000 3.4687278
Relu_239_Relu 1.1854183 0.0000000 1.2729115
Conv_240_Conv 2.0556801 -2.2095366 2.6308079
Relu_243_Relu 4.1487235 0.0000000 4.7344861
Relu_246_Relu 1.6049843 0.0000000 1.7832191
Conv_247_Conv 1.8879918 -2.4037099 4.7188268
Conv_249_Conv 1.7595577 -1.8894269 1.3037131
Relu_252_Relu 4.4999424 0.0000000 4.8320737
Relu_255_Relu 1.7349421 0.0000000 2.0409324
Conv_256_Conv 1.7509018 -2.5231228 1.7483904
Relu_259_Relu 1.8506422 0.0000000 4.9326363
Relu_262_Relu 1.2247664 0.0000000 1.9586693
Conv_263_Conv 1.7746551 -2.3878880 2.5573523
Relu_266_Relu 2.2555618 0.0000000 5.1530528
Relu_269_Relu 1.1260600 0.0000000 2.5725946
Conv_270_Conv 2.0710854 -3.7644396 3.5391309
Relu_273_Relu 2.4380147 0.0000000 5.5698843
Relu_276_Relu 2.0612838 0.0000000 2.5357258
Conv_277_Conv 2.9929948 -2.7734492 4.1635475
Conv_279_Conv 2.9603791 -2.0858469 3.4322021
Relu_282_Relu 3.6039320 0.0000000 3.8699307
Relu_285_Relu 3.5370125 0.0000000 4.1608324
Conv_286_Conv 3.1783221 -6.3547816 3.0168529
Relu_289_Relu 2.2056053 0.0000000 3.3920918
Relu_292_Relu 1.9967532 0.0000000 3.5480502
Conv_293_Conv 1.6601658 -4.0872350 6.6374207
Relu_296_Relu 3.1819916 0.0000000 7.2695723
Relu_299_Relu 1.6651660 0.0000000 2.9588497
Conv_300_Conv 2.0821526 -4.7485642 4.7568822
Relu_303_Relu 2.9987156 0.0000000 6.8508601
Relu_306_Relu 1.4660357 0.0000000 3.9075196
Conv_307_Conv 2.8003886 -8.9568682 4.3214540
Relu_310_Relu 5.1062226 0.0000000 7.4236069
Relu_313_Relu 1.4215288 0.0000000 2.5259283
Conv_314_Conv 4.1591835 -9.5020638 7.8156452
Relu_317_Relu 7.5209112 0.0000000 12.0275822
Relu_319_Relu 4.9125223 0.0000000 7.8561974
Relu_321_Relu 5.8525391 0.0000000 9.3594904
Relu_323_Relu 4.5057521 0.0000000 6.5506210
Relu_325_Relu 6.1065130 0.0000000 8.1380415
Relu_327_Relu 7.0939832 0.0000000 8.1034508
Relu_329_Relu 10.9339777 0.0000000 11.0719032
Relu_331_Relu 7.8807972 0.0000000 8.1867504
Relu_333_Relu 14.4296007 0.0000000 14.4296007
Relu_335_Relu 7.9090166 0.0000000 11.4984074
Relu_337_Relu 9.4685545 0.0000000 9.4685545
Conv_338_Conv 13.8354101 -15.8041763 5.2122068
Reshape_348_Reshape 13.8354101 -15.8041763 5.2122068
Conv_349_Conv 13.6644917 -8.5637445 18.2104263
Reshape_359_Reshape 13.6644917 -8.5637445 18.2104263
Conv_360_Conv 3.9719915 -3.9719915 3.8564312
Reshape_370_Reshape 3.9719915 -3.9719915 3.8564312
Conv_371_Conv 13.3855696 -9.4879265 19.4604130
Reshape_381_Reshape 13.3855696 -9.4879265 19.4604130
Conv_382_Conv 3.9478528 -3.9478528 3.5317628
Reshape_392_Reshape 3.9478528 -3.9478528 3.5317628
Conv_393_Conv 13.4385700 -7.9238009 19.5374660
Reshape_403_Reshape 13.4385700 -7.9238009 19.5374660
Conv_404_Conv 3.7708766 -3.7708766 3.5890646
Reshape_414_Reshape 3.7708766 -3.7708766 3.5890646
Conv_415_Conv 14.5743046 -9.3913021 19.4229164
Reshape_425_Reshape 14.5743046 -9.3913021 19.4229164
Conv_426_Conv 4.2925162 -4.2925162 3.3051395
Reshape_436_Reshape 4.2925162 -4.2925162 3.3051395
Conv_437_Conv 17.2171898 -9.9405823 17.2171898
Reshape_447_Reshape 17.2171898 -9.9405823 17.2171898
Conv_448_Conv 3.4831758 -3.2791524 3.4831758
Reshape_458_Reshape 3.4831758 -3.2791524 3.4831758
Conv_459_Conv 17.3825035 -8.5318298 17.3825035
Reshape_469_Reshape 17.3825035 -8.5318298 17.3825035
Concat_470_Concat 13.8354101 -15.8041763 5.2122068
Concat_471_Concat 14.6602573 -9.9405823 19.5374660
