# genetated time: 2023-06-05 15:58:45.003379
# histogram number: 2048
# sample number: 100
# tune number: 5
###
# op_name    threshold    min    max
data 151.0000000 -123.0000000 151.0000000
conv1_1 575.9868408 -0.0000000 907.7607422
conv1_2 1791.5793945 -0.0000000 3256.9831543
pool1 1792.0567139 -0.0000000 3256.9831543
conv2_1 3850.1382568 -0.0000000 5573.9121094
conv2_2 3722.7397461 -0.0000000 7441.8442383
pool2 3908.6949707 -0.0000000 7441.8442383
conv3_1 3472.9675293 -0.0000000 7934.3354492
conv3_2 3583.2141113 -0.0000000 5730.3432617
conv3_3 3001.5004883 -0.0000000 4800.0561523
pool3 3091.4282715 -0.0000000 4800.0561523
conv4_1 1723.4123535 -0.0000000 3062.3481445
conv4_2 786.1945068 -0.0000000 1344.7587891
conv4_3 450.3798737 -0.0000000 742.5916748
conv4_3_norm_square 112026.0429688 0.0000000 551442.3750000
conv4_3_norm_conv 636855.3125000 689.4843750 2546177.5000000
conv4_3_norm_sqrt 1027.6784149 26.2580338 1595.6746826
conv4_3_norm_reciprocal 0.0380836 0.0006267 0.0380836
conv4_3_norm_mul 0.7812093 -0.0000000 0.8328831
conv4_3_norm_scale 10.3878764 0.0000000 11.0384846
pool4 464.3465576 -0.0000000 742.5916748
conv5_1 237.7405853 -0.0000000 543.1417236
conv5_2 136.7784729 -0.0000000 198.8533630
conv5_3 100.5440979 -0.0000000 107.1946716
pool5 107.1946716 -0.0000000 107.1946716
fc6 23.8226967 -0.0000000 34.6342773
fc7 4.5677209 -0.0000000 9.1309814
conv6_1 4.7407260 -0.0000000 9.4768219
conv6_2 8.0980949 -0.0000000 8.0980949
conv7_1 9.6963673 -0.0000000 9.6963673
conv7_2 15.8759813 -0.0000000 15.8759813
conv8_1 12.3608294 -0.0000000 12.3608294
conv8_2 11.1390219 -0.0000000 11.1390219
conv9_1 12.9022379 -0.0000000 12.9022379
conv9_2 23.8246326 -0.0000000 23.8246326
conv4_3_norm_mbox_loc 13.9768572 -13.9768572 4.6301379
conv4_3_norm_mbox_loc_perm 13.9768572 -13.9768572 4.6301379
conv4_3_norm_mbox_loc_flat 13.9768572 -13.9768572 4.6301379
conv4_3_norm_mbox_conf 12.5093641 -6.5944357 13.3368063
conv4_3_norm_mbox_conf_perm 12.5093641 -6.5944357 13.3368063
conv4_3_norm_mbox_conf_flat 13.3368063 -6.5944357 13.3368063
fc7_mbox_loc 4.8216381 -4.8216381 4.7863879
fc7_mbox_loc_perm 4.8216381 -4.8216381 4.7863879
fc7_mbox_loc_flat 4.8216381 -4.8216381 4.7863879
fc7_mbox_conf 18.0312328 -8.9849291 22.1814499
fc7_mbox_conf_perm 18.0312328 -8.9849291 22.1814499
fc7_mbox_conf_flat 18.0312328 -8.9849291 22.1814499
conv6_2_mbox_loc 4.2525592 -4.2525592 4.0446863
conv6_2_mbox_loc_perm 4.2525592 -4.2525592 4.0446863
conv6_2_mbox_loc_flat 4.2525592 -4.2525592 4.0446863
conv6_2_mbox_conf 27.1082821 -11.5462637 28.9013824
conv6_2_mbox_conf_perm 27.1082821 -11.5462637 28.9013824
conv6_2_mbox_conf_flat 27.1082821 -11.5462637 28.9013824
conv7_2_mbox_loc 5.0436249 -5.0436249 4.0175490
conv7_2_mbox_loc_perm 5.0436249 -5.0436249 4.0175490
conv7_2_mbox_loc_flat 5.0436249 -5.0436249 4.0175490
conv7_2_mbox_conf 26.0558834 -13.2812195 26.0558834
conv7_2_mbox_conf_perm 26.0558834 -13.2812195 26.0558834
conv7_2_mbox_conf_flat 26.0558834 -13.2812195 26.0558834
conv8_2_mbox_loc 4.3367906 -4.3367906 4.3280721
conv8_2_mbox_loc_perm 4.3367906 -4.3367906 4.3280721
conv8_2_mbox_loc_flat 4.3367906 -4.3367906 4.3280721
conv8_2_mbox_conf 22.6499214 -15.2117825 22.6499214
conv8_2_mbox_conf_perm 22.6499214 -15.2117825 22.6499214
conv8_2_mbox_conf_flat 22.6499214 -15.2117825 22.6499214
conv9_2_mbox_loc 3.9843478 -3.9843478 2.4536715
conv9_2_mbox_loc_flat 3.9843478 -3.9843478 2.4536715
conv9_2_mbox_conf 23.4734306 -14.6142530 23.4734306
conv9_2_mbox_conf_flat 23.4734306 -14.6142530 23.4734306
mbox_loc 13.9768572 -13.9768572 4.7863879
mbox_conf 18.0721874 -15.2117825 28.9013824
mbox_conf_reshape 18.6136472 -15.2117825 28.9013824
mbox_conf_softmax 1.0000000 0.0000000 1.0000000
mbox_conf_flatten 0.8593796 0.0000000 1.0000000
detection_out 10.0048857 -1.0000000 20.0000000
