# genetated time: 2023-07-22 15:36:39.106852
# histogram number: 2048
# sample number: 100
# tune number: 5
###
# op_name    threshold    min    max
input 1.0000000 -0.9921875 1.0000000
247_Relu 2.7544917 -0.0000000 5.2443328
250_Relu 8.5510807 -0.0000000 10.9451694
253_Relu 3.4200483 -0.0000000 9.4319153
256_Relu 4.1879128 -0.0000000 8.3733711
259_Relu 1.0477690 -0.0000000 4.1890292
262_Relu 2.8744297 -0.0000000 5.7460523
265_Relu 1.5880443 -0.0000000 3.6280432
268_Relu 2.3657337 -0.0000000 4.2047901
271_Relu 0.9544942 -0.0000000 1.9080563
274_Relu 2.0596321 -0.0000000 3.2938023
277_Relu 1.2632368 -0.0000000 2.5252399
280_Relu 2.0047992 -0.0000000 4.5806718
283_Relu 2.0478926 -0.0000000 4.0937853
285_BatchNormalization 2.5119993 -4.4489803 5.3571525
288_Relu 2.3456744 -0.0000000 3.5399554
290_BatchNormalization 2.8718212 -4.2380810 5.1029668
292_BatchNormalization 1.9396843 -2.8836522 3.4475417
295_Relu 1.6971973 -0.0000000 2.6352355
297_BatchNormalization 2.2961884 -2.2961884 2.2374845
299_BatchNormalization 2.4880103 -2.8966787 4.5222492
302_Relu 2.8902374 -0.0000000 6.2045155
305_Relu 2.2633731 -0.0000000 4.5245361
307_BatchNormalization 2.4333540 -2.8206210 2.5986903
308_Concat 2.6802416 -4.2380810 5.1029668
310_BatchNormalization 4.4493380 -8.8943310 7.3501358
312_BatchNormalization 3.9664772 -4.6636095 5.2860537
314_Relu 7.1354409 0.0000000 8.9518261
316_Relu 5.3498325 -0.0000000 7.7112327
317_Conv 2.7490285 -4.5802226 4.5241098
318_Transpose 2.7490285 -4.5802226 4.5241098
328_Reshape 4.1224241 -4.5802226 4.5241098
330_Relu 4.3513562 -0.0000000 6.4449377
331_Conv 5.5700126 -6.3626204 5.9220810
332_Transpose 5.5700126 -6.3626204 5.9220810
342_Reshape 5.5700126 -6.3626204 5.9220810
345_Relu 1.9695277 -0.0000000 3.4058063
348_Relu 0.8476200 -0.0000000 1.9364710
351_Relu 1.3070369 -0.0000000 2.0101461
354_Relu 1.0695436 -0.0000000 2.8507235
357_Relu 1.2362827 -0.0000000 2.1973350
360_Relu 5.9785370 -0.0000000 7.0329666
362_Relu 6.6285198 -0.0000000 7.5483742
363_Conv 4.3896078 -6.0535097 6.0391822
364_Transpose 4.3896078 -6.0535097 6.0391822
374_Reshape 4.2383440 -6.0535097 6.0391822
376_Relu 4.0070447 -0.0000000 6.9291830
377_Conv 6.2437568 -6.2437568 6.2109995
378_Transpose 6.2437568 -6.2437568 6.2109995
388_Reshape 6.2437568 -6.2437568 6.2109995
391_Relu 1.0891526 -0.0000000 1.5151175
394_Relu 0.8445419 -0.0000000 1.6882591
397_Relu 0.7530115 -0.0000000 1.2815219
400_Relu 6.4070941 -0.0000000 7.3218822
402_Relu 3.9322351 -0.0000000 5.2421265
403_Conv 5.9990878 -5.9936647 5.9990878
404_Transpose 5.9990878 -5.9936647 5.9990878
414_Reshape 5.9990878 -5.9936647 5.9990878
416_Relu 3.2620161 -0.0000000 5.8963723
417_Conv 5.3798466 -5.6025343 5.7357011
418_Transpose 5.3798466 -5.6025343 5.7357011
428_Reshape 5.3798466 -5.6025343 5.7357011
430_Relu 6.6303306 -0.0000000 10.6074924
432_Relu 12.1182880 -0.0000000 14.9075336
434_Relu 3.9050231 -0.0000000 3.9050231
435_Conv 8.2731276 -8.2665577 8.2731276
436_Transpose 8.2731276 -8.2665577 8.2731276
446_Reshape 8.2731276 -8.2665577 8.2731276
447_Conv 4.9993477 -4.9993477 4.8624873
448_Transpose 4.9993477 -4.9993477 4.8624873
458_Reshape 4.9993477 -4.9993477 4.8624873
459_Concat 2.9998676 -8.2665577 8.2731276
460_Concat 5.5700126 -6.3626204 6.2109995
scores_Softmax 0.9999999 0.0000001 0.9999999
