# genetated time: 2023-03-10 16:12:25.018478
# histogram number: 2048
# sample number: 1
# tune number: 5
###
# op_name    threshold    min    max
x 0.9999952 -0.9999952 0.9999952
relu_0.tmp_0_Relu 4.1926336 0.0000000 4.1926336
relu_1.tmp_0_Relu 3.8993516 0.0000000 3.8993516
p2o.MaxPool.1_MaxPool 3.8993516 0.0000000 3.8993516
relu_2.tmp_0_Relu 4.1650305 0.0000000 4.4405303
relu_3.tmp_0_Relu 3.8392341 0.0000000 3.8392341
p2o.MaxPool.3_MaxPool 3.8392341 0.0000000 3.8392341
relu_4.tmp_0_Relu 3.6805396 0.0000000 3.6805396
relu_5.tmp_0_Relu 3.1131084 0.0000000 3.1131084
p2o.MaxPool.5_MaxPool 3.1131084 0.0000000 3.1131084
relu_6.tmp_0_Relu 4.1168475 0.0000000 4.1168475
relu_7.tmp_0_Relu 3.3419099 0.0000000 3.3419099
p2o.MaxPool.7_MaxPool 3.3419099 0.0000000 3.3419099
relu_8.tmp_0_Relu 3.5764282 0.0000000 3.5764282
relu_9.tmp_0_Relu 3.2151988 0.0000000 3.2151988
bilinear_interp_v2_0.tmp_0_Resize 2.9783201 0.0000000 3.6638348
conv2d_54.tmp_0_Conv 3.7930746 -2.8763797 4.3328257
p2o.Concat.1_Concat 3.7930746 -2.8763797 4.3328257
relu_10.tmp_0_Relu 4.3653312 0.0000000 4.3653312
relu_11.tmp_0_Relu 5.1221471 0.0000000 5.1221471
bilinear_interp_v2_1.tmp_0_Resize 2.5512085 0.0000000 2.9142432
conv2d_57.tmp_0_Conv 3.1973476 -2.7398682 3.1973476
p2o.Concat.3_Concat 3.8392341 -2.7398682 3.8392341
relu_12.tmp_0_Relu 3.8112803 0.0000000 3.8112803
relu_13.tmp_0_Relu 3.3631771 0.0000000 3.3631771
bilinear_interp_v2_2.tmp_0_Resize 2.9540706 0.0000000 2.9540706
conv2d_60.tmp_0_Conv 3.4060602 -3.4060602 2.9219317
p2o.Concat.5_Concat 3.4060602 -3.4060602 3.1131084
relu_14.tmp_0_Relu 3.0942047 0.0000000 3.2988734
relu_15.tmp_0_Relu 2.9255369 0.0000000 2.9255369
bilinear_interp_v2_3.tmp_0_Resize 3.0648828 0.0000000 3.0648828
conv2d_63.tmp_0_Conv 3.5574000 -3.5574000 3.4398730
p2o.Concat.7_Concat 3.5574000 -3.5574000 3.4398730
relu_16.tmp_0_Relu 3.7906966 0.0000000 3.7906966
relu_17.tmp_0_Relu 3.9284508 0.0000000 3.9284508
bilinear_interp_v2_4.tmp_0_Resize 2.8500669 0.0000000 3.2556288
conv2d_66.tmp_0_Conv 4.5031700 -4.5031700 4.4922171
p2o.Concat.9_Concat 5.1221471 -4.5031700 5.1221471
relu_18.tmp_0_Relu 4.1896420 0.0000000 4.1896420
relu_19.tmp_0_Relu 4.2507658 0.0000000 4.2507658
bilinear_interp_v2_5.tmp_0_Resize 2.6244049 0.0000000 2.7979984
conv2d_69.tmp_0_Conv 2.9862597 -2.9862597 2.3494008
p2o.Concat.11_Concat 3.8392341 -2.9862597 3.8392341
relu_20.tmp_0_Relu 4.9160299 0.0000000 4.9160299
relu_21.tmp_0_Relu 4.0514646 0.0000000 4.0514646
bilinear_interp_v2_6.tmp_0_Resize 3.7190747 0.0000000 3.7190747
conv2d_72.tmp_0_Conv 2.9050062 -2.9050062 2.3444598
p2o.Concat.13_Concat 3.1131084 -2.9050062 3.1131084
relu_22.tmp_0_Relu 3.9661813 0.0000000 3.9661813
relu_23.tmp_0_Relu 3.6788666 0.0000000 3.6788666
bilinear_interp_v2_7.tmp_0_Resize 3.7144046 0.0000000 3.9600971
conv2d_75.tmp_0_Conv 3.8735952 -3.8735952 3.4331291
p2o.Concat.15_Concat 5.1221471 -3.8735952 5.1221471
relu_24.tmp_0_Relu 3.8571253 0.0000000 4.1122580
relu_25.tmp_0_Relu 4.7479372 0.0000000 4.7479372
bilinear_interp_v2_8.tmp_0_Resize 3.4719992 0.0000000 3.4719992
conv2d_78.tmp_0_Conv 3.1996245 -3.0083013 3.1996245
p2o.Concat.17_Concat 4.0514646 -3.0083013 4.0514646
relu_26.tmp_0_Relu 3.5409906 0.0000000 3.5409906
relu_27.tmp_0_Relu 3.6289985 0.0000000 3.6289985
bilinear_interp_v2_9.tmp_0_Resize 2.6588609 0.0000000 3.2708464
conv2d_81.tmp_0_Conv 3.7825828 -3.4217119 4.6532135
p2o.Concat.19_Concat 4.4840684 -3.4217119 5.1221471
relu_28.tmp_0_Relu 5.0678287 0.0000000 5.0678287
relu_29.tmp_0_Relu 3.7955515 0.0000000 3.7955515
conv2d_84.tmp_0_Conv 5.7027111 -3.4424047 5.7027111
conv2d_85.tmp_0_Conv 4.5255370 -4.5255370 4.0574226
conv2d_86.tmp_0_Conv 4.8868465 -4.8868465 4.2629762
conv2d_87.tmp_0_Conv 4.3376398 -4.3376398 4.1783104
p2o.Add.89_Add 7.0072222 -5.0671616 7.0072222
p2o.Add.91_Add 8.3562412 -8.3562412 8.0993109
p2o.Add.93_Add 10.2213154 -10.2213154 8.8790150
p2o.Mul.1_Mul 2.5553288 -2.5553288 2.2197537
argmax_0.tmp_0_ArgMax 18.0000000 1.0000000 18.0000000
