# genetated time: 2023-04-14 11:10:25.920458
# histogram number: 2048
# sample number: 100
# tune number: 5
###
# op_name    threshold    min    max
data 1.1782680 -0.9647040 1.1782680
conv1 7.5034750 -0.0000000 10.2135277
conv2 10.7707521 -0.0000000 31.0378380
xception1_match_conv 7.5456619 -24.1343288 13.8558817
xception1_conv1_1 12.7457470 -27.5652695 28.3161983
xception1_conv1_2 8.1196537 -0.0000000 21.6418362
xception1_conv2_1 8.3031168 -18.9692841 10.9815855
xception1_conv2_2 7.7441535 -17.6922798 17.2291412
xception1_pool 9.6961269 -5.8933077 17.2291412
xception1_elewise 10.8161058 -24.7104568 18.3344746
xception2_match_conv 7.1860023 -10.2621365 8.7318411
xception2_relu 10.3181801 0.0000000 18.3344746
xception2_conv1_1 17.3210411 -17.4298687 18.4667549
xception2_conv1_2 9.1808262 -0.0000000 14.6821489
xception2_conv2_1 5.5819626 -11.1584740 11.0523214
xception2_conv2_2 8.0375366 -11.8945570 14.2819767
xception2_pool 8.9305964 -5.6441994 14.2819767
xception2_elewise 11.3849392 -11.4867582 16.5518265
xception3_match_conv 6.4188437 -8.5542793 6.4021149
xception3_relu 11.3849392 0.0000000 16.5518265
xception3_conv1_1 8.9933405 -15.9803543 13.4324017
xception3_conv1_2 7.7470493 -0.0000000 13.7658072
xception3_conv2_1 6.7521821 -7.4671664 10.8015919
xception3_conv2_2 7.3906331 -11.6436243 16.8846264
xception3_pool 8.4464378 -7.4307432 16.8846264
xception3_elewise 8.2345257 -11.6167088 16.4610100
xception4_relu 8.2345257 0.0000000 16.4610100
xception4_conv1_1 4.7873816 -7.9013681 8.5089607
xception4_conv1_2 9.2250910 -0.0000000 14.7529392
xception4_conv2_1 2.9096642 -8.5406761 17.2365284
xception4_conv2_2 6.1084676 -0.0000000 48.8438797
xception4_conv3_1 9.4313860 -150.8284912 21.5301952
xception4_conv3_2 13.2501602 -69.3534088 70.6330109
xception4_elewise 13.6834354 -69.7567139 72.9426880
xception5_relu 13.6834354 0.0000000 72.9426880
xception5_conv1_1 7.2034362 -42.6723595 38.3511734
xception5_conv1_2 9.8352146 -0.0000000 52.4288673
xception5_conv2_1 4.1207495 -65.8997955 15.1161404
xception5_conv2_2 4.3906159 -0.0000000 70.2155533
xception5_conv3_1 4.9228606 -78.7273102 41.9993401
xception5_conv3_2 8.1426490 -74.4273376 74.0667496
xception5_elewise 8.7807064 -138.6935883 140.4226990
xception6_relu 15.3628060 0.0000000 140.4226990
xception6_conv1_1 7.6130805 -35.8169975 33.5281105
xception6_conv1_2 8.8736734 -0.0000000 47.3031502
xception6_conv2_1 3.3412607 -19.7932587 18.0942287
xception6_conv2_2 9.1181202 -0.0000000 72.9093475
xception6_conv3_1 6.2176542 -99.4338913 31.7537632
xception6_conv3_2 15.4793663 -80.5943680 82.5163040
xception6_elewise 13.5421419 -216.5684662 129.6597443
xception7_relu 14.1852953 0.0000000 129.6597443
xception7_conv1_1 6.7718436 -52.3932228 61.8975830
xception7_conv1_2 7.6333833 -0.0000000 61.0372467
xception7_conv2_1 3.9157699 -35.7918320 19.3183708
xception7_conv2_2 10.5347347 -0.0000000 56.1578178
xception7_conv3_1 3.6398760 -33.2700424 30.1686039
xception7_conv3_2 20.1824684 -64.5523682 60.5172691
xception7_elewise 15.9805241 -255.5635376 112.5367889
xception8_relu 14.0739708 0.0000000 112.5367889
xception8_conv1_1 9.2312635 -22.8748207 34.3383560
xception8_conv1_2 7.5002232 -0.0000000 29.9862442
xception8_conv2_1 3.5405865 -56.6217232 7.4915204
xception8_conv2_2 6.7632217 -0.0000000 61.8187752
xception8_conv3_1 5.7992425 -92.7425766 23.4835396
xception8_conv3_2 12.4985274 -74.0398941 73.3309708
xception8_elewise 20.3712749 -325.7812500 129.0551147
xception9_relu 16.1397705 0.0000000 129.0551147
xception9_conv1_1 8.5771785 -50.8102570 41.5929642
xception9_conv1_2 7.0042696 -0.0000000 37.3378639
xception9_conv2_1 3.7553644 -10.9663143 34.3256569
xception9_conv2_2 5.3396935 -0.0000000 42.6966896
xception9_conv3_1 2.6607471 -42.5511665 35.7554817
xception9_conv3_2 11.9040709 -53.9507027 56.0046730
xception9_elewise 20.6029034 -329.4855042 167.6672058
xception10_relu 18.3434640 0.0000000 167.6672058
xception10_conv1_1 7.6921921 -40.3778572 41.0049934
xception10_conv1_2 5.9954038 -0.0000000 47.9398117
xception10_conv2_1 3.6543596 -11.8046093 29.2206020
xception10_conv2_2 6.1722217 -0.0000000 49.3536644
xception10_conv3_1 3.1229746 -34.7491531 49.9431953
xception10_conv3_2 13.7992573 -64.9208908 61.1904793
xception10_elewise 20.7881184 -332.4474792 203.8083801
xception11_relu 12.7442465 0.0000000 203.8083801
xception11_conv1_1 8.0388384 -64.2793045 62.4216156
xception11_conv1_2 6.5152893 -0.0000000 26.0484314
xception11_conv2_1 4.3470956 -7.8316431 16.1702785
xception11_conv2_2 6.7067676 -0.0000000 21.4511776
xception11_conv3_1 4.3343053 -13.8085794 14.0063505
xception11_conv3_2 15.3524432 -31.3235283 31.6878757
xception11_elewise 21.0438480 -336.5371704 201.1662140
xception12_match_conv 8.2971220 -44.2297096 43.3060379
xception12_relu 22.0083892 0.0000000 201.1662140
xception12_conv1_1 14.3946848 -85.2725220 55.1138039
xception12_conv1_2 5.9586263 -0.0000000 47.6457329
xception12_conv2_1 7.4121422 -67.7501907 48.4473839
xception12_conv2_2 8.0552998 -64.4109344 55.8574371
xception12_pool 10.4783859 -20.0207005 55.8574371
xception12_elewise 21.7032909 -61.9734421 86.7707748
conv3_1 7.8026404 -58.0696564 62.3906441
conv3_2 5.2085686 -0.0000000 11.8994865
conv4_1 6.2862188 -8.1108665 7.8842044
conv4_2 9.1026611 -0.0000000 10.3979626
pool_ave 1.8920509 0.0000000 2.4410098
classifier 13.5387688 -3.5105655 13.5387688
prob 0.0624100 0.0000001 0.9980721
