# genetated time: 2022-07-28 14:44:22.553153
# histogram number: 65536
# sample number: 100
# tune number: 10
###
# op_name    threshold    min    max
images 1.0000232 0.0000000 1.0000080
122_Conv 69.8848114 -102.5830231 97.6811752
124_Mul 97.6811752 -0.2784646 97.6811752
125_Conv 115.0065184 -143.7053833 122.0844193
127_Mul 100.5051804 -0.2784646 122.0844193
128_Conv 58.9859104 -87.9204330 7.2770605
130_Mul 7.0454954 -0.2784646 7.2720342
131_Conv 54.3419915 -56.4878578 26.2175255
133_Mul 24.3177901 -0.2784646 26.2175255
134_Conv 24.4137289 -28.0139256 21.4674854
136_Mul 20.8406584 -0.2784646 21.4674854
137_Add 20.3858718 -0.5569289 21.8679256
138_Conv 87.1445465 -87.1445465 32.7312393
140_Mul 32.7312393 -0.2784646 32.7312393
141_Concat 31.5645568 -0.5569289 32.7312393
142_Conv 26.1318855 -26.1318855 20.3617554
144_Mul 20.3617554 -0.2784646 20.3617554
145_Conv 21.8753674 -23.5942345 14.6030493
147_Mul 14.6030426 -0.2784646 14.6030426
148_Conv 9.6138077 -9.6138077 3.1807456
150_Mul 3.0538440 -0.2784646 3.0538440
151_Conv 11.0392179 -9.2047396 11.0392179
153_Mul 10.7425859 -0.2784646 11.0390406
154_Conv 8.2003633 -8.3929720 6.5965877
156_Mul 6.5875950 -0.2784646 6.5875950
157_Add 6.4813132 -0.5569291 6.4813132
158_Conv 12.7887124 -9.7856188 13.2319269
160_Mul 11.2988157 -0.2784646 13.2319031
161_Conv 11.1347812 -11.6967649 11.3704700
163_Mul 11.0250122 -0.2784646 11.3703384
164_Add 9.7568830 -0.8353832 11.2195702
165_Conv 13.0807981 -13.0807981 9.8933477
167_Mul 9.5769365 -0.2784646 9.8928480
168_Concat 11.2195702 -0.8353832 11.2195702
169_Conv 13.7596206 -9.9950275 14.1977501
171_Mul 14.1977396 -0.2784646 14.1977396
172_Conv 11.8094572 -12.2995043 10.7299528
174_Mul 10.7297173 -0.2784646 10.7297173
175_Conv 9.8028175 -10.4345932 4.8210216
177_Mul 4.7824817 -0.2784646 4.7824817
178_Conv 21.4780382 -14.0082502 22.2673950
180_Mul 22.2673950 -0.2784646 22.2673950
181_Conv 7.0550689 -7.2738333 5.2815270
183_Mul 4.8719896 -0.2784646 5.2548084
184_Add 6.1223047 -0.5569291 6.2368007
185_Conv 12.9579172 -10.4764986 15.9981518
187_Mul 15.3357286 -0.2784646 15.9981499
188_Conv 11.2751782 -11.1177387 11.5353956
190_Mul 11.1072182 -0.2784646 11.5352831
191_Add 11.0051588 -0.8353803 11.3395844
192_Conv 12.1266901 -12.5005550 13.1543493
194_Mul 12.6083703 -0.2784646 13.1543245
195_Conv 15.4009417 -15.7548027 14.0733681
197_Mul 14.0733576 -0.2784646 14.0733576
198_Add 17.9491247 -1.1136924 19.0741920
199_Conv 13.0956244 -13.8977089 11.9555588
201_Mul 11.5561901 -0.2784646 11.9554815
202_Concat 16.8836505 -1.1136924 19.0741920
203_Conv 12.2741663 -9.9871254 12.5199127
205_Mul 10.9096490 -0.2784646 12.5198660
206_Conv 12.3719114 -10.5464773 12.6158447
208_Mul 12.4712885 -0.2784646 12.6158028
209_Conv 7.6143431 -8.1118078 7.6525588
211_Mul 7.6489272 -0.2784646 7.6489272
212_Conv 21.7326150 -15.6282864 25.7571297
214_Mul 25.7571297 -0.2784646 25.7571297
215_Conv 14.8734122 -15.4626303 19.6418362
217_Mul 14.5530166 -0.2784646 19.6418362
218_Add 24.1271801 -0.5569290 25.0214977
219_Conv 12.5038183 -12.0497570 12.8501558
221_Mul 12.4058928 -0.2784646 12.8501225
222_Concat 25.0214977 -0.5569290 25.0214977
223_Conv 13.9538779 -14.1500921 12.7797031
225_Mul 11.8586377 -0.2784646 12.7796669
226_Conv 7.5521946 -6.4210625 7.5521946
228_Mul 7.5482316 -0.2784646 7.5482316
229_MaxPool 7.5483470 -0.2708365 7.5482316
230_MaxPool 7.5483470 -0.2090113 7.5482316
231_MaxPool 7.5483470 -0.1215192 7.5482316
232_Concat 7.5275974 -0.2784646 7.5482316
233_Conv 10.2028737 -9.2879591 10.3055201
235_Mul 10.3051748 -0.2784646 10.3051748
236_Conv 10.9262983 -8.4023762 11.4636383
238_Mul 11.0526699 -0.2784646 11.4635181
243_Resize 10.6418217 -0.2784646 11.4635181
244_Concat 10.7746757 -0.2784646 12.5198660
245_Conv 8.1369886 -8.1369886 8.1075726
247_Mul 8.1051311 -0.2784646 8.1051311
248_Conv 7.0001001 -8.8246651 12.1080961
250_Mul 10.2350770 -0.2784646 12.1080294
251_Conv 6.1956825 -10.1671181 8.2155313
253_Mul 8.2133112 -0.2784646 8.2133112
254_Conv 8.1315380 -8.3350201 8.2129898
256_Mul 8.2107639 -0.2784646 8.2107639
257_Concat 8.2133112 -0.2784646 8.2133112
258_Conv 8.1305962 -12.8481531 12.8388433
260_Mul 12.8388100 -0.2784646 12.8388100
261_Conv 6.8671689 -7.6392736 9.5802097
263_Mul 9.5795469 -0.2784646 9.5795469
268_Resize 8.5888564 -0.2784646 9.5795469
269_Concat 14.1977396 -0.2784646 14.1977396
270_Conv 6.5585555 -6.6905284 4.6406493
272_Mul 4.4602867 -0.2784646 4.5962887
273_Conv 7.0606523 -7.7910376 5.2005763
275_Mul 4.8932578 -0.2784646 5.1720605
276_Conv 9.3795834 -15.5917969 13.0980844
278_Mul 13.0980577 -0.2784646 13.0980577
279_Conv 9.0427293 -9.1526632 5.9715409
281_Mul 5.8702697 -0.2784646 5.9563498
282_Concat 13.0980577 -0.2784646 13.0980577
283_Conv 20.9243679 -38.1249542 30.8303738
285_Mul 30.8303738 -0.2784646 30.8303738
286_Conv 11.4337883 -11.4337883 9.7463226
288_Mul 9.7457523 -0.2784646 9.7457523
289_Concat 9.3294677 -0.2784646 9.7457523
290_Conv 8.4691747 -9.2287264 9.2436619
292_Mul 8.9178293 -0.2784646 9.2427683
293_Conv 10.1708887 -13.1005449 7.5350866
295_Mul 7.0750866 -0.2784646 7.5310645
296_Conv 10.9027662 -19.5179405 12.4602098
298_Mul 10.3368383 -0.2784646 12.4601612
299_Conv 9.6933851 -9.6933851 9.4697676
301_Mul 9.2184439 -0.2784646 9.4690371
302_Concat 12.4601612 -0.2784646 12.4601612
303_Conv 20.0532913 -32.0847778 30.0464745
305_Mul 26.8423150 -0.2784646 30.0464745
306_Conv 10.0861544 -10.0075312 10.2492971
308_Mul 10.2489347 -0.2784646 10.2489347
309_Concat 10.3384455 -0.2784646 11.4635181
310_Conv 13.0457325 -12.9558353 14.4575710
312_Mul 14.4575644 -0.2784646 14.4575644
313_Conv 13.3619930 -13.6010675 9.7356644
315_Mul 8.8110237 -0.2784646 9.7350883
316_Conv 18.3439451 -19.5586815 13.3480043
318_Mul 11.1255090 -0.2784646 13.3479834
319_Conv 11.3041306 -11.3041306 11.2671766
321_Mul 10.5870564 -0.2784646 11.2670326
322_Concat 13.3479834 -0.2784646 13.3479834
323_Conv 18.8372215 -24.7614079 24.0667343
325_Mul 24.0667343 -0.2784646 24.0667343
326_Conv 19.0620365 -21.8335876 7.4543319
349_Reshape 21.6950100 -21.8335876 7.4543319
350_Transpose 19.0620365 -21.8335876 7.4543319
474_Conv 16.3306311 -16.5881672 6.9698763
497_Reshape 16.4164765 -16.5881672 6.9698763
498_Transpose 14.8712597 -16.5881672 6.9698763
622_Conv 15.8266360 -15.8964825 7.1556230
645_Reshape 15.8964825 -15.8964825 7.1556230
646_Transpose 14.4995518 -15.8964825 7.1556230
