# genetated time: 2023-03-25 06:16:38.555191
# histogram number: 2048
# sample number: 100
# tune number: 5
###
# op_name    threshold    min    max
data 0.9999999 0.0000000 0.9999999
layer1-conv/1 26.4955559 -43.9593964 47.0802116
layer1-conv 29.4280071 -0.3088436 47.0802116
layer2-conv/1 29.9323227 -85.5030212 63.7884827
layer2-conv 30.3049826 -0.3088436 63.7884827
layer3-conv/1 18.3214870 -68.1520691 40.4396057
layer3-conv 17.6960318 -0.3088436 40.4396057
layer5-conv/1 14.7899939 -40.7883034 30.4397678
layer5-conv 18.4549457 -0.3088436 30.4397678
layer6-conv/1 29.0290040 -46.6735039 46.5526161
layer6-conv 23.8607742 -0.3088436 46.5526161
layer7-conv/1 23.2817578 -49.6512566 39.9663925
layer7-conv 18.7404697 -0.3088436 39.9663925
layer8-shortcut 23.2338672 -0.6176869 43.7230301
layer9-conv/1 20.3590205 -62.6219597 43.5251770
layer9-conv 19.0462518 -0.3088436 43.5251770
layer10-route 18.7730230 -0.3088436 43.5251770
layer11-conv/1 16.4104558 -57.0568199 35.4902306
layer11-conv 15.9749382 -0.3088436 35.4902306
layer12-conv/1 13.6680788 -47.5219650 29.0608730
layer12-conv 11.8110367 -0.3088436 29.0608730
layer13-conv/1 13.0831614 -24.6207600 21.5937328
layer13-conv 12.8238507 -0.3088436 21.5937328
layer15-conv/1 8.0300460 -11.5463791 12.3506680
layer15-conv 10.1553631 -0.3088436 12.3506680
layer16-conv/1 10.3626278 -14.7312746 13.7278681
layer16-conv 12.5284401 -0.3088436 13.7278681
layer17-conv/1 9.7009979 -15.9951220 13.5363646
layer17-conv 9.3074906 -0.3088436 13.5363646
layer18-shortcut 11.3049077 -0.6176867 17.3875923
layer19-conv/1 6.7484087 -12.4552231 12.8484325
layer19-conv 8.0341930 -0.3088436 12.8484325
layer20-conv/1 14.8641811 -20.4541798 28.4723530
layer20-conv 12.4613488 -0.3088436 28.4723530
layer21-shortcut 16.2640522 -0.9265229 28.1246166
layer22-conv/1 14.7856794 -17.4732647 22.7412167
layer22-conv 12.7948508 -0.3088436 22.7412167
layer23-route 12.7948508 -0.3088436 22.7412167
layer24-conv/1 16.4787102 -26.7970047 32.9413261
layer24-conv 13.1797493 -0.3088436 32.9413261
layer25-conv/1 14.6399679 -23.2816467 26.0139008
layer25-conv 9.9213737 -0.3088436 26.0139008
layer26-conv/1 8.5807161 -27.4448853 17.6392593
layer26-conv 14.3388996 -0.3088436 17.6392593
layer28-conv/1 8.9746580 -15.9471569 13.1012878
layer28-conv 8.1923046 -0.3088436 13.1012878
layer29-conv/1 9.5087589 -16.3435917 17.2832794
layer29-conv 14.2112130 -0.3088436 17.2832794
layer30-conv/1 11.5293344 -12.8343019 17.7327728
layer30-conv 9.0890207 -0.3088436 17.7327728
layer31-shortcut 13.2339239 -0.6176869 19.2399445
layer32-conv/1 9.6047802 -51.2004814 14.3527651
layer32-conv 7.4470306 -0.3088436 14.3527651
layer33-conv/1 10.4399996 -18.5509377 14.4364691
layer33-conv 9.4750347 -0.3088436 14.4364691
layer34-shortcut 13.9641306 -0.9265264 26.5865936
layer35-conv/1 11.0534782 -88.3846512 14.0498667
layer35-conv 7.4659219 -0.3088436 14.0498667
layer36-conv/1 21.2335677 -16.3554573 40.9237480
layer36-conv 17.6499907 -0.3088436 40.9237480
layer37-shortcut 21.2930517 -1.2353032 43.1083717
layer38-conv/1 21.0647850 -37.4302216 15.1661692
layer38-conv 7.7738657 -0.3088436 15.1661692
layer39-conv/1 17.1926365 -19.3021908 22.9123230
layer39-conv 18.9751419 -0.3088436 22.9123230
layer40-shortcut 21.1940452 -1.5428879 42.9079323
layer41-conv/1 13.7886810 -16.9623985 12.9842243
layer41-conv 6.2907202 -0.3088436 12.9842243
layer42-conv/1 10.4346113 -15.6871662 18.5413628
layer42-conv 18.5413628 -0.3088436 18.5413628
layer43-shortcut 22.4955115 -1.8489392 42.8296623
layer44-conv/1 13.8743668 -18.3777390 20.1710434
layer44-conv 5.1698768 -0.3088436 20.1710434
layer45-conv/1 13.8952475 -20.2014008 20.0297489
layer45-conv 18.7792351 -0.3088436 20.0297489
layer46-shortcut 22.4926157 -2.1541162 42.8241501
layer47-conv/1 12.2608995 -16.8240528 21.7865124
layer47-conv 7.6268757 -0.3088436 21.7865124
layer48-conv/1 18.5373878 -25.8321648 32.9392662
layer48-conv 19.3540313 -0.3088436 32.9392662
layer49-shortcut 25.7855089 -2.4481232 42.5154533
layer50-conv/1 13.8955698 -19.9810581 22.2220554
layer50-conv 7.6393065 -0.3088436 22.2220554
layer51-conv/1 18.8037014 -29.9447422 33.4124794
layer51-conv 22.1376039 -0.3088436 33.4124794
layer52-shortcut 33.8749542 -2.7494905 54.1734619
layer53-conv/1 15.4987535 -21.1501064 24.7858982
layer53-conv 13.9488783 -0.3088436 24.7858982
layer54-route 13.9488783 -0.3088436 24.7858982
layer55-conv/1 18.9567642 -30.3160114 29.7390709
layer55-conv 10.2241676 -0.3088436 29.7390709
layer56-conv/1 14.2412491 -25.3054142 24.0504894
layer56-conv 9.3963746 -0.3088436 24.0504894
layer57-conv/1 11.4376392 -15.8107691 18.2912865
layer57-conv 9.3757364 -0.3088436 18.2912865
layer59-conv/1 8.9555445 -14.8444395 28.6437511
layer59-conv 7.7003692 -0.3088436 28.6437511
layer60-conv/1 11.7234488 -16.8502178 23.4354496
layer60-conv 9.3764694 -0.3088436 23.4354496
layer61-conv/1 11.5601845 -16.8066025 10.0602560
layer61-conv 7.5464206 -0.3088436 10.0602560
layer62-shortcut 8.9550476 -0.6176870 28.6421585
layer63-conv/1 12.5007563 -18.5334873 24.9893055
layer63-conv 7.4980124 -0.3088436 24.9893055
layer64-conv/1 16.5840225 -16.5840225 13.7823124
layer64-conv 7.7543180 -0.3088436 13.7823124
layer65-shortcut 10.7385845 -0.9265234 28.6222420
layer66-conv/1 13.4529972 -43.0285721 13.1285858
layer66-conv 6.4847644 -0.3088436 13.1285858
layer67-conv/1 10.3131113 -12.6868620 11.8139515
layer67-conv 7.7538075 -0.3088436 11.8139515
layer68-shortcut 10.6844368 -1.2352698 28.4779205
layer69-conv/1 16.0269089 -25.6305313 18.6704292
layer69-conv 6.4790129 -0.3088436 18.6704292
layer70-conv/1 19.1996153 -113.7363968 37.0524368
layer70-conv 12.7384721 -0.3088436 37.0524368
layer71-shortcut 18.6888903 -1.5430259 36.0193558
layer72-conv/1 13.7574806 -18.3343506 15.1426926
layer72-conv 7.7618321 -0.3088436 15.1426926
layer73-conv/1 12.4324942 -17.4618912 18.0747986
layer73-conv 12.6532419 -0.3088436 18.0747986
layer74-shortcut 18.0141464 -1.8509388 36.0177345
layer75-conv/1 12.1178598 -14.5118113 16.1492577
layer75-conv 7.6714890 -0.3088436 16.1492577
layer76-conv/1 12.5382071 -16.4959183 18.2284870
layer76-conv 13.4442884 -0.3088436 18.2284870
layer77-shortcut 17.7880170 -2.1538806 36.0123329
layer78-conv/1 10.7248268 -13.7875957 14.2927876
layer78-conv 7.9064181 -0.3088436 14.2927876
layer79-conv/1 13.4293146 -19.0370197 30.6805878
layer79-conv 17.2587674 -0.3088436 30.6805878
layer80-shortcut 19.3910408 -2.4581642 38.7631454
layer81-conv/1 11.0682144 -14.5167713 14.7504139
layer81-conv 6.4546572 -0.3088436 14.7504139
layer82-conv/1 16.3445034 -29.8277016 32.6730461
layer82-conv 17.9725695 -0.3088436 32.6730461
layer83-shortcut 23.1763287 -2.7418168 41.1822433
layer84-conv/1 12.4229174 -16.1551476 22.0744019
layer84-conv 9.1775380 -0.3088436 22.0744019
layer85-route 9.1775380 -0.3088436 22.0744019
layer86-conv/1 18.2881584 -58.4935341 19.4943924
layer86-conv 9.2000771 -0.3088436 19.4943924
layer87-conv/1 9.5491581 -14.3973722 25.4519882
layer87-conv 7.6368399 -0.3088436 25.4519882
layer88-conv/1 20.0293617 -32.0313301 21.0506821
layer88-conv 7.2366219 -0.3088436 21.0506821
layer90-conv/1 11.3830566 -14.5225182 15.1699972
layer90-conv 7.7758279 -0.3088436 15.1699972
layer91-conv/1 10.7812243 -17.4610691 24.6335163
layer91-conv 12.6260307 -0.3088436 24.6335163
layer92-conv/1 11.5403519 -18.4555473 9.7710381
layer92-conv 6.4132282 -0.3088436 9.7710381
layer93-shortcut 7.0665494 -0.6176869 15.1698666
layer94-conv/1 13.3578186 -23.7356377 19.4695110
layer94-conv 7.6066154 -0.3088436 19.4695110
layer95-conv/1 14.9234362 -29.8322983 13.7618017
layer95-conv 6.5380322 -0.3088436 13.7618017
layer96-shortcut 7.6164416 -0.9265169 26.4812832
layer97-conv/1 14.4143343 -20.9560680 16.0934811
layer97-conv 5.5328712 -0.3088436 16.0934811
layer98-conv/1 17.8586884 -47.5999146 17.4744949
layer98-conv 7.5365696 -0.3088436 17.4744949
layer99-shortcut 8.2694454 -1.2352489 26.4493046
layer100-conv/1 10.8130589 -15.7204056 11.3080006
layer100-conv 4.8773003 -0.3088436 11.3080006
layer101-conv/1 11.5209589 -17.9363594 23.0306664
layer101-conv 7.9178464 -0.3088436 23.0306664
layer102-shortcut 9.0337238 -1.5436723 28.8938026
layer103-conv/1 15.1213245 -17.2730751 14.9348049
layer103-conv 7.6552730 -0.3088436 14.9348049
layer104-route 6.2499033 -0.3088436 21.0506821
layer105-conv/1 12.2485924 -24.4852238 15.4834366
layer105-conv 6.6782247 -0.3088436 15.4834366
layer106-conv/1 12.0723874 -17.0744915 29.7039204
layer106-conv 12.8117203 -1.7074492 29.7039204
layer107-conv/1 12.5276604 -15.4125671 28.6206722
layer107-conv 8.8567488 -1.5412568 28.6206722
layer108-conv/1 16.9761887 -27.1486397 7.7694583
layer108-conv 7.2845788 -2.7148640 7.7694583
layer109-maxpool 7.0426135 -0.4496234 7.7694583
layer111-maxpool 7.2874255 -0.1396886 7.7694583
layer113-maxpool 7.2874255 -0.1142044 7.7694583
layer114-route 7.2874255 -2.7148640 7.7694583
layer115-conv/1 23.0407753 -33.4974899 14.8572578
layer115-conv 9.2885080 -3.3497491 14.8572578
layer116-conv/1 16.2210331 -37.0585442 17.9754047
layer116-conv 10.5621968 -3.7058544 17.9754047
layer117-conv/1 15.0319653 -19.3275070 20.0328331
layer117-conv 12.4596001 -1.9327507 20.0328331
layer118-conv/1 13.6255245 -15.1778622 16.7616882
layer118-conv 12.3645088 -1.5177863 16.7616882
layer119-upsample 12.3645088 -1.5177863 16.7616882
layer121-conv/1 14.6976490 -21.6075821 29.3809452
layer121-conv 12.2152676 -2.1607583 29.3809452
layer122-route 12.2152676 -2.1607583 29.3809452
layer123-conv/1 16.2585945 -25.9937916 32.5013123
layer123-conv 13.5125748 -2.5993793 32.5013123
layer124-conv/1 13.6501789 -19.1653080 24.2551365
layer124-conv 11.7513586 -1.9165308 24.2551365
layer125-conv/1 24.1258268 -26.5031109 35.4005737
layer125-conv 20.8010792 -2.6503112 35.4005737
layer126-conv/1 17.8731406 -27.7515965 25.7695198
layer126-conv 16.0275836 -2.7751596 25.7695198
layer127-conv/1 19.8276007 -21.7269478 31.5545959
layer127-conv 18.5412153 -2.1726949 31.5545959
layer128-conv/1 24.7441019 -20.9110985 38.4201279
layer128-conv 22.8165257 -2.0911100 38.4201279
layer129-upsample 21.6162486 -2.0911100 38.4201279
layer131-conv/1 14.2675667 -28.5212002 21.4906158
layer131-conv 21.4906158 -2.8521202 21.4906158
layer132-route 21.2549458 -2.8521202 38.4201279
layer133-conv/1 21.0558701 -26.5924530 37.4143829
layer133-conv 18.1268754 -2.6592453 37.4143829
layer134-conv/1 33.4795013 -28.1575947 60.5170555
layer134-conv 28.7478186 -2.8157594 60.5170555
layer135-conv/1 46.4897977 -42.3815384 78.2829056
layer135-conv 46.4840608 -4.2381539 78.2829056
layer136-conv/1 68.4403919 -62.4694557 131.9247437
layer136-conv 63.9032633 -6.2469459 131.9247437
layer137-conv/1 70.5458420 -73.0646515 101.6595154
layer137-conv 79.4230483 -7.3064651 101.6595154
layer138-conv/1 32.2339279 -141.2455292 49.7184372
layer138-conv 29.2129215 -14.1245527 49.7184372
layer139-conv 56.9631195 -130.1378479 16.4128437
layer142-conv/1 30.1446015 -46.2102737 46.3641129
layer142-conv 23.7641561 -4.6210275 46.3641129
layer143-route 23.7641561 -4.6210275 46.3641129
layer144-conv/1 20.8596931 -30.3417339 36.2646332
layer144-conv 19.9482056 -3.0341735 36.2646332
layer145-conv/1 14.7999096 -22.8772564 29.9628277
layer145-conv 12.9233906 -2.2877257 29.9628277
layer146-conv/1 35.2226592 -38.9857025 74.6346283
layer146-conv 32.1891459 -3.8985703 74.6346283
layer147-conv/1 22.7909378 -36.2573662 37.5779724
layer147-conv 23.8400750 -3.6257367 37.5779724
layer148-conv/1 39.9171944 -57.0046730 54.5105972
layer148-conv 41.2251370 -5.7004676 54.5105972
layer149-conv/1 21.2537264 -55.7273941 37.5623055
layer149-conv 19.2536632 -5.5727396 37.5623055
layer150-conv 49.5364342 -79.2195892 14.0882511
layer153-conv/1 15.5524972 -17.9571228 22.8206596
layer153-conv 12.6249419 -1.7957124 22.8206596
layer154-route 13.4092279 -1.9327507 22.8206596
layer155-conv/1 14.9448342 -20.0640869 25.8433590
layer155-conv 12.1963735 -2.0064087 25.8433590
layer156-conv/1 11.4561699 -11.1096392 21.5589790
layer156-conv 10.1744269 -1.1109639 21.5589790
layer157-conv/1 21.6829601 -16.3867817 39.4183121
layer157-conv 17.0007117 -1.6386782 39.4183121
layer158-conv/1 15.5996849 -18.7854214 26.5485153
layer158-conv 14.9343505 -1.8785422 26.5485153
layer159-conv/1 17.2910617 -21.5922699 27.5178261
layer159-conv 15.2221840 -2.1592271 27.5178261
layer160-conv/1 14.3110603 -35.7689133 34.2013931
layer160-conv 10.2620888 -3.5768914 34.2013931
layer161-conv 29.1228867 -38.8115578 12.3486509
