# genetated time: 2023-03-24 18:20:58.284518
# histogram number: 2048
# sample number: 100
# tune number: 5
###
# op_name    threshold    min    max
data 0.9996000 0.0000000 0.9996000
layer1-conv/1 22.9579411 -44.7911797 40.8014221
layer1-conv 21.1671080 -4.4791179 40.8014221
layer2-conv/1 15.0399804 -41.4777222 35.4545746
layer2-conv 15.2911925 -4.1477723 35.4545746
layer3-conv/1 12.5933102 -33.0197334 19.1430092
layer3-conv 11.2478037 -3.3019733 19.1430092
layer4-conv/1 20.8302473 -51.2524948 40.4112778
layer4-conv 15.6610975 -5.1252494 40.4112778
layer5-shortcut 17.3769844 -5.2750435 40.2884674
layer6-conv/1 11.5886816 -27.7240753 28.5137711
layer6-conv 11.1401505 -2.7724075 28.5137711
layer7-conv/1 8.0104434 -15.0745831 14.0250044
layer7-conv 8.2409747 -1.5074583 14.0250044
layer8-conv/1 11.0069031 -21.2137566 18.5876427
layer8-conv 10.2245656 -2.1213758 18.5876427
layer9-shortcut 10.3237548 -2.8830452 28.4711704
layer10-conv/1 10.2928162 -23.5149479 13.4831696
layer10-conv 6.5324541 -2.3514948 13.4831696
layer11-conv/1 11.5940323 -26.4877052 22.6631279
layer11-conv 10.6955128 -2.6487706 22.6631279
layer12-shortcut 12.8016552 -3.6477680 28.4404049
layer13-conv/1 7.8996434 -14.1458921 15.7915726
layer13-conv 7.1081364 -1.4145893 15.7915726
layer14-conv/1 9.1002808 -14.5533400 8.3741512
layer14-conv 5.0780821 -1.4553341 8.3741512
layer15-conv/1 6.1593871 -11.7983112 9.6017618
layer15-conv 6.8715686 -1.1798311 9.6017618
layer16-shortcut 7.8688242 -1.7317892 15.7330370
layer17-conv/1 8.5421343 -15.1786022 11.3353863
layer17-conv 5.9177140 -1.5178603 11.3353863
layer18-conv/1 6.8070841 -12.0955734 11.1964684
layer18-conv 6.5786772 -1.2095574 11.1964684
layer19-shortcut 7.4271451 -1.6657481 15.8393145
layer20-conv/1 8.6212635 -12.5338974 9.3501015
layer20-conv 4.6184114 -1.2533897 9.3501015
layer21-conv/1 7.5041869 -15.0039759 14.2112045
layer21-conv 6.7508429 -1.5003976 14.2112045
layer22-shortcut 8.2650398 -2.0816178 15.8316908
layer23-conv/1 8.6001434 -12.5031910 10.7964430
layer23-conv 6.8504931 -1.2503191 10.7964430
layer24-conv/1 7.3675337 -13.0914421 10.9216366
layer24-conv 7.6456792 -1.3091443 10.9216366
layer25-shortcut 8.6164787 -2.2845235 16.5048733
layer26-conv/1 8.5032616 -12.4228821 13.5985756
layer26-conv 5.1863253 -1.2422882 13.5985756
layer27-conv/1 7.8905608 -15.9746590 13.5872507
layer27-conv 7.9837545 -1.5974659 13.5872507
layer28-shortcut 10.5959709 -2.9607360 19.2594147
layer29-conv/1 8.9410162 -15.8873787 10.8939371
layer29-conv 5.7889009 -1.5887378 10.8939371
layer30-conv/1 8.9989581 -21.6448708 17.1732006
layer30-conv 8.8022091 -2.1644871 17.1732006
layer31-shortcut 12.4241613 -3.5145056 23.7984924
layer32-conv/1 7.7789955 -13.8225727 13.5514307
layer32-conv 4.9138005 -1.3822573 13.5514307
layer33-conv/1 10.3974915 -19.5047398 27.7131062
layer33-conv 10.7400133 -1.9504740 27.7131062
layer34-shortcut 13.5564318 -3.6527627 30.9744568
layer35-conv/1 7.7938919 -14.1388226 20.7735634
layer35-conv 5.5846077 -1.4138823 20.7735634
layer36-conv/1 16.7670956 -38.3060760 32.1309662
layer36-conv 11.2481926 -3.8306077 32.1309662
layer37-shortcut 12.2706133 -4.6129680 35.3599586
layer38-conv/1 8.1127625 -17.5951462 21.6234703
layer38-conv 6.6914446 -1.7595147 21.6234703
layer39-conv/1 7.8161902 -12.4997978 12.1848698
layer39-conv 5.6760539 -1.2499799 12.1848698
layer40-conv/1 5.8038734 -11.1858854 8.4853401
layer40-conv 6.6293015 -1.1185886 8.4853401
layer41-shortcut 7.5539249 -1.5811968 21.5781250
layer42-conv/1 10.7961417 -11.1820498 14.2721443
layer42-conv 8.8766881 -1.1182050 14.2721443
layer43-conv/1 5.9948730 -11.9838915 6.6291971
layer43-conv 6.4428218 -1.1983892 6.6291971
layer44-shortcut 7.8066354 -1.6994898 21.5293808
layer45-conv/1 8.2888021 -11.8853750 12.0505524
layer45-conv 5.4242203 -1.1885375 12.0505524
layer46-conv/1 6.0250754 -12.0442667 8.6875963
layer46-conv 6.5976076 -1.2044266 8.6875963
layer47-shortcut 7.7802541 -1.8876536 21.4566250
layer48-conv/1 8.6694136 -12.6038990 10.6218309
layer48-conv 5.5112099 -1.2603899 10.6218309
layer49-conv/1 6.5909662 -11.7115526 8.8278522
layer49-conv 6.7041220 -1.1711553 8.8278522
layer50-shortcut 8.1403916 -2.5906918 21.3441544
layer51-conv/1 7.5629439 -11.7951450 13.4386683
layer51-conv 4.3690443 -1.1795145 13.4386683
layer52-conv/1 7.0995708 -11.4968557 12.6152964
layer52-conv 7.4123340 -1.1496856 12.6152964
layer53-shortcut 10.1950238 -2.9264016 21.0428162
layer54-conv/1 8.6579914 -11.5383511 10.2366562
layer54-conv 4.6077456 -1.1538352 10.2366562
layer55-conv/1 10.6597033 -42.6179924 15.4844265
layer55-conv 8.5656035 -4.2617993 15.4844265
layer56-shortcut 10.6391863 -5.1492567 22.6893940
layer57-conv/1 7.9647737 -10.9287720 12.7374153
layer57-conv 5.2956411 -1.0928773 12.7374153
layer58-conv/1 9.0747204 -16.1249580 15.4341660
layer58-conv 8.5378006 -1.6124958 15.4341660
layer59-shortcut 12.1243023 -3.6392858 24.2414989
layer60-conv/1 7.8375525 -11.0514879 12.5339603
layer60-conv 4.0749149 -1.1051488 12.5339603
layer61-conv/1 11.3659973 -16.8967285 18.1767159
layer61-conv 9.9985258 -1.6896728 18.1767159
layer62-shortcut 12.4482383 -4.7917867 30.6286964
layer63-conv/1 9.7119064 -12.1473846 14.1195116
layer63-conv 5.1197888 -1.2147385 14.1195116
layer64-conv/1 10.8258228 -17.1215878 21.6410732
layer64-conv 6.6968922 -1.7121588 21.6410732
layer65-conv/1 7.5540290 -30.2013626 25.1703072
layer65-conv 5.1133719 -3.0201364 25.1703072
layer66-shortcut 5.2284101 -2.3090200 24.5979214
layer67-conv/1 9.1390724 -18.2692204 16.1453495
layer67-conv 4.3403936 -1.8269221 16.1453495
layer68-conv/1 6.2658763 -12.5256338 9.8097706
layer68-conv 4.6604797 -1.2525634 9.8097706
layer69-shortcut 5.5330541 -2.7782705 24.2452354
layer70-conv/1 8.5689449 -12.4578342 8.6173439
layer70-conv 4.7673233 -1.2457834 8.6173439
layer71-conv/1 7.5985708 -14.2289162 18.2765694
layer71-conv 5.4838636 -1.4228916 18.2765694
layer72-shortcut 6.5082030 -2.8067157 24.2091427
layer73-conv/1 10.6181431 -13.0621023 10.6062231
layer73-conv 3.7129553 -1.3062103 10.6062231
layer74-conv/1 15.1538057 -30.2928123 22.9430752
layer74-conv 7.0998000 -3.0292814 22.9430752
layer75-shortcut 8.3857692 -3.3220174 24.1650867
layer76-conv/1 7.3465748 -9.7528381 9.7906504
layer76-conv 5.3870099 -0.9752838 9.7906504
layer77-conv/1 7.7809944 -10.1081085 10.3695936
layer77-conv 4.5389137 -1.0108109 10.3695936
layer78-conv/1 7.5409417 -10.9632864 10.8516064
layer78-conv 4.8845482 -1.0963286 10.8516064
layer79-conv/1 7.3789940 -8.9219646 11.8006258
layer79-conv 4.4273968 -0.8921965 11.8006258
layer80-conv/1 7.8998704 -11.3048439 11.4851103
layer80-conv 3.5908504 -1.1304845 11.4851103
layer81-conv/1 8.8330040 -12.5367393 12.8417320
layer81-conv 5.9820387 -1.2536739 12.8417320
layer82-conv 30.1458931 -40.1748962 14.5268812
layer85-conv/1 11.2139988 -9.3286533 17.9336376
layer85-conv 6.7283993 -0.9328653 17.9336376
layer86-upsample 11.2104946 -0.9328653 17.9336376
layer87-route 11.6813986 -4.7917867 30.6286964
layer88-conv/1 8.5788174 -8.3841887 15.2437830
layer88-conv 6.1954402 -0.8384189 15.2437830
layer89-conv/1 8.4088268 -13.1904707 16.8094425
layer89-conv 4.8346649 -1.3190471 16.8094425
layer90-conv/1 9.3820410 -18.7549191 15.3762321
layer90-conv 4.1336299 -1.8754920 15.3762321
layer91-conv/1 8.4712210 -16.3948536 19.3533363
layer91-conv 3.6305232 -1.6394854 19.3533363
layer92-conv/1 9.3892279 -16.6838112 16.5140743
layer92-conv 3.7687104 -1.6683811 16.5140743
layer93-conv/1 9.6005106 -12.5279045 15.3533163
layer93-conv 7.1520053 -1.2527905 15.3533163
layer94-conv 25.4019833 -40.6233292 14.8795033
layer97-conv/1 15.2190018 -16.7978477 27.0427933
layer97-conv 6.7640009 -1.6797848 27.0427933
layer98-upsample 11.8336990 -1.6797848 27.0427933
layer99-route 12.2706133 -4.6129680 35.3599586
layer100-conv/1 9.6379805 -17.1258221 15.8119087
layer100-conv 4.9436355 -1.7125822 15.8119087
layer101-conv/1 9.3427944 -13.6002007 14.9411716
layer101-conv 4.2973205 -1.3600200 14.9411716
layer102-conv/1 9.2482128 -16.4332390 13.6775999
layer102-conv 5.1316056 -1.6433239 13.6775999
layer103-conv/1 8.5847702 -17.1611576 15.9364672
layer103-conv 5.1811034 -1.7161158 15.9364672
layer104-conv/1 9.3061628 -14.2158232 14.8825903
layer104-conv 5.5836978 -1.4215823 14.8825903
layer105-conv/1 10.7476540 -15.5142670 21.4848118
layer105-conv 8.1940365 -1.5514268 21.4848118
layer106-conv 36.3135147 -52.7938690 19.2969990
output 77.0000000 0.0000000 77.0000000
