# genetated time: 2023-06-02 18:04:32.932978
# histogram number: 2048
# sample number: 100
# tune number: 5
###
# op_name    threshold    min    max
data 0.9996000 0.0000000 0.9996000
layer1-conv/1 24.2878333 -56.3112411 42.7200661
layer1-conv 24.0313415 -5.6311240 42.7200661
layer2-conv/1 14.3079285 -40.8712387 37.2603302
layer2-conv 14.4399708 -4.0871239 37.2603302
layer3-conv/1 16.3656634 -52.8858032 24.2612057
layer3-conv 12.4352014 -5.2885804 24.2612057
layer4-conv/1 19.8723575 -61.1250420 35.8469276
layer4-conv 15.4612862 -6.1125045 35.8469276
layer5-shortcut 16.8904305 -7.3544455 39.1603928
layer6-conv/1 11.3053894 -36.1595802 22.3517170
layer6-conv 12.2950823 -3.6159580 22.3517170
layer7-conv/1 8.2737231 -15.8483238 12.8194370
layer7-conv 6.5709792 -1.5848324 12.8194370
layer8-conv/1 11.2097020 -19.9238167 16.7171116
layer8-conv 9.2483114 -1.9923817 16.7171116
layer9-shortcut 10.6728491 -3.8471887 22.4651127
layer10-conv/1 9.6184225 -21.9742317 15.0495291
layer10-conv 6.5855474 -2.1974232 15.0495291
layer11-conv/1 14.4377794 -28.8614597 23.4405956
layer11-conv 10.1102598 -2.8861461 23.4405956
layer12-shortcut 12.9257626 -3.9067750 35.6470680
layer13-conv/1 7.3676778 -13.2949047 21.2312756
layer13-conv 6.5700791 -1.3294905 21.2312756
layer14-conv/1 7.2262712 -14.4454851 9.2492828
layer14-conv 5.4928631 -1.4445485 9.2492828
layer15-conv/1 5.3520907 -12.2287416 8.5490875
layer15-conv 6.1182148 -1.2228742 8.5490875
layer16-shortcut 6.5520101 -1.6040401 21.1728859
layer17-conv/1 8.9811335 -20.5182819 9.7564068
layer17-conv 5.6419868 -2.0518281 9.7564068
layer18-conv/1 5.8556638 -11.7056093 8.5365543
layer18-conv 5.9760051 -1.1705610 8.5365543
layer19-shortcut 6.5454688 -1.6304369 22.7576637
layer20-conv/1 7.6275434 -13.5534563 10.0838614
layer20-conv 5.0434084 -1.3553456 10.0838614
layer21-conv/1 6.5744420 -13.9246778 16.1763115
layer21-conv 6.3199830 -1.3924679 16.1763115
layer22-shortcut 7.3816937 -1.7660272 22.7052250
layer23-conv/1 8.0771914 -14.3524399 14.1223936
layer23-conv 5.7396802 -1.4352440 14.1223936
layer24-conv/1 5.6149263 -12.8278513 10.2689362
layer24-conv 6.7397732 -1.2827852 10.2689362
layer25-shortcut 7.8349977 -2.1412723 22.5779400
layer26-conv/1 8.2395678 -11.9789743 11.7498856
layer26-conv 5.2888836 -1.1978974 11.7498856
layer27-conv/1 8.6373634 -17.2662926 14.2645121
layer27-conv 6.7319159 -1.7266293 14.2645121
layer28-shortcut 9.3199675 -2.6593533 22.4169827
layer29-conv/1 7.8075323 -15.6074400 10.9742270
layer29-conv 5.1458780 -1.5607440 10.9742270
layer30-conv/1 11.0974016 -19.7190800 16.0681763
layer30-conv 7.7848625 -1.9719080 16.0681763
layer31-shortcut 10.4947570 -3.2232065 22.3813801
layer32-conv/1 7.6685944 -11.2973518 13.6264000
layer32-conv 5.3237486 -1.1297352 13.6264000
layer33-conv/1 14.0631990 -19.2228699 28.1126652
layer33-conv 8.4351729 -1.9222870 28.1126652
layer34-shortcut 11.3846669 -3.7269049 28.0117950
layer35-conv/1 8.9425240 -15.8900576 13.9755964
layer35-conv 5.8104207 -1.5890058 13.9755964
layer36-conv/1 12.2155340 -28.6042061 35.2012367
layer36-conv 10.4511733 -2.8604207 35.2012367
layer37-shortcut 12.3879490 -4.6956601 39.6220818
layer38-conv/1 8.3997602 -12.9169407 16.7913170
layer38-conv 6.0885956 -1.2916940 16.7913170
layer39-conv/1 7.2717075 -10.8262157 11.6290512
layer39-conv 6.3979664 -1.0826216 11.6290512
layer40-conv/1 4.9890127 -11.3991623 7.5372705
layer40-conv 6.3126022 -1.1399163 7.5372705
layer41-shortcut 6.5364372 -1.3738540 16.7303371
layer42-conv/1 10.2362069 -12.5996275 14.3003006
layer42-conv 7.4198090 -1.2599628 14.3003006
layer43-conv/1 5.1039414 -11.6604557 6.9829602
layer43-conv 5.8921925 -1.1660455 6.9829602
layer44-shortcut 7.3007956 -1.6451987 16.6840401
layer45-conv/1 8.2679148 -10.1223459 12.0201864
layer45-conv 5.2599325 -1.0122346 12.0201864
layer46-conv/1 5.5227399 -12.6172419 9.4071064
layer46-conv 6.2327250 -1.2617242 9.4071064
layer47-shortcut 6.8136399 -1.9257547 16.3886032
layer48-conv/1 7.4504094 -10.9361706 14.8935432
layer48-conv 4.6088495 -1.0936171 14.8935432
layer49-conv/1 6.1036496 -12.2013388 10.6360607
layer49-conv 6.2494001 -1.2201339 10.6360607
layer50-shortcut 8.1100357 -2.4491177 20.2701378
layer51-conv/1 7.8935218 -10.4512577 12.6234684
layer51-conv 4.1040147 -1.0451258 12.6234684
layer52-conv/1 7.7528214 -12.4142523 13.7760639
layer52-conv 7.0609898 -1.2414253 13.7760639
layer53-shortcut 10.3818181 -3.2374144 21.4283657
layer54-conv/1 8.4112453 -13.4514217 9.5164223
layer54-conv 4.1643065 -1.3451422 9.5164223
layer55-conv/1 9.5424242 -25.4340401 16.4783440
layer55-conv 7.7766997 -2.5434041 16.4783440
layer56-shortcut 10.7521953 -3.5801926 29.6527367
layer57-conv/1 7.3758197 -11.2774363 11.7955494
layer57-conv 4.7193722 -1.1277436 11.7955494
layer58-conv/1 8.2054412 -16.6121426 14.7375174
layer58-conv 8.1524317 -1.6612142 14.7375174
layer59-shortcut 13.8473460 -4.1622114 31.6444511
layer60-conv/1 7.0092926 -10.5685101 11.2093925
layer60-conv 3.9241089 -1.0568510 11.2093925
layer61-conv/1 12.0533714 -21.4177513 18.2871094
layer61-conv 9.3735953 -2.1417751 18.2871094
layer62-shortcut 11.8819551 -4.7628798 31.1545582
layer63-conv/1 9.2458735 -14.7861738 14.2065363
layer63-conv 5.5504041 -1.4786174 14.2065363
layer64-conv/1 8.5588884 -19.5536213 15.2746935
layer64-conv 6.1113697 -1.9553622 15.2746935
layer65-conv/1 5.6488743 -22.5844650 8.9237423
layer65-conv 4.5739084 -2.2584465 8.9237423
layer66-shortcut 5.1241092 -1.7408593 14.1314268
layer67-conv/1 8.3411617 -17.7611942 19.0562038
layer67-conv 4.0504907 -1.7761195 19.0562038
layer68-conv/1 6.3523722 -12.6985407 10.3469477
layer68-conv 4.4627847 -1.2698541 10.3469477
layer69-shortcut 5.1157276 -1.9390295 14.1083117
layer70-conv/1 7.5026717 -13.3315706 12.5314646
layer70-conv 3.3688641 -1.3331571 12.5314646
layer71-conv/1 5.7284404 -16.5075207 13.6386957
layer71-conv 4.7745428 -1.6507521 13.6386957
layer72-shortcut 5.7120544 -2.1185424 14.9770403
layer73-conv/1 8.2925348 -14.7350855 11.2490463
layer73-conv 3.9379905 -1.4735086 11.2490463
layer74-conv/1 11.3179283 -34.7781754 36.1996841
layer74-conv 5.6571955 -3.4778175 36.1996841
layer75-shortcut 8.9086281 -3.3896804 41.9121170
layer76-conv/1 10.5553188 -14.7656841 16.8802643
layer76-conv 9.3385711 -1.4765685 16.8802643
layer77-conv/1 10.7128611 -18.8535271 19.0357857
layer77-conv 9.8768484 -1.8853527 19.0357857
layer78-conv/1 13.2293634 -16.2743435 6.7181854
layer78-conv 5.0182909 -1.6274344 6.7181854
layer79-maxpool 4.7043708 -0.1613066 6.7181854
layer81-maxpool 6.7181854 -0.0918589 6.7181854
layer83-maxpool 6.7181854 -0.0387942 6.7181854
layer84-route 4.7258677 -1.6274344 6.7181854
layer85-conv/1 8.9225903 -11.8909779 8.7848520
layer85-conv 5.0531138 -1.1890978 8.7848520
layer86-conv/1 7.5134768 -10.0130777 8.6425838
layer86-conv 4.9712800 -1.0013078 8.6425838
layer87-conv/1 6.6883578 -7.8606787 9.7237701
layer87-conv 6.3225883 -0.7860679 9.7237701
layer88-conv/1 8.2040758 -13.1123857 13.1201115
layer88-conv 6.4805790 -1.3112386 13.1201115
layer89-conv 31.4829464 -45.7710152 12.7670059
layer92-conv/1 10.4424791 -9.4161444 15.1816444
layer92-conv 9.4913091 -0.9416144 15.1816444
layer93-upsample 11.0087318 -0.9416144 15.1816444
layer94-route 11.8819551 -4.7628798 31.1545582
layer95-conv/1 9.3820810 -9.1852837 13.6400003
layer95-conv 8.6547699 -0.9185284 13.6400003
layer96-conv/1 10.2861757 -13.2727346 14.9544048
layer96-conv 8.4137705 -1.3272735 14.9544048
layer97-conv/1 10.7538071 -15.6342630 15.5657873
layer97-conv 9.1463259 -1.5634264 15.5657873
layer98-conv/1 10.0177183 -16.1431522 17.8005810
layer98-conv 8.6241946 -1.6143153 17.8005810
layer99-conv/1 10.0937653 -14.6746721 13.5768175
layer99-conv 7.6387010 -1.4674672 13.5768175
layer100-conv/1 9.1018867 -14.5559082 13.5145636
layer100-conv 8.4490781 -1.4555908 13.5145636
layer101-conv 25.1666098 -39.0761566 13.6559076
layer104-conv/1 15.0295116 -16.8316078 25.7074661
layer104-conv 14.4637461 -1.6831608 25.7074661
layer105-upsample 12.8575004 -1.6831608 25.7074661
layer106-route 14.3671178 -4.6956601 39.6220818
layer107-conv/1 9.2183266 -11.7867508 16.3801346
layer107-conv 8.7041967 -1.1786751 16.3801346
layer108-conv/1 9.6803608 -15.4810143 12.9396915
layer108-conv 7.6844824 -1.5481014 12.9396915
layer109-conv/1 9.8427296 -13.9610758 14.3097067
layer109-conv 8.0510451 -1.3961076 14.3097067
layer110-conv/1 9.4231777 -15.0697222 13.0354271
layer110-conv 7.1717137 -1.5069722 13.0354271
layer111-conv/1 12.6112747 -16.8068218 13.6309834
layer111-conv 7.8406454 -1.6806822 13.6309834
layer112-conv/1 11.0872927 -16.9568214 17.7310066
layer112-conv 10.2535801 -1.6956822 17.7310066
layer113-conv 31.7408328 -41.6083298 13.8941126
output 77.0000000 -1.0000000 77.0000000
