# genetated time: 2023-03-26 18:08:49.118331
# histogram number: 2048
# sample number: 100
# tune number: 5
###
# op_name    threshold    min    max
x.1 1.0000080 0.0000000 1.0000080
input.17_Depth2Space 1.0000080 0.0000000 1.0000080
input0.2 45.5809173 -99.5754089 105.6791687
108 40.9551953 -0.2784646 105.6791687
input.15 46.3752533 -115.9098206 99.8783493
123 43.7181244 -0.2784646 99.8783493
input.13 10.4856977 -55.8964157 12.2305717
141 6.2691081 -0.2784646 12.2305117
input.19 10.5601692 -28.1467018 14.6522837
154 8.1059949 -0.2784646 14.6522770
input.21 12.1220338 -20.9620304 19.0132542
164 10.9365689 -0.2784646 19.0132542
165 15.6953274 -0.5569289 20.2498016
input.11 14.2868084 -47.6149406 30.5118427
175 15.6397416 -0.2784646 30.5118427
input.25 15.6397416 -0.5569289 30.5118427
input0.4 10.3844433 -33.2139931 15.6997280
187 6.8700682 -0.2784646 15.6997261
input.23 6.2630816 -16.6933956 8.5912895
202 5.6911443 -0.2784646 8.5896940
input.29 3.6515026 -7.2994394 3.0211673
220 2.0169454 -0.2784646 2.8807473
input.31 6.2562280 -12.5063467 9.3482208
235 4.8798757 -0.2784646 9.3474064
input.33 3.9514573 -7.8990555 5.0482769
245 2.4302341 -0.2784646 5.0160718
246 2.8876646 -0.5569291 6.1989923
input.35 4.9914384 -8.9269943 13.3040028
258 4.3252561 -0.2784646 13.3039808
input.37 5.5293078 -9.8250809 8.8582754
268 3.9867388 -0.2784646 8.8570156
269 4.8994559 -0.8353891 10.4487019
input.39 6.7433071 -12.4191189 15.4057465
281 4.7673511 -0.2784646 15.4057426
input.41 6.7451696 -17.9783363 10.0937700
291 6.3114266 -0.2784646 10.0933523
292 8.3116741 -1.1137252 18.9888344
input.27 6.5154169 -10.8554926 10.3557482
302 7.1529282 -0.2784646 10.3554182
input.45 6.8854239 -1.1137252 18.9888344
input0.6 5.5442268 -8.6468782 10.0763845
314 4.3459038 -0.2784646 10.0759602
input.43 6.7998581 -15.5349436 11.5206308
329 4.3937797 -0.2784646 11.5205164
input.53 4.7746940 -8.4842005 6.0424967
347 1.9598199 -0.2784646 6.0281763
input.3 7.4777551 -13.4106665 18.3989010
362 6.6715114 -0.2784646 18.3989010
input.5 5.1764927 -7.2360492 7.5257678
372 3.5038250 -0.2784646 7.5217133
373 3.2646956 -0.5569291 10.4419250
input.7 7.7325454 -11.2434616 15.4575396
385 4.6380159 -0.2784646 15.4575357
input.9 6.8968987 -9.4913387 11.0296497
395 4.4826419 -0.2784646 11.0294704
396 5.2235489 -0.8353753 13.9226627
input.51 8.9823112 -14.3646812 13.1623898
408 5.7597403 -0.2784646 13.1623650
input.57 9.7559748 -10.3622017 14.1835794
418 6.6507567 -0.2784646 14.1835690
419 8.4418736 -1.1137395 19.2862892
input.47 9.0894823 -14.5360708 13.1420231
429 6.7363174 -0.2784646 13.1419983
input.61 6.6927291 -1.1137395 19.2862892
input0.8 8.6758890 -11.9571018 12.6133137
441 4.8881820 -0.2784646 12.6132717
input.49 8.4953241 -11.3215685 11.0977201
456 5.6883766 -0.2784646 11.0975523
input.59 6.0842915 -7.2896824 8.8455572
484 7.1894908 -0.2784646 8.8442841
489 8.8442841 -0.2777934 8.8442841
494 8.8442841 -0.2689739 8.8442841
499 8.8442841 -0.1939232 8.8442841
input.55 6.7736326 -0.2784646 8.8442841
input0.10 6.7001324 -8.8943930 9.7408886
511 4.9926853 -0.2784646 9.7403164
input.67 8.2736368 -10.5026674 16.5391941
529 6.8762479 -0.2784646 16.5391922
input.69 9.2223673 -12.7702103 13.4078026
542 6.8725524 -0.2784646 13.4077816
input.71 9.0079937 -13.0961390 10.5382919
552 5.8298843 -0.2784646 10.5380135
input.63 7.9953952 -9.5862637 14.2070951
562 4.9735207 -0.2784646 14.2070847
input.75 5.7741006 -0.2784646 14.2070847
input0.12 9.6151314 -10.9833565 10.9211664
574 5.8032652 -0.2784646 10.9209690
input.65 6.7392378 -9.7977409 9.0222883
588 4.9623212 -0.2784646 9.0212002
592 5.6388010 -0.2784646 9.0212002
input.73 4.8881820 -0.2784646 12.6132717
input.81 5.8441353 -8.4964104 6.7378569
613 3.5347491 -0.2784646 6.7298808
input.83 6.1567612 -9.8460073 9.7509918
626 4.3888815 -0.2784646 9.7504234
input.85 6.8880892 -10.0141468 8.8805113
636 4.3019160 -0.2784646 8.8792763
input.77 5.6794577 -9.0826950 6.7502756
646 4.4252038 -0.2784646 6.7423835
input.89 4.3019160 -0.2784646 8.8792763
input0.14 7.6393371 -13.5310326 15.2712135
658 5.9182466 -0.2784646 15.2712097
input.79 6.0467095 -7.7529879 8.7909193
672 4.3960791 -0.2784646 8.7895823
676 4.3960791 -0.2784646 8.7895823
input.87 4.3459038 -0.2784646 10.0759602
input.95 4.9160209 -6.0475326 3.4441357
697 1.7735371 -0.2784646 3.3375595
input.97 4.9170117 -8.7370853 4.7087131
710 2.7282841 -0.2784646 4.6666369
input.99 9.3775444 -18.7459316 15.9730291
720 5.7918805 -0.2784646 15.9730272
input.91 5.4458480 -7.9173660 6.9438968
730 5.7249741 -0.2784646 6.9372058
input.103 5.1929895 -0.2784646 15.9730272
input0.16 18.9103909 -30.2418518 25.0977230
742 17.2569833 -0.2784646 25.0977230
input.93 6.9559937 -11.1241560 9.6782904
757 4.8402607 -0.2784646 9.6776848
input.101 5.7472777 -0.2784646 9.6776848
input.109 6.6814394 -9.7137117 8.9429598
778 4.9468157 -0.2784646 8.9417915
input.111 7.3694186 -9.8210936 8.1501904
791 4.3296584 -0.2784646 8.1478376
input.113 11.2096100 -19.9184647 12.0755920
801 6.7940307 -0.2784646 12.0755234
input.105 6.3072591 -10.0866871 9.2073936
811 6.6181345 -0.2784646 9.2064705
input.117 5.6622822 -0.2784646 12.0755234
input0.18 19.4074738 -28.4771862 24.8753662
823 17.4139715 -0.2784646 24.8753662
input.107 8.1804590 -10.5982885 13.0823441
838 6.7878502 -0.2784646 13.0823174
input.115 6.7878502 -0.2784646 13.0823174
input.6 8.6278839 -13.7978735 13.5706377
859 6.9560199 -0.2784646 13.5706196
input.2 9.1717539 -13.3342190 10.4735184
872 6.8738519 -0.2784646 10.4732227
input.8 9.8870182 -19.7643814 12.7625227
882 7.0221734 -0.2784646 12.7624865
input.1 7.5974755 -9.7579031 11.0454779
892 6.9045275 -0.2784646 11.0453014
input.4 7.0605169 -0.2784646 12.7624865
input0.1 13.5789814 -24.1286240 19.2426949
904 16.3577008 -0.2784646 19.2426949
925 18.6223640 -22.9086418 6.8895326
930 18.6223640 -22.9086418 6.8895326
77 18.6223640 -22.9086418 6.8895326
940 14.9177456 -18.3513374 7.0089316
945 14.9177456 -18.3513374 7.0089316
78 14.9177456 -18.3513374 7.0089316
955 14.3694191 -15.3198957 7.1209965
960 14.3694191 -15.3198957 7.1209965
79 14.3694191 -15.3198957 7.1209965
