# genetated time: 2023-02-20 17:57:02.513961
# histogram number: 2048
# sample number: 100
# tune number: 5
###
# op_name    threshold    min    max
input 255.0000000 0.0000000 255.0000000
503_Concat_Depth2Space 255.0000000 0.0000000 255.0000000
877_Conv 38.5697136 -61.3299713 68.5349045
507_Mul 38.5697136 -0.2784646 68.5349045
880_Conv 44.5641766 -96.9614182 101.8226013
511_Mul 44.5691528 -0.2784646 101.8226013
883_Conv 38.4550552 -76.8725586 8.4781847
515_Mul 3.3913971 -0.2784646 8.4764223
886_Conv 28.3667297 -113.4115143 26.1130161
519_Mul 10.6129575 -0.2784646 26.1130161
889_Conv 16.0784721 -25.7129936 13.6907320
523_Mul 9.4169655 -0.2784646 13.6907158
892_Conv 13.8769932 -20.1748619 19.8860474
527_Mul 8.2677186 -0.2784646 19.8860474
528_Add 10.4083713 -0.5569291 19.8167095
529_Concat 9.7971649 -0.5569291 26.1130161
895_Conv 14.1773300 -25.1918354 20.1127052
533_Mul 8.8026246 -0.2784646 20.1127052
898_Conv 9.9313316 -15.8823709 13.6119070
537_Mul 5.9564491 -0.2784646 13.6118908
901_Conv 4.7759967 -5.8752794 3.3374934
541_Mul 2.0153551 -0.2784646 3.2229936
904_Conv 8.0758152 -12.9149952 9.6032553
545_Mul 6.9026659 -0.2784646 9.6026077
907_Conv 6.8820286 -9.7515154 10.0053358
549_Mul 6.8184238 -0.2784646 10.0048838
910_Conv 4.9017568 -8.7099791 5.0504632
553_Mul 2.4313206 -0.2784646 5.0183144
554_Add 2.8411639 -0.5569289 5.0484920
913_Conv 6.5238371 -10.4330425 9.1458693
558_Mul 5.8025622 -0.2784646 9.1448936
916_Conv 7.1618557 -12.7259712 10.6398516
562_Mul 5.1547730 -0.2784646 10.6395969
563_Add 5.8055811 -0.8353713 10.3159943
919_Conv 8.6485052 -17.2885647 12.9859018
567_Mul 5.6009900 -0.2784646 12.9858723
922_Conv 7.8439121 -12.5441313 12.1504316
571_Mul 5.6973769 -0.2784646 12.1503677
572_Add 7.7966552 -1.1137745 12.4685574
573_Concat 6.8604475 -1.1137745 12.4685574
925_Conv 6.6835189 -10.6884089 10.4366302
577_Mul 4.9581462 -0.2784646 10.4363241
928_Conv 7.9314728 -11.5310545 10.4403868
581_Mul 5.7428099 -0.2784646 10.4400816
931_Conv 5.1059580 -9.0728264 6.1492963
585_Mul 2.3780379 -0.2784646 6.1361952
934_Conv 9.1998119 -18.3906403 16.2592964
589_Mul 8.3341791 -0.2784646 16.2592945
937_Conv 9.3883484 -11.8321438 15.6421528
593_Mul 8.7991875 -0.2784646 15.6421509
940_Conv 4.6564870 -6.7697649 5.9212394
597_Mul 2.9169283 -0.2784646 5.9054022
598_Add 3.3952043 -0.5569289 7.7566776
943_Conv 7.6652098 -11.5176535 17.5119247
602_Mul 6.7866194 -0.2784646 17.5119247
946_Conv 7.7888341 -8.0235529 8.8971777
606_Mul 4.3100000 -0.2784646 8.8959618
607_Add 5.0494100 -0.8353764 12.4239941
949_Conv 7.7759628 -10.7531548 13.8171835
611_Mul 5.9595405 -0.2784646 13.8171701
952_Conv 8.3346596 -14.3908081 14.8099384
615_Mul 5.7861472 -0.2784646 14.8099327
616_Add 8.6229982 -1.1136540 17.2375755
617_Concat 8.3514242 -1.1136540 17.2375755
955_Conv 7.9800868 -14.1798935 13.6966915
621_Mul 7.0202998 -0.2784646 13.6966772
958_Conv 7.9734478 -11.3562965 11.5920792
625_Mul 4.8194173 -0.2784646 11.5919714
961_Conv 5.9705653 -7.3448000 7.0502415
629_Mul 6.1666269 -0.2784646 7.0441322
630_MaxPool 6.6071000 -0.2768096 7.0441322
631_MaxPool 6.6071000 -0.2525346 7.0441322
632_MaxPool 7.0441322 -0.1851394 7.0441322
633_Concat 7.0441322 -0.2784646 7.0441322
964_Conv 10.2048626 -14.8361893 9.5848923
637_Mul 4.9728454 -0.2784646 9.5842333
967_Conv 6.8513155 -9.9606838 9.2700520
641_Mul 5.8814235 -0.2784646 9.2691793
970_Conv 7.6949239 -13.2082462 13.6731853
645_Mul 4.9579432 -0.2784646 13.6731691
973_Conv 7.3292928 -9.9922352 10.6555843
649_Mul 5.6621093 -0.2784646 10.6553326
976_Conv 7.5177355 -10.3173122 12.0225029
653_Mul 5.7116826 -0.2784646 12.0224314
654_Concat 4.9579432 -0.2784646 13.6731691
979_Conv 6.7110968 -15.3321590 10.4338007
658_Mul 4.9568015 -0.2784646 10.4334936
982_Conv 7.5058279 -8.2633924 10.0028839
662_Mul 5.0026815 -0.2784646 10.0024309
667_Resize 5.6276502 -0.2784646 10.0024309
668_Concat 5.9075702 -0.2784646 13.6966772
985_Conv 5.3638339 -8.5779438 7.5007586
672_Mul 4.3351824 -0.2784646 7.4966154
988_Conv 5.6914001 -8.6938839 9.1017942
676_Mul 4.5526128 -0.2784646 9.1007795
991_Conv 6.7432423 -10.7839193 9.9683743
680_Mul 4.9854144 -0.2784646 9.9679070
994_Conv 6.4081311 -8.8910828 11.3866701
684_Mul 3.9861239 -0.2784646 11.3865414
685_Concat 3.9861239 -0.2784646 11.3865414
997_Conv 6.7413330 -11.9787407 10.9987411
689_Mul 4.4700786 -0.2784646 10.9985580
1000_Conv 5.4951830 -7.6629190 10.9849997
693_Mul 4.1213174 -0.2784646 10.9848137
698_Resize 4.4644922 -0.2784646 10.9848137
699_Concat 4.4644922 -0.2784646 10.9848137
1003_Conv 5.3265433 -7.7439160 4.8148098
703_Mul 2.6871585 -0.2784646 4.7760820
1006_Conv 4.6880760 -6.8156900 5.7108288
707_Mul 3.5581184 -0.2784646 5.6919885
1009_Conv 5.5704112 -7.2292457 9.8981180
711_Mul 3.4346724 -0.2784646 9.8976202
1012_Conv 5.4981556 -8.7927532 8.6518126
715_Mul 3.4609656 -0.2784646 8.6503010
716_Concat 3.4609656 -0.2784646 8.6503010
1015_Conv 5.6516452 -11.0519161 11.2977715
720_Mul 3.4960843 -0.2784646 11.2976313
1018_Conv 6.8796740 -10.5422554 11.0021038
724_Mul 4.4714448 -0.2784646 11.0019197
725_Concat 4.4714448 -0.2784646 11.0019197
1021_Conv 7.0314388 -12.1223593 14.0560112
729_Mul 5.7126960 -0.2784646 14.0559998
1024_Conv 6.9086227 -13.8104992 10.8236198
733_Mul 5.7514207 -0.2784646 10.8234043
1027_Conv 9.1140870 -9.7287264 19.4369297
737_Mul 8.3834221 -0.2784646 19.4369297
1030_Conv 8.8951127 -12.2146072 21.8862858
741_Mul 6.7727737 -0.2784646 21.8862858
742_Concat 8.5508339 -0.2784646 21.8862858
1033_Conv 7.1623693 -38.1806488 10.0857315
746_Mul 5.1692761 -0.2784646 10.0853109
1036_Conv 7.0484390 -11.3472290 14.0899944
750_Mul 5.7265084 -0.2784646 14.0899839
751_Concat 5.7265084 -0.2784646 14.0899839
1039_Conv 7.6273975 -9.7995892 12.1978779
755_Mul 4.8803185 -0.2784646 12.1978168
1042_Conv 7.9191566 -10.6060390 14.0716267
759_Mul 5.7190428 -0.2784646 14.0716162
1045_Conv 8.3401556 -13.8607121 16.6721668
763_Mul 5.7855759 -0.2784646 16.6721668
1048_Conv 9.6034355 -14.6372976 15.3579941
767_Mul 6.0002699 -0.2784646 15.3579903
768_Concat 5.9518777 -0.2784646 15.3579903
1051_Conv 8.9524994 -17.8962555 11.6283073
772_Mul 4.8344811 -0.2784646 11.6282034
1054_Conv 7.1327176 -19.0112934 11.0788021
776_Mul 4.4325350 -0.2784646 11.0786314
1057_Conv 8.8451700 -20.2076588 15.3098021
780_Mul 5.9332012 -0.2784646 15.3097982
1060_Conv 18.5553970 -29.8414879 32.9712677
784_Mul 16.4904655 -0.2784646 32.9712677
785_Conv 22.3622112 -35.7620659 3.2801104
1063_Conv 13.5918102 -31.0518265 19.6445122
789_Mul 8.4729554 -0.2784646 19.6445122
1066_Conv 13.3044424 -26.5958920 15.1792517
793_Mul 12.3391638 -0.2784646 15.1792479
794_Conv 3.9149787 -2.3995247 3.9149787
795_Conv 28.1278610 -28.1278610 6.1419778
796_Sigmoid 0.9978539 0.0000000 0.9978539
797_Sigmoid 0.9637401 0.0000000 0.9637401
798_Concat 3.1811354 -2.3995247 3.9149787
1069_Conv 9.1835155 -16.3182774 12.9890842
802_Mul 5.8466612 -0.2784646 12.9890547
1072_Conv 8.8885202 -17.7683601 13.0468826
806_Mul 6.7694503 -0.2784646 13.0468550
1075_Conv 21.0587463 -24.0168495 42.0969276
810_Mul 16.0552376 -0.2784646 42.0969276
811_Conv 24.8145561 -36.0762749 3.5126145
1078_Conv 11.5033073 -20.4403400 14.2417698
815_Mul 8.4577415 -0.2784646 14.2417612
1081_Conv 11.8871250 -23.7626419 15.3410788
819_Mul 12.4707127 -0.2784646 15.3410749
820_Conv 3.8194931 -2.5067887 3.8194931
821_Conv 28.9968166 -28.9968166 6.3336048
822_Sigmoid 0.9982275 0.0000000 0.9982275
823_Sigmoid 0.9710445 0.0000000 0.9710445
824_Concat 3.3540448 -2.5067887 3.8194931
1084_Conv 9.3743782 -16.6574249 13.8699589
828_Mul 6.9370056 -0.2784646 13.8699455
1087_Conv 9.7037735 -17.2427292 10.8728704
832_Mul 5.7775971 -0.2784646 10.8726645
1090_Conv 18.8365841 -19.2344608 30.1238194
836_Mul 16.6652266 -0.2784646 30.1238194
837_Conv 22.9873943 -33.4198837 4.5485625
1093_Conv 10.3316574 -15.0205278 12.7991934
841_Mul 8.4004245 -0.2784646 12.7991581
1096_Conv 15.2505112 -17.4206448 10.2674246
845_Mul 6.8032496 -0.2784646 10.2670689
846_Conv 3.1425450 -2.0883017 3.1425450
847_Conv 15.0880442 -15.0880442 7.1308546
848_Sigmoid 0.9992006 0.0000003 0.9992006
849_Sigmoid 0.9895284 0.0000000 0.9895284
850_Concat 3.0247187 -2.0883017 3.1425450
858_Reshape 3.3034426 -2.3995247 3.9149787
866_Reshape 3.1988954 -2.5067887 3.8194931
874_Reshape 3.1425450 -2.0883017 3.1425450
875_Concat 3.3034426 -2.5067887 3.9149787
output_Transpose 1.4688343 -2.5067887 3.9149787
