# genetated time: 2023-03-25 06:43:02.193616
# histogram number: 2048
# sample number: 100
# tune number: 5
###
# op_name    threshold    min    max
input 0.9996000 0.0000000 0.9996000
130_Conv 32.0739830 -47.8068581 52.9031410
132_Mul 32.0739830 -0.2784646 52.9031410
133_Conv 18.1923822 -67.6718292 25.5521679
135_Mul 16.6095333 -0.2784646 25.5521679
136_Conv 21.2758482 -44.7831993 38.4054451
138_Mul 29.7656270 -0.2784646 38.4054451
139_MaxPool 29.1006042 -0.2784646 52.9031410
140_Concat 29.1006042 -0.2784646 52.9031410
141_Conv 7.5493025 -26.2478504 13.6917686
143_Mul 8.1301062 -0.2784646 13.6917543
144_Conv 3.0664247 -8.8364487 4.7538948
146_Mul 2.2392088 -0.2784646 4.7132754
147_Conv 5.6918964 -10.9700708 9.1883869
149_Mul 5.0537699 -0.2784646 9.1874485
150_Conv 5.8005293 -10.0501060 10.3097019
152_Mul 5.1571975 -0.2784646 10.3093586
153_Add 6.3081155 -0.5569291 10.4025717
154_Conv 6.7935107 -19.4059677 10.4711733
156_Mul 6.1525986 -0.2784646 10.4708757
157_Concat 6.0551536 -0.5569291 10.4708757
158_Conv 7.5350833 -13.3891621 8.4946089
160_Mul 4.9901323 -0.2784646 8.4928713
161_Conv 9.9668763 -10.1181555 15.1852894
163_Mul 9.0169588 -0.2784646 15.1852856
164_Conv 4.0618171 -8.6623325 8.4794540
166_Mul 3.5246415 -0.2784646 8.4776936
167_Conv 7.6841304 -11.3812199 11.2047806
169_Mul 7.0035767 -0.2784646 11.2046280
170_Conv 5.1501696 -6.4967399 10.6300955
172_Mul 4.4194058 -0.2784646 10.6298380
173_Add 5.4262793 -0.5569290 14.9647608
174_Conv 6.9932134 -10.6908951 21.5103054
176_Mul 6.6564254 -0.2784646 21.5103054
177_Conv 6.0197795 -11.0358305 12.1872101
179_Mul 5.7899368 -0.2784646 12.1871471
180_Add 6.3702262 -0.8353662 18.3569412
181_Conv 7.1250620 -12.4482450 15.2954769
183_Mul 5.9276496 -0.2784646 15.2954731
184_Conv 10.9327834 -13.8975124 18.6060925
186_Mul 8.1418695 -0.2784646 18.6060925
187_Add 10.4610342 -1.1137762 28.8497639
188_Conv 8.8223092 -12.0641479 16.0341530
190_Mul 10.6235063 -0.2784646 16.0341511
191_Concat 11.2714207 -1.1137762 28.8497639
192_Conv 5.9651413 -10.8578110 13.6279507
194_Mul 4.9415410 -0.2784646 13.6279345
195_Conv 9.0837010 -11.8827677 16.5106869
197_Mul 8.4630368 -0.2784646 16.5106850
198_Conv 6.7345478 -9.2457848 10.3573399
200_Mul 5.6971154 -0.2784646 10.3570118
201_Conv 12.1353273 -21.5633812 16.4341297
203_Mul 8.4237951 -0.2784646 16.4341278
204_Conv 6.7537189 -9.0023689 9.8187943
206_Mul 5.8307604 -0.2784646 9.8182592
207_Add 6.8106907 -0.5569291 13.7884321
208_Conv 8.1359673 -14.4568796 11.8148441
210_Mul 6.8322999 -0.2784646 11.8147564
211_Conv 7.9267645 -11.0329628 14.0851450
213_Mul 6.6046001 -0.2784646 14.0851345
214_Add 8.4208727 -0.8353654 16.8335228
215_Conv 8.5658388 -11.4791403 12.4533186
217_Mul 7.0065612 -0.2784646 12.4532700
218_Conv 8.7846737 -12.5480299 15.6095715
220_Mul 12.6889706 -0.2784646 15.6095695
221_Add 11.6169262 -1.1134411 20.6422291
222_Conv 9.1735355 -13.6281281 16.6739712
224_Mul 10.9435663 -0.2784646 16.6739712
225_Concat 10.9690204 -1.1134411 20.6422291
226_Conv 8.6364250 -13.0596695 13.8115330
228_Mul 6.9077839 -0.2784646 13.8115196
229_Conv 7.2958441 -9.4514704 9.7230415
231_Mul 5.7738681 -0.2784646 9.7224598
232_Conv 7.7333422 -7.9212670 9.5133123
234_Mul 7.0171180 -0.2784646 9.5126095
235_MaxPool 8.3275995 -0.2784359 9.5126095
236_MaxPool 8.3275995 -0.2774929 9.5126095
237_MaxPool 8.3275995 -0.2739609 9.5126095
238_Concat 9.5126095 -0.2784646 9.5126095
239_Conv 8.4873867 -9.6951351 7.1463680
241_Mul 4.9552638 -0.2784646 7.1407428
242_Conv 7.1337538 -6.9965343 7.1337538
244_Mul 4.9464678 -0.2784646 7.1280675
245_Conv 8.2089977 -7.7955909 8.7519894
247_Mul 4.9233371 -0.2784646 8.7506046
248_Conv 8.1429996 -12.8203602 14.4693756
250_Mul 4.7041354 -0.2784646 14.4693689
251_Conv 5.5977545 -6.7621956 6.8861799
253_Mul 4.9451245 -0.2784646 6.8791504
254_Concat 4.7041354 -0.2784646 14.4693689
255_Conv 6.6987710 -7.0525360 11.9031115
257_Mul 5.2101197 -0.2784646 11.9030304
258_Conv 7.3070917 -9.4380341 14.6070480
260_Mul 4.2012191 -0.2784646 14.6070414
265_Resize 5.8442436 -0.2784646 14.6070414
266_Concat 6.9395933 -0.2784646 14.6070414
267_Conv 7.1444979 -8.7906818 19.0426922
269_Mul 5.4769833 -0.2784646 19.0426922
270_Conv 6.7639980 -10.3645067 13.5213909
272_Mul 5.9168391 -0.2784646 13.5213728
273_Conv 8.1160421 -13.0387306 21.6322098
275_Mul 5.8154400 -0.2784646 21.6322098
276_Conv 7.0325904 -9.6235695 10.2242279
278_Mul 5.6555859 -0.2784646 10.2238569
279_Concat 5.8154400 -0.2784646 21.6322098
280_Conv 7.4288621 -9.5018625 19.8006268
282_Mul 5.3230506 -0.2784646 19.8006268
283_Conv 7.9622097 -11.4473591 25.4666290
285_Mul 5.8117908 -0.2784646 25.4666290
290_Resize 5.8117908 -0.2784646 25.4666290
291_Concat 5.1735700 -0.2784646 25.4666290
292_Conv 6.8075271 -10.7963676 12.0963612
294_Mul 4.3861620 -0.2784646 12.0962934
295_Conv 9.0083160 -13.0906467 13.0966063
297_Mul 4.9948707 -0.2784646 13.0965796
298_Conv 12.2282619 -27.9366665 16.6286907
300_Mul 5.7704880 -0.2784646 16.6286888
301_Conv 8.7639503 -16.6612129 28.0309467
303_Mul 6.3969987 -0.2784646 28.0309467
304_Concat 6.3969987 -0.2784646 28.0309467
305_Conv 12.9690857 -41.4808121 31.9981213
307_Mul 5.4015391 -0.2784646 31.9981213
308_Conv 9.0699835 -17.3708420 36.2622185
310_Mul 6.1213530 -0.2784646 36.2622185
311_Concat 5.6669682 -0.2784646 36.2622185
312_Conv 11.2413349 -18.1315842 25.6819344
314_Mul 6.4236202 -0.2784646 25.6819344
315_Conv 10.7093630 -17.1974449 24.4665909
317_Mul 5.5835701 -0.2784646 24.4665909
318_Conv 10.4447079 -17.7651291 23.8619614
320_Mul 7.4605060 -0.2784646 23.8619614
321_Conv 10.9729967 -22.0064316 29.2470360
323_Mul 4.9371340 -0.2784646 29.2470360
324_Concat 6.2166025 -0.2784646 29.2470360
325_Conv 11.2361555 -29.9484501 27.4100037
327_Mul 4.6270282 -0.2784646 27.4100037
328_Conv 7.8240967 -19.3502026 31.2811050
330_Mul 7.8240967 -0.2784646 31.2811050
331_Concat 6.3547863 -0.2784646 31.2811050
332_Conv 8.3970642 -22.4862385 26.8574848
334_Mul 4.5337587 -0.2784646 26.8574848
335_Conv 11.0669222 -21.7479153 25.2834702
337_Mul 5.7699919 -0.2784646 25.2834702
338_Conv 12.0816727 -21.2383213 27.6017666
340_Mul 18.9854851 -0.2784646 27.6017666
341_Conv 7.7068229 -27.0394516 30.8122387
343_Mul 4.8152590 -0.2784646 30.8122387
344_Concat 4.8152590 -0.2784646 30.8122387
345_Conv 5.1812086 -29.3333015 30.6929073
347_Mul 6.2352933 -0.2784646 30.6929073
348_Conv 23.2242184 -33.7641869 10.3492308
366_Reshape 23.2242184 -33.7641869 10.3492308
367_Transpose 23.2242184 -33.7641869 10.3492308
375_Conv 19.4938372 -22.4361897 12.8844204
393_Reshape 19.4938372 -22.4361897 12.8844204
394_Transpose 14.0294685 -22.4361897 12.8844204
402_Conv 13.7180214 -219.3811646 16.3248348
420_Reshape 13.7180214 -219.3811646 16.3248348
421_Transpose 13.7180214 -219.3811646 16.3248348
