# genetated time: 2022-12-22 16:27:41.350715
# histogram number: 2048
# sample number: 100
# tune number: 5
###
# op_name    threshold    min    max
input 0.5937624 -0.4798041 0.5937624
351_Relu 5.1644206 0.0000000 6.6609344
352_MaxPool 5.4146528 0.0000000 6.6609344
355_Relu 4.3485470 0.0000000 6.3220706
358_Relu 4.1734371 0.0000000 6.0674901
359_Conv 4.0431564 -6.6346064 8.0839434
367_GlobalAveragePool 2.4805622 -1.3536520 2.4805622
371_Reshape 2.4805622 -1.3536520 2.4805622
373_Relu 8.8115845 0.0000000 8.8115845
374_Gemm 20.0504208 -12.9454870 20.0504208
375_Sigmoid 1.0000000 0.0000024 1.0000000
383_Reshape 1.0000000 0.0000024 1.0000000
384_Mul 4.1360730 -6.3333073 8.0695210
385_Conv 6.7701125 -13.5336132 8.8317852
388_Relu 5.2467136 0.0000000 10.4883032
391_Relu 4.8171577 0.0000000 5.1357923
394_Relu 8.6400375 0.0000000 13.8173094
395_Conv 4.5516118 -6.5894475 5.7129331
398_Relu 5.9006157 0.0000000 13.4820404
401_Relu 3.5878234 0.0000000 5.7377148
404_Relu 7.3413286 0.0000000 16.7719860
405_Conv 5.4152177 -8.4082003 6.4718018
408_Relu 9.9238685 0.0000000 12.8035793
411_Relu 3.8991053 0.0000000 5.6686563
414_Relu 4.0394511 0.0000000 6.4599662
415_Conv 10.0963204 -11.3354225 11.7054644
423_GlobalAveragePool 1.5916211 -1.1858984 1.9585503
427_Reshape 1.9585503 -1.1858984 1.9585503
429_Relu 9.1890478 0.0000000 9.1890478
430_Gemm 30.0367432 -28.7634201 30.0367432
431_Sigmoid 1.0000000 0.0000000 1.0000000
439_Reshape 1.0000000 0.0000000 1.0000000
440_Mul 5.0486851 -7.9863200 11.7053556
441_Conv 5.0693391 -7.5427489 7.4911380
444_Relu 5.8655128 0.0000000 11.7252979
447_Relu 3.1980691 0.0000000 5.1144118
450_Relu 6.0759149 0.0000000 7.4743977
451_Conv 5.8653918 -9.6724863 9.1210842
454_Relu 7.9863148 0.0000000 11.6107855
457_Relu 3.9943767 0.0000000 6.3878822
460_Relu 5.2797785 0.0000000 6.0310864
461_Conv 6.0143979 -7.1010656 5.7117333
464_Relu 8.2744656 0.0000000 13.2326813
467_Relu 4.3681631 0.0000000 6.3505893
470_Relu 3.8763675 0.0000000 8.3214560
471_Conv 6.2287352 -7.5169859 12.4538202
474_Relu 7.9755941 0.0000000 19.6238251
477_Relu 4.9039155 0.0000000 14.1315050
480_Relu 5.0611887 0.0000000 8.9932756
481_Conv 8.0288496 -21.0516911 12.4651537
489_GlobalAveragePool 1.1275634 -1.0988218 1.1275634
493_Reshape 1.1275634 -1.0988218 1.1275634
495_Relu 9.7257986 0.0000000 9.7257986
496_Gemm 52.4666214 -46.7241859 52.4666214
497_Sigmoid 1.0000000 0.0000000 1.0000000
505_Reshape 1.0000000 0.0000000 1.0000000
506_Mul 5.0847114 -14.7899170 12.3623028
507_Conv 4.8904052 -4.7265477 5.7739925
510_Relu 7.1506101 0.0000000 15.2495689
513_Relu 4.8023716 0.0000000 9.6019287
516_Relu 4.6713533 0.0000000 4.9803443
517_Conv 6.0703031 -9.0320988 8.4575396
520_Relu 7.0432689 0.0000000 15.1198902
523_Relu 3.7735004 0.0000000 5.0288773
526_Relu 3.8904719 0.0000000 5.1847630
527_Conv 5.9436655 -4.9422669 5.9436655
530_Relu 7.6645207 0.0000000 15.3215570
533_Relu 3.5463529 0.0000000 6.4453382
536_Relu 3.1623967 0.0000000 5.6192932
537_Conv 6.7629824 -5.3758812 6.7629824
540_Relu 8.2636468 0.0000000 15.7333260
543_Relu 4.9405659 0.0000000 8.5434752
546_Relu 4.4913893 0.0000000 5.1305099
547_Conv 7.3847701 -7.7224135 6.1755838
550_Relu 8.7701576 0.0000000 16.7992439
553_Relu 4.1431175 0.0000000 7.9361448
556_Relu 3.7156739 0.0000000 6.6024170
557_Conv 7.8667609 -8.9084692 13.6035986
560_Relu 9.8921997 0.0000000 16.4816322
563_Relu 5.2438911 0.0000000 7.2947640
566_Relu 3.8362262 0.0000000 6.1349649
567_Conv 5.3870373 -7.4461093 12.3072166
575_GlobalAveragePool 1.0303379 -0.9068677 1.0303379
579_Reshape 1.0303379 -0.9068677 1.0303379
581_Relu 14.6049728 0.0000000 14.6049728
582_Gemm 47.8950119 -85.1051178 54.1712532
583_Sigmoid 1.0000000 0.0000000 1.0000000
591_Reshape 1.0000000 0.0000000 1.0000000
592_Mul 5.3055646 -6.8385525 12.3016262
593_Conv 5.5994747 -6.4354219 6.6111751
596_Relu 7.0059054 0.0000000 11.6727076
599_Relu 2.7471750 0.0000000 10.9833345
602_Relu 2.8852854 0.0000000 4.1947293
603_Conv 6.9224912 -11.1924582 12.5824366
606_Relu 6.9231060 0.0000000 12.5824366
609_Relu 5.5183133 0.0000000 5.7891030
612_Relu 2.1839633 0.0000000 8.7315874
613_Conv 6.7483631 -17.0668755 29.5705853
616_Relu 7.6760139 0.0000000 33.6354523
621_Reshape 7.6760139 0.0000000 33.6354523
624_Relu 5.8776245 0.0000000 93.9960709
629_Reshape 5.8776245 0.0000000 93.9960709
632_Relu 0.3311687 0.0000000 0.4073932
637_Reshape 0.3959595 0.0000000 0.4073932
output_Conv 0.50079897344 -0.0224524 0.9938678
