# genetated time: 2023-03-27 10:29:13.104393
# histogram number: 2048
# sample number: 100
# tune number: 5
###
# op_name    threshold    min    max
data 0.9960938 -0.9960938 0.9960938
bn0 2.1702881 -2.6666396 2.7779145
relu0 2.1268620 -1.0523123 2.7779145
stage1_unit1_bn1 5.2371926 -5.5351772 9.8579617
stage1_unit1_bn2 3.3081493 -5.8782830 5.0763865
stage1_unit1_relu1 2.9828421 -0.2554910 5.0763865
stage1_unit1_bn3 3.2099860 -6.2624173 4.5939898
stage1_unit1_sc 3.2318739 -3.4704118 1.8159925
_plus0 3.1444843 -6.2858977 4.5948219
stage1_unit2_bn1 2.0164140 -3.6448405 3.0069149
stage1_unit2_bn2 2.0387923 -4.6583414 2.7065525
stage1_unit2_relu1 2.0301127 -0.0118545 2.7065525
stage1_unit2_bn3 3.3596158 -4.1909275 5.5975366
_plus1 3.5446930 -6.2985992 5.5724502
stage1_unit3_bn1 2.1399904 -2.9810576 3.2299063
stage1_unit3_bn2 2.8945947 -4.6290898 2.1547897
stage1_unit3_relu1 1.3539806 0.0000000 2.1547897
stage1_unit3_bn3 2.4098635 -2.4098635 2.2890258
_plus2 4.7297802 -6.3032942 5.5720625
stage2_unit1_bn1 2.2557816 -3.5909004 3.8390298
stage2_unit1_bn2 2.0537043 -2.7369354 2.6366501
stage2_unit1_relu1 1.6487112 -0.0913766 2.6366501
stage2_unit1_bn3 2.5724549 -2.3890166 2.5724549
stage2_unit1_sc 2.7164486 -4.4805369 3.6418004
_plus3 2.2602184 -4.0162039 4.0089474
stage2_unit2_bn1 1.2589356 -2.0035307 1.4996465
stage2_unit2_bn2 1.7475151 -2.1497376 2.1108208
stage2_unit2_relu1 1.3196497 -0.0223966 2.1108208
stage2_unit2_bn3 2.6060513 -4.1077943 3.4862843
_plus4 2.5898533 -4.1417422 4.1047049
stage2_unit3_bn1 1.1063919 -1.5728215 1.4351627
stage2_unit3_bn2 1.4520533 -2.3221509 1.5233629
stage2_unit3_relu1 1.0238234 0.0000000 1.5233629
stage2_unit3_bn3 2.2011685 -1.9669799 2.2011685
_plus5 2.9314718 -4.0592623 4.2618771
stage2_unit4_bn1 1.0908638 -1.6459042 1.3776180
stage2_unit4_bn2 1.6053122 -1.4425561 2.5672455
stage2_unit4_relu1 1.5408489 0.0000000 2.5672455
stage2_unit4_bn3 2.6898896 -2.3504512 3.7418988
_plus6 3.4208114 -4.1761632 4.3773212
stage3_unit1_bn1 2.2397845 -2.7080662 3.2562776
stage3_unit1_bn2 1.9679083 -2.8610144 2.3701015
stage3_unit1_relu1 1.2373272 -0.1655302 2.3701015
stage3_unit1_bn3 1.3915880 -2.3332443 2.4727261
stage3_unit1_sc 1.4606416 -3.0744817 2.4319780
_plus7 1.7393336 -3.0906389 2.5951719
stage3_unit2_bn1 0.6712153 -1.4409081 0.9429448
stage3_unit2_bn2 1.1437420 -1.4069951 0.9305977
stage3_unit2_relu1 0.6342112 -0.0153435 0.9305977
stage3_unit2_bn3 0.9222296 -0.9222296 0.7513449
_plus8 1.8608327 -2.7053442 2.5770257
stage3_unit3_bn1 0.5853547 -0.8589091 0.8505394
stage3_unit3_bn2 0.8375132 -1.1085801 1.2176062
stage3_unit3_relu1 0.4568254 -0.0078060 1.2176062
stage3_unit3_bn3 0.7733163 -0.7111592 0.7733163
_plus9 2.1385891 -2.6308243 2.5991955
stage3_unit4_bn1 0.5780719 -0.7703862 0.7091913
stage3_unit4_bn2 0.9187961 -1.0495399 0.9734292
stage3_unit4_relu1 0.5112762 -0.0075645 0.9734292
stage3_unit4_bn3 0.8315479 -0.8315479 0.7740862
_plus10 1.8096669 -2.6309574 2.5730534
stage3_unit5_bn1 0.5826583 -0.8470891 0.7063743
stage3_unit5_bn2 1.3873842 -1.3873842 0.9657120
stage3_unit5_relu1 0.5434784 -0.0228438 0.9657120
stage3_unit5_bn3 1.5756223 -1.5625992 1.5756223
_plus11 1.8194616 -2.6451974 2.6212473
stage3_unit6_bn1 0.6092050 -0.7244142 0.7133433
stage3_unit6_bn2 0.8460063 -1.0407301 0.9367121
stage3_unit6_relu1 0.6735450 -0.0415932 0.9367121
stage3_unit6_bn3 1.6075202 -2.0739908 1.5810343
_plus12 2.8418112 -2.8418112 2.5647411
stage3_unit7_bn1 0.7941959 -1.0243331 0.8972263
stage3_unit7_bn2 1.2442594 -1.2294195 1.2442594
stage3_unit7_relu1 0.8246637 -0.0546026 1.2442594
stage3_unit7_bn3 1.8898447 -2.0639219 1.9276099
_plus13 2.8712046 -3.0611229 2.7948933
stage3_unit8_bn1 0.8512047 -0.8765429 0.9075083
stage3_unit8_bn2 1.0228870 -1.3631835 1.1774586
stage3_unit8_relu1 0.7656069 -0.0146306 1.1774586
stage3_unit8_bn3 2.2603262 -2.4434991 1.7918794
_plus14 2.7059383 -3.0909910 2.9227786
stage3_unit9_bn1 0.9415027 -1.0548921 1.3814961
stage3_unit9_bn2 1.1752697 -1.2530088 1.1937377
stage3_unit9_relu1 0.8806367 -0.0041866 1.1937377
stage3_unit9_bn3 2.3380392 -3.2524405 3.1588120
_plus15 3.2553477 -3.2553477 3.0251126
stage3_unit10_bn1 0.8762395 -1.0804693 1.1677489
stage3_unit10_bn2 1.3342843 -1.5241518 1.2281827
stage3_unit10_relu1 0.7909989 0.0000000 1.2281827
stage3_unit10_bn3 2.5300143 -2.9762309 2.9615362
_plus16 2.9771738 -3.5928638 4.3283205
stage3_unit11_bn1 1.0182406 -1.0567627 1.5810207
stage3_unit11_bn2 1.3076928 -1.7427390 1.2327560
stage3_unit11_relu1 0.8479338 0.0000000 1.2327560
stage3_unit11_bn3 2.6156485 -2.7321577 2.8662915
_plus17 4.4194646 -4.5960598 5.0483503
stage3_unit12_bn1 0.9492009 -1.1016873 1.2649832
stage3_unit12_bn2 1.3531008 -1.3531008 1.1616124
stage3_unit12_relu1 0.8171294 0.0000000 1.1616124
stage3_unit12_bn3 2.5568774 -2.5568774 2.4756980
_plus18 4.6290970 -6.1691160 5.6670017
stage3_unit13_bn1 0.9143709 -1.1780915 1.4197423
stage3_unit13_bn2 1.4292104 -2.0778365 1.4950045
stage3_unit13_relu1 0.8972949 0.0000000 1.4950045
stage3_unit13_bn3 4.0473330 -3.3474629 5.4183254
_plus19 5.8043847 -7.1683602 10.3138676
stage3_unit14_bn1 1.2644531 -1.5114385 2.0221372
stage3_unit14_bn2 1.6358610 -1.7440665 1.4628173
stage3_unit14_relu1 1.0290103 0.0000000 1.4628173
stage3_unit14_bn3 3.7882354 -3.7169850 3.7882354
_plus20 5.1837182 -6.7362723 8.2898989
stage4_unit1_bn1 1.3587962 -1.7511142 1.9754659
stage4_unit1_bn2 1.7100234 -1.9533582 1.8437659
stage4_unit1_relu1 0.9107140 -0.0204833 1.8437659
stage4_unit1_bn3 0.6525568 -0.8824170 0.9487100
stage4_unit1_sc 0.5326004 -0.6200230 0.7040802
_plus21 1.0388767 -0.9009705 1.0388767
stage4_unit2_bn1 0.9684895 -0.9990479 1.1914051
stage4_unit2_bn2 1.7908204 -1.7908204 1.1097882
stage4_unit2_relu1 0.6660898 -0.0607642 1.1097882
stage4_unit2_bn3 0.7042500 -1.1448145 1.2513888
_plus22 1.1055150 -1.3394324 1.3599695
stage4_unit3_bn1 0.7321348 -1.0494039 1.1708437
stage4_unit3_bn2 1.2010200 -1.6005782 0.9520314
stage4_unit3_relu1 0.5953103 0.0000000 0.9520314
stage4_unit3_bn3 1.4687914 -2.3489187 2.3382602
_plus23 1.6719784 -2.0843287 2.4307809
bn1 0.9630769 -0.9303458 0.9630769
pre_fc1 2.6531417 -2.6531417 2.5722871
fc1/1 2.8798981 -2.8798981 2.8329170
