# genetated time: 2022-12-15 11:17:17.348006
# histogram number: 2048
# sample number: 100
# tune number: 5
###
# op_name    threshold    min    max
x.1 1.9812000 -0.0078000 1.9812000
80_Relu 3.4029965 0.0000000 5.4421363
81_Conv 3.9460266 -7.0117326 3.7337828
82_Conv 6.2021513 -11.0206633 7.5001216
84_Relu 4.9419665 0.0000000 7.9032855
85_Pad 4.9419665 0.0000000 7.9032855
86_Conv 5.1509676 -8.2375240 7.2064114
87_Conv 7.1405697 -16.3133335 12.4529934
89_Relu 8.5154448 0.0000000 15.1311760
91_MaxPool 6.6231236 0.0000000 15.1311760
92_Pad 6.6231236 0.0000000 15.1311760
93_Conv 9.5246058 -11.5157328 12.6932735
94_Conv 9.2481833 -13.4453354 7.5966763
96_Relu 10.8660698 0.0000000 10.8660698
97_Pad 10.8660698 0.0000000 10.8660698
98_Conv 10.5212421 -12.1232157 17.9962254
99_Conv 7.3674135 -11.7821064 11.2226639
101_Relu 8.0896206 0.0000000 12.9370737
102_Pad 8.0896206 0.0000000 12.9370737
103_Conv 10.2533855 -13.3437624 23.4248657
104_Conv 9.6414919 -14.0171404 4.8276281
106_Relu 5.9604483 0.0000000 7.3323541
108_MaxPool 5.9604483 0.0000000 7.3323541
109_Pad 5.9604483 0.0000000 7.3323541
110_Conv 10.0797644 -11.8110332 13.4331236
111_Conv 5.9635978 -4.3048224 5.9635978
113_Relu 7.6076813 0.0000000 7.6076813
114_Pad 7.6076813 0.0000000 7.6076813
115_Conv 7.8755322 -11.4497261 9.0351791
116_Conv 5.7465576 -6.5664864 4.1582141
118_Relu 8.2754002 0.0000000 8.2754002
119_Pad 8.2754002 0.0000000 8.2754002
120_Conv 7.3785295 -9.8210936 9.8332357
121_Conv 7.0572743 -7.0572743 4.6237130
123_Relu 7.8237572 0.0000000 7.8237572
124_Pad 7.8237572 0.0000000 7.8237572
125_Conv 6.7650118 -9.8352127 9.0966778
126_Conv 6.3105039 -6.5554943 5.3438334
128_Relu 9.1557913 0.0000000 9.1557913
129_Pad 9.1557913 0.0000000 9.1557913
130_Conv 9.0919590 -10.4677753 11.1846399
131_Conv 8.4116812 -8.4116812 7.5603409
133_Relu 10.9734840 0.0000000 10.9734840
134_Pad 10.9734840 0.0000000 10.9734840
135_Conv 11.5081268 -11.2889891 13.5339165
136_Conv 10.1790752 -10.1790752 9.2436733
138_Relu 11.5396538 0.0000000 11.5396538
140_MaxPool 11.5396538 0.0000000 11.5396538
141_Pad 11.5396538 0.0000000 11.5396538
142_Conv 17.7752752 -19.4770164 17.6376972
143_Conv 10.1413670 -10.1413670 5.6958046
145_Relu 11.6103067 0.0000000 11.6103067
146_Conv 13.0609378 -12.8696375 13.2260208
147_Conv 7.8764913 -12.9868526 6.2254944
149_Relu 13.9692879 0.0000000 13.9692879
150_Conv 12.1424389 -21.5760174 15.0924902
151_Conv 11.5116501 -11.5116501 6.9209042
153_Relu 15.4498253 0.0000000 15.4498253
154_Conv 9.3902197 -21.4528790 21.0551548
155_Conv 9.6410165 -14.3450203 6.7626710
157_Relu 15.5099554 0.0000000 15.5099554
158_Conv 15.0990936 -20.1249161 18.4554043
159_Conv 20.5661621 -20.5661621 12.5829544
161_Relu 17.2024364 0.0000000 17.2024364
162_Conv 15.8510656 -15.8510656 4.2350903
163_Transpose 15.8510656 -15.8510656 4.2350903
170_Reshape 15.8510656 -15.8510656 4.2350903
171_Conv 23.9189072 -23.9189072 5.6092119
172_Transpose 23.9189072 -23.9189072 5.6092119
179_Reshape 23.9189072 -23.9189072 5.6092119
180_Concat 23.9189072 -23.9189072 5.6092119
181_Conv 44.8540840 -20.9998589 44.8540840
182_Transpose 44.8540840 -20.9998589 44.8540840
189_Reshape 44.8540840 -20.9998589 44.8540840
190_Conv 124.5811768 -57.9298820 124.5811768
191_Transpose 124.5811768 -57.9298820 124.5811768
198_Reshape 124.5811768 -57.9298820 124.5811768
199_Concat 124.5811768 -57.9298820 124.5811768
