# genetated time: 2022-12-12 15:58:59.721364
# histogram number: 2048
# sample number: 100
# tune number: 5
###
# op_name    threshold    min    max
data 2.5680201 -2.1025600 2.5680201
conv1/bn 2.2987012 0.0000000 5.3295293
pool1 0.9997749 0.0000000 5.3295293
conv2_1/x1/bn 2.0500267 -0.0000000 3.2784410
conv2_1/x2/bn 1.0075588 0.0000000 1.6113070
conv2_1/x2 1.4133358 -1.3148690 1.4133358
concat_2_1 4.7800436 -1.3148690 5.3295293
conv2_2/x1/bn 2.1686282 -0.0000000 3.1528280
conv2_2/x2/bn 1.0773568 0.0000000 1.7229292
conv2_2/x2 1.9087585 -1.9087585 1.4121066
concat_2_2 1.6662915 -1.9087585 5.3295293
conv2_3/x1/bn 1.5790420 -0.0000000 2.2956667
conv2_3/x2/bn 1.0471281 0.0000000 1.5223516
conv2_3/x2 1.5552239 -1.5552239 1.2928703
concat_2_3 1.6662915 -1.9087585 5.3295293
conv2_4/x1/bn 1.1715980 -0.0000000 1.7191219
conv2_4/x2/bn 1.0295417 0.0000000 1.6464624
conv2_4/x2 1.1043187 -1.1043187 1.0462908
concat_2_4 5.3295293 -1.9087585 5.3295293
conv2_5/x1/bn 1.3448062 -0.0000000 2.6882992
conv2_5/x2/bn 1.0062659 0.0000000 1.6092392
conv2_5/x2 1.3294928 -1.3294928 0.9639632
concat_2_5 1.6662915 -1.9087585 5.3295293
conv2_6/x1/bn 1.2950501 -0.0000000 1.6706376
conv2_6/x2/bn 1.0404792 0.0000000 2.3770769
conv2_6/x2 1.5136731 -1.5136731 1.3296945
concat_2_6 4.7800436 -1.9087585 5.3295293
conv2_6/blk/bn 2.2547328 -0.0000000 5.1517334
conv2_6/blk 2.9151955 -4.2382140 3.6672916
pool2_6 2.7376962 -3.9801593 2.6704388
conv3_1/x1/bn 0.8574329 -0.0000000 1.6324838
conv3_1/x2/bn 0.7202101 0.0000000 1.0470668
conv3_1/x2 1.3862725 -1.3862725 1.1591254
concat_3_1 2.7376962 -3.9801593 2.6704388
conv3_2/x1/bn 1.0248407 -0.0000000 1.4568902
conv3_2/x2/bn 0.9640031 0.0000000 0.9640031
conv3_2/x2 2.2652459 -2.7866335 2.4724081
concat_3_2 2.7376962 -3.9801593 2.6704388
conv3_3/x1/bn 0.8766537 -0.0000000 1.5932791
conv3_3/x2/bn 1.0732472 0.0000000 1.0732472
conv3_3/x2 0.9231855 -0.9231855 0.8071160
concat_3_3 2.7376962 -3.9801593 2.6704388
conv3_4/x1/bn 0.8691394 -0.0000000 1.5797623
conv3_4/x2/bn 1.0774493 0.0000000 1.3254440
conv3_4/x2 0.7766912 -0.7766912 0.7590389
concat_3_4 2.7376962 -3.9801593 2.6704388
conv3_5/x1/bn 0.9056362 -0.0000000 1.4272912
conv3_5/x2/bn 1.4569922 0.0000000 1.4847358
conv3_5/x2 1.0097247 -1.0097247 0.8076290
concat_3_5 2.7376962 -3.9801593 2.6704388
conv3_6/x1/bn 1.1247649 -0.0000000 2.0331085
conv3_6/x2/bn 0.7768987 0.0000000 1.3804789
conv3_6/x2 1.2403502 -1.2403502 0.9840531
concat_3_6 2.4888148 -3.9801593 2.6704388
conv3_7/x1/bn 0.8366371 -0.0000000 1.6124623
conv3_7/x2/bn 0.8920774 0.0000000 1.7832837
conv3_7/x2 0.8494362 -0.7981660 0.8494362
concat_3_7 2.4888148 -3.9801593 2.6704388
conv3_8/x1/bn 0.6697115 -0.0000000 1.2171707
conv3_8/x2/bn 0.8534821 0.0000000 1.3649046
conv3_8/x2 0.8810172 -0.8300249 0.8810172
concat_3_8 1.9910518 -3.9801593 2.6704388
conv3_9/x1/bn 0.8240808 -0.0000000 1.6473567
conv3_9/x2/bn 1.0887843 0.0000000 1.9346715
conv3_9/x2 0.8169307 -0.7960671 0.8169307
concat_3_9 1.9910518 -3.9801593 2.6704388
conv3_10/x1/bn 1.2114364 -0.0000000 2.2023182
conv3_10/x2/bn 1.1602503 0.0000000 1.6868126
conv3_10/x2 1.2157499 -1.3892152 0.7835228
concat_3_10 1.9910518 -3.9801593 2.6704388
conv3_11/x1/bn 0.9344369 -0.0000000 1.4726815
conv3_11/x2/bn 1.1773093 0.0000000 1.7116138
conv3_11/x2 0.8213304 -0.6927807 0.8213304
concat_3_11 1.9910518 -3.9801593 2.6704388
conv3_12/x1/bn 0.8336238 -0.0000000 1.5152085
conv3_12/x2/bn 1.7615291 0.0000000 1.7615291
conv3_12/x2 0.8414782 -0.8289055 0.8414782
concat_3_12 1.9910518 -3.9801593 2.6704388
conv3_12/blk/bn 1.9001775 -0.0000000 3.3764439
conv3_12/blk 1.2471149 -2.2160106 1.8195841
pool3_12 0.8801118 -1.5638793 1.0244949
conv4_1/x1/bn 0.8493014 -0.0000000 1.0138029
conv4_1/x2/bn 0.8254628 0.0000000 0.8254628
conv4_1/x2 1.1203525 -1.1203525 0.8919235
concat_4_1 1.3690629 -1.5638793 1.0244949
conv4_2/x1/bn 0.7830838 -0.0000000 1.0890499
conv4_2/x2/bn 1.4878383 0.0000000 1.4878383
conv4_2/x2 0.9556697 -0.9556697 0.7596911
concat_4_2 1.3690629 -1.5638793 1.0244949
conv4_3/x1/bn 0.7506311 -0.0000000 0.9923096
conv4_3/x2/bn 1.0614190 0.0000000 1.0614190
conv4_3/x2 0.8302242 -0.8302242 0.6681321
concat_4_3 1.2712727 -1.5638793 1.0244949
conv4_4/x1/bn 0.6724356 -0.0000000 1.0755817
conv4_4/x2/bn 1.0904520 0.0000000 1.0904520
conv4_4/x2 0.7036770 -0.7036770 0.6018446
concat_4_4 1.2712727 -1.5638793 1.0244949
conv4_5/x1/bn 0.9102181 -0.0000000 1.1376337
conv4_5/x2/bn 1.5242091 0.0000000 1.5242091
conv4_5/x2 0.8385978 -0.8385978 0.6595339
concat_4_5 1.2712727 -1.5638793 1.0244949
conv4_6/x1/bn 0.6272723 -0.0000000 1.1146063
conv4_6/x2/bn 1.3490468 0.0000000 2.3971343
conv4_6/x2 0.7350821 -0.5824295 0.7350821
concat_4_6 1.2712727 -1.5638793 1.0244949
conv4_7/x1/bn 0.6578376 -0.0000000 0.9479716
conv4_7/x2/bn 1.1914740 0.0000000 1.1914740
conv4_7/x2 0.5672573 -0.5672573 0.5033849
concat_4_7 1.2712727 -1.5638793 1.0244949
conv4_8/x1/bn 0.5536726 -0.0000000 1.4517329
conv4_8/x2/bn 0.9276696 0.0000000 0.9276696
conv4_8/x2 0.5978930 -0.5978930 0.5738885
concat_4_8 1.2712727 -1.5638793 1.0244949
conv4_9/x1/bn 0.7422817 -0.0000000 0.9892256
conv4_9/x2/bn 1.4138330 0.0000000 2.8262854
conv4_9/x2 0.9155396 -0.9063872 0.9155396
concat_4_9 1.2712727 -1.5638793 1.0244949
conv4_10/x1/bn 0.6326774 -0.0000000 0.9370794
conv4_10/x2/bn 0.9729887 0.0000000 0.9729887
conv4_10/x2 0.7125326 -0.7125326 0.6340368
concat_4_10 1.2712727 -1.5638793 1.0244949
conv4_11/x1/bn 0.5785600 -0.0000000 1.0887725
conv4_11/x2/bn 1.6561439 0.0000000 1.6561439
conv4_11/x2 0.6338111 -0.5219697 0.6338111
concat_4_11 1.2712727 -1.5638793 1.0244949
conv4_12/x1/bn 0.6385453 -0.0000000 0.9501015
conv4_12/x2/bn 1.0849600 0.0000000 1.1344212
conv4_12/x2 0.5948316 -0.5948316 0.5317805
concat_4_12 1.2712727 -1.5638793 1.0244949
conv4_13/x1/bn 0.6133424 -0.0000000 1.3626133
conv4_13/x2/bn 0.7722900 0.0000000 2.8727560
conv4_13/x2 0.6426111 -0.5783758 0.6426111
concat_4_13 1.2712727 -1.5638793 1.0244949
conv4_14/x1/bn 0.6991429 -0.0000000 1.3392088
conv4_14/x2/bn 0.9866281 0.0000000 1.5778341
conv4_14/x2 0.6355141 -0.6355141 0.5972815
concat_4_14 1.2712727 -1.5638793 1.0244949
conv4_15/x1/bn 0.6452345 -0.0000000 1.1157720
conv4_15/x2/bn 1.0824796 0.0000000 1.1318277
conv4_15/x2 0.5827616 -0.5827616 0.4406801
concat_4_15 1.2712727 -1.5638793 1.0244949
conv4_16/x1/bn 0.7358632 -0.0000000 1.9294374
conv4_16/x2/bn 2.1153821 0.0000000 2.7730057
conv4_16/x2 0.9302260 -0.9302260 0.8791174
concat_4_16 1.2712727 -1.5638793 1.0244949
conv4_17/x1/bn 0.6362890 -0.0000000 1.8335799
conv4_17/x2/bn 1.2139125 0.0000000 1.7648287
conv4_17/x2 0.6867197 -0.6116748 0.6867197
concat_4_17 0.9779021 -1.5638793 1.0244949
conv4_18/x1/bn 0.8421531 -0.0000000 1.6834837
conv4_18/x2/bn 1.3141907 0.0000000 3.0023978
conv4_18/x2 0.6328456 -0.6328456 0.4159033
concat_4_18 0.9779021 -1.5638793 1.0244949
conv4_19/x1/bn 0.5538002 -0.0000000 1.1211839
conv4_19/x2/bn 1.2103205 0.0000000 1.2103205
conv4_19/x2 0.7402804 -0.6856419 0.7402804
concat_4_19 0.9779021 -1.5638793 1.0244949
conv4_20/x1/bn 0.7003090 -0.0000000 1.7503451
conv4_20/x2/bn 2.0847712 0.0000000 2.0847712
conv4_20/x2 1.1704636 -0.5652450 1.1704636
concat_4_20 0.9779021 -1.5638793 1.1704636
conv4_21/x1/bn 0.7619960 -0.0000000 1.3850167
conv4_21/x2/bn 1.5998981 0.0000000 1.5998981
conv4_21/x2 0.7480757 -0.7480757 0.5105758
concat_4_21 0.9779021 -1.5638793 1.1704636
conv4_22/x1/bn 0.5280537 -0.0000000 1.6889468
conv4_22/x2/bn 1.4089113 0.0000000 1.4089113
conv4_22/x2 0.7498869 -0.7498869 0.5020296
concat_4_22 0.9779021 -1.5638793 1.1704636
conv4_23/x1/bn 0.5371428 -0.0000000 1.4083915
conv4_23/x2/bn 2.0961666 0.0000000 2.0961666
conv4_23/x2 0.7228444 -0.4877948 0.7228444
concat_4_23 0.9779021 -1.5638793 1.1704636
conv4_24/x1/bn 0.4988929 -0.0000000 1.2275183
conv4_24/x2/bn 1.1269839 0.0000000 1.1558375
conv4_24/x2 0.4696093 -0.4367490 0.4696093
concat_4_24 0.9779021 -1.5638793 1.1704636
conv4_25/x1/bn 0.7913952 -0.0000000 1.8082219
conv4_25/x2/bn 2.5942428 0.0000000 3.7716014
conv4_25/x2 0.8892914 -0.9422498 0.7339435
concat_4_25 0.9779021 -1.5638793 1.1704636
conv4_26/x1/bn 0.7109924 -0.0000000 1.9607968
conv4_26/x2/bn 1.9692640 0.0000000 1.9692640
conv4_26/x2 1.3050257 -0.8186435 1.3050257
concat_4_26 0.9779021 -1.5638793 1.3050257
conv4_27/x1/bn 0.5028154 -0.0000000 1.1488594
conv4_27/x2/bn 1.3440845 0.0000000 1.3440845
conv4_27/x2 0.5616124 -0.5178804 0.5616124
concat_4_27 0.9779021 -1.5638793 1.3050257
conv4_28/x1/bn 0.4925994 -0.0000000 1.4195131
conv4_28/x2/bn 2.3681542 0.0000000 4.7349205
conv4_28/x2 0.9249898 -0.8839631 1.2327175
concat_4_28 0.9779021 -1.5638793 1.3050257
conv4_29/x1/bn 0.5171347 -0.0000000 1.1101408
conv4_29/x2/bn 1.4437735 0.0000000 1.4437735
conv4_29/x2 0.4422610 -0.4422610 0.4336681
concat_4_29 0.9779021 -1.5638793 1.3050257
conv4_30/x1/bn 0.6661354 -0.0000000 1.9195877
conv4_30/x2/bn 2.1256757 0.0000000 2.1256757
conv4_30/x2 0.7434725 -0.7434725 0.5603904
concat_4_30 0.9779021 -1.5638793 1.3050257
conv4_31/x1/bn 0.6191486 -0.0000000 1.3032362
conv4_31/x2/bn 1.6708459 0.0000000 1.6708459
conv4_31/x2 0.5897364 -0.4560024 0.5897364
concat_4_31 0.9779021 -1.5638793 1.3050257
conv4_32/x1/bn 0.5355190 -0.0000000 1.3384707
conv4_32/x2/bn 1.1538529 0.0000000 1.1538529
conv4_32/x2 0.3869730 -0.3869730 0.3830289
concat_4_32 0.9779021 -1.5638793 1.3050257
conv4_33/x1/bn 0.7241445 -0.0000000 2.3400800
conv4_33/x2/bn 2.9653910 0.0000000 7.7752728
conv4_33/x2 1.5693753 -1.9305956 1.2597387
concat_4_33 1.0864906 -1.9305956 1.3050257
conv4_34/x1/bn 0.7180581 -0.0000000 1.6409321
conv4_34/x2/bn 2.1530030 0.0000000 2.1530030
conv4_34/x2 0.6967140 -0.6967140 0.6872894
concat_4_34 1.0864906 -1.9305956 1.3050257
conv4_35/x1/bn 0.7650799 -0.0000000 1.7483879
conv4_35/x2/bn 2.4149413 0.0000000 2.4149413
conv4_35/x2 0.8547948 -0.8547948 0.6256430
concat_4_35 1.0864906 -1.9305956 1.3050257
conv4_36/x1/bn 0.5884316 -0.0000000 1.2385803
conv4_36/x2/bn 1.6050122 0.0000000 1.6050122
conv4_36/x2 0.5046735 -0.5046735 0.3745437
concat_4_36 1.0864906 -1.9305956 1.3050257
conv4_37/x1/bn 0.7561621 -0.0000000 1.4229960
conv4_37/x2/bn 2.3948847 0.0000000 2.4326158
conv4_37/x2 0.7455096 -0.6749388 0.7455096
concat_4_37 1.0864906 -1.9305956 1.3050257
conv4_38/x1/bn 0.6309890 -0.0000000 1.3281589
conv4_38/x2/bn 2.1618040 0.0000000 2.1618040
conv4_38/x2 0.8240685 -0.8240685 0.5733653
concat_4_38 1.0864906 -1.9305956 1.3050257
conv4_39/x1/bn 0.5626443 -0.0000000 1.4062673
conv4_39/x2/bn 2.9596474 0.0000000 2.9596474
conv4_39/x2 0.8424259 -0.8424259 0.5251746
concat_4_39 1.0864906 -1.9305956 1.3050257
conv4_40/x1/bn 0.6794633 -0.0000000 1.6982435
conv4_40/x2/bn 1.7365962 0.0000000 2.7771974
conv4_40/x2 0.8555998 -0.6628264 0.8555998
concat_4_40 1.0864906 -1.9305956 1.3050257
conv4_41/x1/bn 0.5785011 -0.0000000 1.4458995
conv4_41/x2/bn 1.3687758 0.0000000 1.3687758
conv4_41/x2 0.5424024 -0.5424024 0.3680549
concat_4_41 1.0864906 -1.9305956 1.3050257
conv4_42/x1/bn 0.5533943 -0.0000000 2.0585103
conv4_42/x2/bn 1.9001280 0.0000000 1.9001280
conv4_42/x2 0.6539098 -0.6539098 0.4378910
concat_4_42 1.0864906 -1.9305956 1.3050257
conv4_43/x1/bn 0.6405419 -0.0000000 1.4637893
conv4_43/x2/bn 1.8701178 0.0000000 2.0420511
conv4_43/x2 0.6740593 -0.6740593 0.5848191
concat_4_43 0.9657694 -1.9305956 1.3050257
conv4_44/x1/bn 0.7058941 -0.0000000 2.3525972
conv4_44/x2/bn 2.8029585 0.0000000 4.0750399
conv4_44/x2 1.5394118 -1.6412375 1.2643862
concat_4_44 0.9657694 -1.9305956 1.3050257
conv4_45/x1/bn 0.6355778 -0.0000000 1.2399598
conv4_45/x2/bn 1.9874082 0.0000000 2.1266758
conv4_45/x2 0.7419958 -0.7419958 0.5555485
concat_4_45 0.9657694 -1.9305956 1.3050257
conv4_46/x1/bn 0.5802533 -0.0000000 1.2213660
conv4_46/x2/bn 1.8275672 0.0000000 1.8275672
conv4_46/x2 0.8678669 -0.8678669 0.5780424
concat_4_46 0.9657694 -1.9305956 1.3050257
conv4_47/x1/bn 0.5272552 -0.0000000 1.7038305
conv4_47/x2/bn 1.9329299 0.0000000 1.9329299
conv4_47/x2 0.8366500 -0.5538726 0.8366500
concat_4_47 0.9657694 -1.9305956 1.3050257
conv4_48/x1/bn 0.5881151 -0.0000000 1.2379143
conv4_48/x2/bn 2.0783224 0.0000000 2.0783224
conv4_48/x2 0.7850377 -0.7850377 0.7261176
concat_4_48 0.9657694 -1.9305956 1.3050257
conv4_48/blk/bn 1.8888161 -0.0000000 4.3151860
conv4_48/blk 1.0998377 -1.3223813 6.5153174
pool4_48 0.8273131 -0.6709760 2.5447180
conv5_1/x1/bn 0.6428660 -0.0000000 1.3015000
conv5_1/x2/bn 1.6596363 0.0000000 1.6596363
conv5_1/x2 0.7391759 -0.7391759 0.6400269
concat_5_1 0.8273131 -0.7391759 2.5447180
conv5_2/x1/bn 0.7374317 -0.0000000 1.4744312
conv5_2/x2/bn 1.7963978 0.0000000 1.7963978
conv5_2/x2 0.7110831 -0.7110831 0.5680364
concat_5_2 0.8273131 -0.7391759 2.5447180
conv5_3/x1/bn 0.7133675 -0.0000000 1.2675896
conv5_3/x2/bn 2.3984785 0.0000000 2.3984785
conv5_3/x2 0.9758844 -0.9758844 0.6447625
concat_5_3 0.8273131 -0.9758844 2.5447180
conv5_4/x1/bn 0.6339263 -0.0000000 1.0137868
conv5_4/x2/bn 1.1822218 0.0000000 1.1822218
conv5_4/x2 0.6795263 -0.5456696 0.6795263
concat_5_4 0.9227245 -0.9758844 2.5447180
conv5_5/x1/bn 0.7466028 -0.0000000 1.5115181
conv5_5/x2/bn 3.6702931 0.0000000 3.6702931
conv5_5/x2 1.2277710 -1.2277710 1.2215472
concat_5_5 1.1138580 -1.2277710 2.5447180
conv5_6/x1/bn 0.6311572 -0.0000000 1.0972685
conv5_6/x2/bn 1.2655429 0.0000000 1.2655429
conv5_6/x2 0.4215365 -0.3310998 0.4215365
concat_5_6 1.1138580 -1.2277710 2.5447180
conv5_7/x1/bn 1.0638845 -0.0000000 1.0638845
conv5_7/x2/bn 1.4560696 0.0000000 1.4560696
conv5_7/x2 0.4220302 -0.3118010 0.4220302
concat_5_7 1.1138580 -1.2277710 2.5447180
conv5_8/x1/bn 0.7419178 -0.0000000 1.3484025
conv5_8/x2/bn 1.4441773 0.0000000 1.4441773
conv5_8/x2 0.6371316 -0.6170413 0.6371316
concat_5_8 1.1138580 -1.2277710 2.5447180
conv5_9/x1/bn 0.8328465 -0.0000000 1.5137959
conv5_9/x2/bn 1.5200629 0.0000000 1.5200629
conv5_9/x2 1.1066730 -1.1066730 0.5449879
concat_5_9 0.9547354 -1.2277710 2.5447180
conv5_10/x1/bn 0.5094861 -0.0000000 0.9053109
conv5_10/x2/bn 0.9468562 0.0000000 0.9468562
conv5_10/x2 0.2858422 -0.1356540 0.2858422
concat_5_10 0.9547354 -1.2277710 2.5447180
conv5_11/x1/bn 1.3115610 -0.0000000 1.4471178
conv5_11/x2/bn 2.1885831 0.0000000 2.1885831
conv5_11/x2 0.7633741 -0.7633741 0.7247726
concat_5_11 0.9547354 -1.2277710 2.5447180
conv5_12/x1/bn 0.8989616 -0.0000000 1.0092826
conv5_12/x2/bn 0.9139417 0.0000000 0.9139417
conv5_12/x2 0.3067845 -0.1686736 0.3067845
concat_5_12 0.9547354 -1.2277710 2.5447180
conv5_13/x1/bn 1.2127321 -0.0000000 1.2127321
conv5_13/x2/bn 1.0866592 0.0000000 1.0866592
conv5_13/x2 0.4277463 -0.1824606 0.4277463
concat_5_13 0.9547354 -1.2277710 2.5447180
conv5_14/x1/bn 0.7781494 -0.0000000 0.8137276
conv5_14/x2/bn 0.8134277 0.0000000 0.8134277
conv5_14/x2 0.3657652 -0.1050882 0.3657652
concat_5_14 0.6364903 -1.2277710 2.5447180
conv5_15/x1/bn 0.9086899 -0.0000000 0.9319780
conv5_15/x2/bn 0.7910141 0.0000000 0.7910141
conv5_15/x2 0.3508540 -0.1229379 0.3508540
concat_5_15 0.6364903 -1.2277710 2.5447180
conv5_16/x1/bn 0.7891184 -0.0000000 0.8445042
conv5_16/x2/bn 0.8466918 0.0000000 0.8466918
conv5_16/x2 0.2785752 -0.0682066 0.2785752
concat_5_16 0.6364903 -1.2277710 2.5447180
conv5_17/x1/bn 1.0065815 -0.0000000 1.0323783
conv5_17/x2/bn 0.8894028 0.0000000 0.8894028
conv5_17/x2 0.3115612 -0.0990840 0.3115612
concat_5_17 0.6364903 -1.2277710 2.5447180
conv5_18/x1/bn 1.0842280 -0.0000000 1.1120148
conv5_18/x2/bn 0.7937562 0.0000000 0.7937562
conv5_18/x2 0.3287311 -0.0657621 0.3287311
concat_5_18 0.6364903 -1.2277710 2.5447180
conv5_19/x1/bn 0.5081864 -0.0000000 0.9236882
conv5_19/x2/bn 1.2849393 0.0000000 1.2849393
conv5_19/x2 0.3395120 -0.0566647 0.3395120
concat_5_19 0.6364903 -1.2277710 2.5447180
conv5_20/x1/bn 0.7598430 -0.0000000 0.7743502
conv5_20/x2/bn 0.7174962 0.0000000 0.7174962
conv5_20/x2 0.2803254 -0.0523963 0.2803254
concat_5_20 0.6364903 -1.2277710 2.5447180
conv5_21/x1/bn 0.8399175 -0.0000000 0.8559536
conv5_21/x2/bn 1.4492776 0.0000000 1.4492776
conv5_21/x2 0.3339498 -0.0587957 0.3339498
concat_5_21 0.6364903 -1.2277710 2.5447180
conv5_22/x1/bn 0.9019430 -0.0000000 0.9493893
conv5_22/x2/bn 0.7342646 0.0000000 0.7342646
conv5_22/x2 0.2498258 -0.0585718 0.2498258
concat_5_22 0.6364903 -1.2277710 2.5447180
conv5_23/x1/bn 0.6618821 -0.0000000 0.8823658
conv5_23/x2/bn 0.7784786 0.0000000 0.7784786
conv5_23/x2 0.2668764 -0.0560113 0.2668764
concat_5_23 0.6364903 -1.2277710 2.5447180
conv5_24/x1/bn 1.1415173 -0.0000000 1.2466646
conv5_24/x2/bn 0.8803674 0.0000000 0.8803674
conv5_24/x2 0.3105338 -0.0581843 0.3105338
concat_5_24 0.6364903 -1.2277710 2.5447180
conv5_25/x1/bn 0.5363161 -0.0000000 0.9747306
conv5_25/x2/bn 0.7899600 0.0000000 0.7899600
conv5_25/x2 0.2503442 -0.0590654 0.2503442
concat_5_25 0.6364903 -1.2277710 2.5447180
conv5_26/x1/bn 0.7846475 -0.0000000 0.8809398
conv5_26/x2/bn 1.2109984 0.0000000 1.2109984
conv5_26/x2 0.4107597 -0.0544224 0.4107597
concat_5_26 0.6364903 -1.2277710 2.5447180
conv5_27/x1/bn 1.0761719 -0.0000000 1.0761719
conv5_27/x2/bn 1.0118191 0.0000000 1.0118191
conv5_27/x2 0.3214832 -0.0553815 0.3214832
concat_5_27 0.6364903 -1.2277710 2.5447180
conv5_28/x1/bn 0.4733919 -0.0000000 1.0815102
conv5_28/x2/bn 0.9979265 0.0000000 0.9979265
conv5_28/x2 0.3841674 -0.0519393 0.3841674
concat_5_28 0.6364903 -1.2277710 2.5447180
conv5_29/x1/bn 0.7082802 -0.0000000 1.0253896
conv5_29/x2/bn 0.8822617 0.0000000 0.8822617
conv5_29/x2 0.4684184 -0.0565967 0.4684184
concat_5_29 0.6364903 -1.2277710 2.5447180
conv5_30/x1/bn 0.9014081 -0.0000000 1.2017601
conv5_30/x2/bn 0.7534286 0.0000000 0.7534286
conv5_30/x2 0.4285825 -0.0611579 0.4285825
concat_5_30 0.4773677 -1.2277710 2.5447180
conv5_31/x1/bn 0.8500390 -0.0000000 0.9097006
conv5_31/x2/bn 0.9480133 0.0000000 0.9480133
conv5_31/x2 0.2645788 -0.0633018 0.2645788
concat_5_31 0.4773677 -1.2277710 2.5447180
conv5_32/x1/bn 0.8340190 -0.0000000 0.8608930
conv5_32/x2/bn 0.8210488 0.0000000 0.8210488
conv5_32/x2 0.2436843 -0.0573440 0.2436843
concat_5_32 0.4773677 -1.2277710 2.5447180
conv5_32/blk/bn 22.5514996 -0.0000000 42.4486618
pool5 7.7561623 0.0000000 12.7930899
fc6 26.4964561 -8.6552973 26.4964561
