# genetated time: 2022-12-09 15:33:27.723398
# histogram number: 2048
# sample number: 1000
# tune number: 5
###
# op_name    threshold    min    max
data 2.5680201 -2.1025600 2.5680201
conv1/bn 2.5336791 0.0000000 5.3687086
pool1 1.0071247 0.0000000 5.3687086
conv2_1/x1/bn 2.3903975 -0.0000000 4.7784605
conv2_1/x2/bn 1.1114871 0.0000000 2.3860459
conv2_1/x2 2.3717452 -3.2283556 3.1659753
concat_2_1 1.3428328 -3.2283556 5.3687086
conv2_2/x1/bn 1.9487698 -0.0000000 6.2330184
conv2_2/x2/bn 1.0555304 0.0000000 2.4114630
conv2_2/x2 2.2195039 -2.3673012 1.8210063
concat_2_2 2.0142493 -3.2283556 5.3687086
conv2_3/x1/bn 1.5043819 -0.0000000 2.6731508
conv2_3/x2/bn 1.0785711 0.0000000 1.9165235
conv2_3/x2 2.1816370 -2.1816370 1.6228950
concat_2_3 2.0142493 -3.2283556 5.3687086
conv2_4/x1/bn 1.4551685 -0.0000000 2.1955700
conv2_4/x2/bn 1.1347510 0.0000000 1.8147149
conv2_4/x2 1.7714466 -1.5726945 1.7714466
concat_2_4 3.5237560 -3.2283556 5.3687086
conv2_5/x1/bn 1.0935187 -0.0000000 2.9146261
conv2_5/x2/bn 0.9523001 0.0000000 1.6921514
conv2_5/x2 1.4172528 -1.4172528 1.1181109
concat_2_5 2.0142493 -3.2283556 5.3687086
conv2_6/x1/bn 1.2726796 -0.0000000 2.5441163
conv2_6/x2/bn 1.2246439 0.0000000 2.7978194
conv2_6/x2 1.7162058 -1.6578549 1.7162058
concat_2_6 4.8655397 -3.2283556 5.3687086
conv2_blk/bn 2.1667714 -0.0000000 6.9302831
conv2_blk 2.8026314 -4.4820204 3.7758737
pool2 2.6384137 -3.8358188 3.5681543
conv3_1/x1/bn 0.9907476 -0.0000000 2.2637129
conv3_1/x2/bn 1.2148912 0.0000000 1.2380556
conv3_1/x2 2.1927414 -3.1878848 3.1498983
concat_3_1 2.6384137 -3.8358188 3.5681543
conv3_2/x1/bn 1.0531746 -0.0000000 1.7547195
conv3_2/x2/bn 0.8818313 0.0000000 1.4102411
conv3_2/x2 1.4103675 -1.8488183 1.5057462
concat_3_2 2.6384137 -3.8358188 3.5681543
conv3_3/x1/bn 1.1079544 -0.0000000 1.7632518
conv3_3/x2/bn 1.0686028 0.0000000 1.5535724
conv3_3/x2 1.4061738 -1.6068090 1.2079281
concat_3_3 2.3985579 -3.8358188 3.5681543
conv3_4/x1/bn 1.0603007 -0.0000000 1.6956527
conv3_4/x2/bn 1.1370004 0.0000000 1.5152603
conv3_4/x2 1.2703334 -1.2703334 1.1274621
concat_3_4 2.1587021 -3.8358188 3.5681543
conv3_5/x1/bn 1.1973749 -0.0000000 2.3359795
conv3_5/x2/bn 1.2640244 0.0000000 2.2460573
conv3_5/x2 1.3625631 -1.6384695 1.2518809
concat_3_5 2.1587021 -3.8358188 3.5681543
conv3_6/x1/bn 1.1995960 -0.0000000 2.7409005
conv3_6/x2/bn 1.0560622 0.0000000 2.1110930
conv3_6/x2 1.3621664 -1.7572186 1.4207206
concat_3_6 2.1587021 -3.8358188 3.5681543
conv3_7/x1/bn 0.9614314 -0.0000000 1.9464444
conv3_7/x2/bn 1.1836802 0.0000000 3.1549394
conv3_7/x2 1.2511202 -1.1960939 1.2511202
concat_3_7 2.1587021 -3.8358188 3.5681543
conv3_8/x1/bn 0.9169632 -0.0000000 2.0948925
conv3_8/x2/bn 1.0762556 0.0000000 1.9124091
conv3_8/x2 1.0834213 -0.9904038 1.0834213
concat_3_8 2.1587021 -3.8358188 3.5681543
conv3_9/x1/bn 1.0664325 -0.0000000 2.0068834
conv3_9/x2/bn 1.0800732 0.0000000 2.1590917
conv3_9/x2 1.1576477 -1.1576477 1.1280112
concat_3_9 2.1587021 -3.8358188 3.5681543
conv3_10/x1/bn 0.8503166 -0.0000000 2.0921907
conv3_10/x2/bn 1.4028178 0.0000000 2.8042657
conv3_10/x2 1.1838161 -1.0541641 1.1838161
concat_3_10 1.9188464 -3.8358188 3.5681543
conv3_11/x1/bn 0.9488990 -0.0000000 1.8968714
conv3_11/x2/bn 1.4544568 0.0000000 2.5844383
conv3_11/x2 1.2771169 -0.9698242 1.2771169
concat_3_11 1.9188464 -3.8358188 3.5681543
conv3_12/x1/bn 1.1986201 -0.0000000 2.1784384
conv3_12/x2/bn 1.3525375 0.0000000 2.7037542
conv3_12/x2 1.2985381 -1.8060864 1.2456410
concat_3_12 1.9188464 -3.8358188 3.5681543
conv3_blk/bn 2.0519247 -0.0000000 5.4691277
conv3_blk 1.2985408 -2.0608377 2.3073897
pool3 1.0288113 -1.4981107 1.6452944
conv4_1/x1/bn 1.0051981 -0.0000000 2.0094147
conv4_1/x2/bn 1.7857326 0.0000000 1.8734565
conv4_1/x2 1.1781298 -1.1781298 1.1241004
concat_4_1 1.0288113 -1.4981107 1.6452944
conv4_2/x1/bn 0.8927575 -0.0000000 1.2979224
conv4_2/x2/bn 1.5577575 0.0000000 1.5577575
conv4_2/x2 1.4800407 -1.4800407 1.1139899
concat_4_2 1.3374548 -1.4981107 1.6452944
conv4_3/x1/bn 0.9116955 -0.0000000 1.8225006
conv4_3/x2/bn 1.4552395 0.0000000 3.3246377
conv4_3/x2 1.0596792 -1.0596792 0.9875577
concat_4_3 1.3374548 -1.4981107 1.6452944
conv4_4/x1/bn 0.9965485 -0.0000000 1.5936990
conv4_4/x2/bn 1.9636964 0.0000000 5.2339668
conv4_4/x2 1.7901684 -1.6811525 1.7901684
concat_4_4 1.3432822 -1.6811525 1.7901684
conv4_5/x1/bn 0.9309706 -0.0000000 2.4813762
conv4_5/x2/bn 2.1277809 0.0000000 3.7808745
conv4_5/x2 1.2530718 -1.3259597 1.8217598
concat_4_5 1.3669873 -1.6811525 1.8217598
conv4_6/x1/bn 1.0379431 -0.0000000 1.5089983
conv4_6/x2/bn 1.9710163 0.0000000 2.1305752
conv4_6/x2 1.1316092 -1.1134504 1.1316092
concat_4_6 1.3669873 -1.6811525 1.8217598
conv4_7/x1/bn 0.7495063 -0.0000000 1.3621944
conv4_7/x2/bn 1.8531362 0.0000000 1.9252264
conv4_7/x2 1.2424261 -1.2581297 0.8431844
concat_4_7 1.3669873 -1.6811525 1.8217598
conv4_8/x1/bn 0.9967546 -0.0000000 1.9925359
conv4_8/x2/bn 2.3004427 0.0000000 4.0876789
conv4_8/x2 1.2351809 -2.1948049 1.2449163
concat_4_8 1.3724232 -2.1948049 1.8217598
conv4_9/x1/bn 1.1358017 -0.0000000 2.5948505
conv4_9/x2/bn 2.5755806 0.0000000 4.5765738
conv4_9/x2 1.9566760 -2.8446844 1.4935633
concat_4_9 1.4230371 -2.8446844 1.8217598
conv4_10/x1/bn 0.9867001 -0.0000000 2.2542131
conv4_10/x2/bn 1.7921294 0.0000000 3.1844521
conv4_10/x2 1.3310076 -1.5204087 1.0035601
concat_4_10 1.4230371 -2.8446844 1.8217598
conv4_11/x1/bn 0.9754362 -0.0000000 1.7332621
conv4_11/x2/bn 2.3959813 0.0000000 5.4738545
conv4_11/x2 1.4206958 -1.8933361 1.0525434
concat_4_11 1.4230371 -2.8446844 1.8217598
conv4_12/x1/bn 1.0026996 -0.0000000 1.7817067
conv4_12/x2/bn 2.3893671 0.0000000 3.4737458
conv4_12/x2 1.4002023 -1.6208028 1.7224844
concat_4_12 1.4230371 -2.8446844 1.8217598
conv4_13/x1/bn 0.8858411 -0.0000000 2.0237911
conv4_13/x2/bn 1.9065260 0.0000000 2.7717748
conv4_13/x2 1.2395363 -1.6802403 1.0512037
concat_4_13 1.4230371 -2.8446844 1.8217598
conv4_14/x1/bn 0.8299440 -0.0000000 2.2121031
conv4_14/x2/bn 1.8754774 0.0000000 2.4585202
conv4_14/x2 1.2695272 -1.5617321 1.2549611
concat_4_14 1.4230371 -2.8446844 1.8217598
conv4_15/x1/bn 1.0351918 -0.0000000 1.8394423
conv4_15/x2/bn 2.2840011 0.0000000 2.2840011
conv4_15/x2 1.2307978 -1.3486300 1.1091179
concat_4_15 1.4230371 -2.8446844 1.8217598
conv4_16/x1/bn 0.8834768 -0.0000000 1.7660909
conv4_16/x2/bn 1.9698129 0.0000000 1.9698129
conv4_16/x2 0.9801317 -0.9616382 0.9801317
concat_4_16 1.4230371 -2.8446844 1.8217598
conv4_17/x1/bn 1.0787206 -0.0000000 1.9167892
conv4_17/x2/bn 3.4717171 0.0000000 3.6778910
conv4_17/x2 1.6180366 -1.7126286 1.9904573
concat_4_17 1.4230371 -2.8446844 1.9904573
conv4_18/x1/bn 1.0044091 -0.0000000 2.0078373
conv4_18/x2/bn 2.5975838 0.0000000 2.9260697
conv4_18/x2 1.2241715 -1.5538890 1.1580298
concat_4_18 1.4230371 -2.8446844 1.9904573
conv4_19/x1/bn 1.1113725 -0.0000000 2.5390396
conv4_19/x2/bn 2.8768201 0.0000000 4.6006646
conv4_19/x2 1.6468028 -1.4652621 2.0258446
concat_4_19 1.4230371 -2.8446844 2.0258446
conv4_20/x1/bn 1.1077694 -0.0000000 2.2144570
conv4_20/x2/bn 3.1167677 0.0000000 3.3685446
conv4_20/x2 1.2118231 -1.5125186 1.7305720
concat_4_20 1.4230371 -2.8446844 2.0258446
conv4_21/x1/bn 0.9523109 -0.0000000 2.1756477
conv4_21/x2/bn 3.0658283 0.0000000 3.2162719
conv4_21/x2 1.2770587 -1.8566331 1.2299119
concat_4_21 1.4230371 -2.8446844 2.0258446
conv4_22/x1/bn 0.8974331 -0.0000000 2.0505028
conv4_22/x2/bn 3.7060551 0.0000000 3.7528048
conv4_22/x2 1.8809074 -2.3170435 2.7345295
concat_4_22 1.4230371 -2.8446844 2.7345295
conv4_23/x1/bn 1.1038232 -0.0000000 2.2065685
conv4_23/x2/bn 2.6565471 0.0000000 2.7155137
conv4_23/x2 1.2103470 -1.8261814 1.2479829
concat_4_23 1.4230371 -2.8446844 2.7345295
conv4_24/x1/bn 0.8877677 -0.0000000 2.3662245
conv4_24/x2/bn 3.6097856 0.0000000 3.6438746
conv4_24/x2 1.2249635 -1.5383096 1.9589846
concat_4_24 1.4230371 -2.8446844 2.7345295
conv4_blk/bn 3.0905018 -0.0000000 5.4915428
conv4_blk 1.1854464 -1.9391693 3.1596467
pool4 0.9332151 -1.2157003 1.8655189
conv5_1/x1/bn 1.5593264 -0.0000000 1.5593264
conv5_1/x2/bn 1.2446631 0.0000000 2.0522153
conv5_1/x2 0.6882002 -0.8006985 0.8094380
concat_5_1 0.9332151 -1.2157003 1.8655189
conv5_2/x1/bn 1.4255049 -0.0000000 1.4255049
conv5_2/x2/bn 1.7650055 0.0000000 1.7650055
conv5_2/x2 0.6788034 -0.4821376 0.9695162
concat_5_2 0.8165632 -1.2157003 1.8655189
conv5_3/x1/bn 1.4431319 -0.0000000 1.4992722
conv5_3/x2/bn 1.4631895 0.0000000 2.0441215
conv5_3/x2 0.8300110 -1.2066991 0.8810102
concat_5_3 0.8165632 -1.2157003 1.8655189
conv5_4/x1/bn 1.4884504 -0.0000000 1.5770895
conv5_4/x2/bn 1.9218739 0.0000000 1.9521528
conv5_4/x2 0.6871135 -0.8285965 0.9158233
concat_5_4 0.8165632 -1.2157003 1.8655189
conv5_5/x1/bn 1.3947853 -0.0000000 1.5078163
conv5_5/x2/bn 1.6104595 0.0000000 1.8944949
conv5_5/x2 0.6589968 -0.4090030 0.8501978
concat_5_5 0.8165632 -1.2157003 1.8655189
conv5_6/x1/bn 1.0456159 -0.0000000 2.0902107
conv5_6/x2/bn 1.6027415 0.0000000 1.7384087
conv5_6/x2 0.7347888 -1.0204546 1.3056533
concat_5_6 0.8165632 -1.2157003 1.8655189
conv5_7/x1/bn 1.8416512 -0.0000000 1.9643896
conv5_7/x2/bn 1.4248713 0.0000000 1.4428809
conv5_7/x2 0.6758056 -0.2856764 0.6758056
concat_5_7 0.8165632 -1.2157003 1.8655189
conv5_8/x1/bn 0.9811716 -0.0000000 1.7434534
conv5_8/x2/bn 1.6782662 0.0000000 1.7549992
conv5_8/x2 0.6739753 -0.4817224 0.7928438
concat_5_8 0.8165632 -1.2157003 1.8655189
conv5_9/x1/bn 1.3435812 -0.0000000 1.6284145
conv5_9/x2/bn 2.0459893 0.0000000 2.0459893
conv5_9/x2 0.6760740 -0.1282088 1.0300498
concat_5_9 0.8165632 -1.2157003 1.8655189
conv5_10/x1/bn 1.6961949 -0.0000000 1.7972519
conv5_10/x2/bn 1.6932716 0.0000000 1.6932716
conv5_10/x2 0.6159534 -0.1529821 0.6159534
concat_5_10 0.6999114 -1.2157003 1.8655189
conv5_11/x1/bn 1.6762003 -0.0000000 1.7643760
conv5_11/x2/bn 1.9908162 0.0000000 2.0223820
conv5_11/x2 0.6247185 -0.1261345 0.6247185
concat_5_11 0.6999114 -1.2157003 1.8655189
conv5_12/x1/bn 1.3587225 -0.0000000 1.4991537
conv5_12/x2/bn 1.3173811 0.0000000 1.4535003
conv5_12/x2 0.6731730 -0.1493145 0.7351803
concat_5_12 0.6999114 -1.2157003 1.8655189
conv5_13/x1/bn 1.6641874 -0.0000000 1.7809916
conv5_13/x2/bn 1.5748522 0.0000000 1.5897243
conv5_13/x2 0.6243604 -0.1336082 0.6243604
concat_5_13 0.6999114 -1.2157003 1.8655189
conv5_14/x1/bn 1.6289568 -0.0000000 1.6760786
conv5_14/x2/bn 2.0072820 0.0000000 2.0072820
conv5_14/x2 0.6636726 -0.1480518 0.7477641
concat_5_14 0.6999114 -1.2157003 1.8655189
conv5_15/x1/bn 1.4573846 -0.0000000 1.7144223
conv5_15/x2/bn 1.5435112 0.0000000 1.5435112
conv5_15/x2 0.6109425 -0.1583096 0.6109425
concat_5_15 0.6999114 -1.2157003 1.8655189
conv5_16/x1/bn 0.8509570 -0.0000000 1.9440949
conv5_16/x2/bn 1.8737687 0.0000000 1.8737687
conv5_16/x2 0.6558690 -0.2456832 0.6813661
concat_5_16 0.6999114 -1.2157003 1.8655189
conv5_blk/bn 24.4227516 -0.0000000 82.2597656
pool5 9.4059162 0.0000000 19.8004017
fc6 29.7909279 -11.4257374 34.0301514
