# genetated time: 2023-01-06 00:48:45.078037
# histogram number: 2048
# sample number: 100
# tune number: 5
###
# op_name    threshold    min    max
input 2.6399705 -2.1173160 2.6399705
339_Relu 4.6875565 0.0000000 8.5201817
340_MaxPool 4.7949433 0.0000000 8.5201817
343_Relu 1.7329742 0.0000000 3.0127804
346_Relu 1.5919666 0.0000000 2.5459027
347_Conv 3.6931163 -3.7987592 3.9130459
349_GlobalAveragePool 1.5633088 -1.5633088 1.1405585
350_Squeeze 1.5633088 -1.5633088 1.1405585
351_Transpose 1.5633088 -1.5633088 1.1405585
352_Conv 3.6738548 -3.6738548 2.0914881
353_Transpose 3.6738548 -3.6738548 2.0914881
354_Unsqueeze 3.6738548 -3.6738548 2.0914881
355_Sigmoid 0.8900731 0.0247503 0.8900731
357_Expand_2 0.8900731 0.0247503 0.8900731
357_Expand 0.8900731 0.0247503 0.8900731
358_Mul 1.5210195 -2.9135141 2.5255976
359_Conv 2.3348241 -4.1487718 2.8117971
362_Relu 1.8535684 0.0000000 3.2224336
365_Relu 2.0222224 0.0000000 2.9672694
368_Relu 2.3825774 0.0000000 2.9309711
369_Conv 4.7621095 -4.9156795 3.6892426
371_GlobalAveragePool 1.0445490 -1.0445490 0.7964728
372_Squeeze 1.0445490 -1.0445490 0.7964728
373_Transpose 1.0445490 -1.0445490 0.7964728
374_Conv 2.7271605 -2.7271605 1.5020877
375_Transpose 2.7271605 -2.7271605 1.5020877
376_Unsqueeze 2.7271605 -2.7271605 1.5020877
377_Sigmoid 0.8178856 0.0613896 0.8178856
379_Expand_2 0.8178856 0.0613896 0.8178856
379_Expand 0.8178856 0.0613896 0.8178856
380_Mul 1.4129092 -3.2282903 2.0830598
382_Relu 1.8472013 0.0000000 3.2823102
385_Relu 1.3811620 0.0000000 2.4542003
388_Relu 1.6101891 0.0000000 2.5750446
389_Conv 2.7193342 -3.2685423 3.2958212
391_GlobalAveragePool 0.4749987 -0.4749987 0.3982048
392_Squeeze 0.4749987 -0.4749987 0.3982048
393_Transpose 0.4749987 -0.4749987 0.3982048
394_Conv 0.4859345 -0.3865591 0.4859345
395_Transpose 0.4859345 -0.3865591 0.4859345
396_Unsqueeze 0.4859345 -0.3865591 0.4859345
397_Sigmoid 0.6191483 0.4045459 0.6191483
399_Expand_2 0.6191483 0.4045459 0.6191483
399_Expand 0.6191483 0.4045459 0.6191483
400_Mul 1.2809761 -1.7632163 1.9516639
402_Relu 1.6872536 0.0000000 3.3728595
405_Relu 1.9164298 0.0000000 3.0647902
408_Relu 1.7063775 0.0000000 2.7288711
409_Conv 4.0341762 -3.8374941 4.2186251
411_GlobalAveragePool 1.2221826 -0.7666917 1.2221826
412_Squeeze 1.2221826 -0.7666917 1.2221826
413_Transpose 1.2221826 -0.7666917 1.2221826
414_Conv 4.5585232 -4.5585232 3.0549595
415_Transpose 4.5585232 -4.5585232 3.0549595
416_Unsqueeze 4.5585232 -4.5585232 3.0549595
417_Sigmoid 0.9549962 0.0103689 0.9549962
419_Expand_2 0.9549962 0.0103689 0.9549962
419_Expand 0.9549962 0.0103689 0.9549962
420_Mul 1.1919463 -2.7231183 2.2785718
421_Conv 0.8467611 -2.0834424 1.4191699
424_Relu 1.3233943 0.0000000 2.3515522
427_Relu 1.0468130 0.0000000 1.8600923
430_Relu 1.7404981 0.0000000 2.5303974
431_Conv 7.1200945 -4.6444855 7.6456137
433_GlobalAveragePool 1.1854107 -0.7646735 1.1854107
434_Squeeze 1.1854107 -0.7646735 1.1854107
435_Transpose 1.1854107 -0.7646735 1.1854107
436_Conv 4.9644585 -4.9644585 2.3559442
437_Transpose 4.9644585 -4.9644585 2.3559442
438_Unsqueeze 4.9644585 -4.9644585 2.3559442
439_Sigmoid 0.9134055 0.0069333 0.9134055
441_Expand_2 0.9134055 0.0069333 0.9134055
441_Expand 0.9134055 0.0069333 0.9134055
442_Mul 1.0176737 -3.2549658 1.9368184
444_Relu 1.2202415 0.0000000 2.7880726
447_Relu 1.6242039 0.0000000 1.6242039
450_Relu 1.4438846 0.0000000 2.0991704
451_Conv 2.8998173 -2.2908466 3.7412870
453_GlobalAveragePool 0.7877159 -0.4827266 1.2597301
454_Squeeze 0.7877159 -0.4827266 1.2597301
455_Transpose 1.1889280 -0.4827266 1.2597301
456_Conv 2.4699984 -2.4699984 1.1149900
457_Transpose 2.4699984 -2.4699984 1.1149900
458_Unsqueeze 2.4699984 -2.4699984 1.1149900
459_Sigmoid 0.7530583 0.0779883 0.7530583
461_Expand_2 0.7530583 0.0779883 0.7530583
461_Expand 0.7530583 0.0779883 0.7530583
462_Mul 1.0415760 -1.4876542 1.3643042
464_Relu 1.4099365 0.0000000 2.8544555
467_Relu 1.8151274 0.0000000 2.4189880
470_Relu 1.8442760 0.0000000 2.9494007
471_Conv 4.6838955 -4.8193893 4.8059654
473_GlobalAveragePool 1.2809966 -0.4975314 1.4632812
474_Squeeze 1.2809966 -0.4975314 1.4632812
475_Transpose 1.4177100 -0.4975314 1.4632812
476_Conv 2.1577778 -4.3134484 2.0425963
477_Transpose 2.1577778 -4.3134484 2.0425963
478_Unsqueeze 2.1577778 -4.3134484 2.0425963
479_Sigmoid 0.8466024 0.0132105 0.8851973
481_Expand_2 0.8466024 0.0132105 0.8851973
481_Expand 0.8851973 0.0132105 0.8851973
482_Mul 1.0761709 -2.8217263 1.6022849
484_Relu 1.4387982 0.0000000 2.9128869
487_Relu 1.7215294 0.0000000 3.9330029
490_Relu 1.9971380 0.0000000 4.5626583
491_Conv 4.1171652 -7.5583682 10.2903996
493_GlobalAveragePool 1.0865228 -0.8705412 1.0865228
494_Squeeze 1.0865228 -0.8705412 1.0865228
495_Transpose 1.0865228 -0.8705412 1.0865228
496_Conv 5.8449645 -5.8449645 5.0738125
497_Transpose 5.8449645 -5.8449645 5.0738125
498_Unsqueeze 5.8449645 -5.8449645 5.0738125
499_Sigmoid 0.9937804 0.0028861 0.9937804
501_Expand_2 0.9937804 0.0028861 0.9937804
501_Expand 0.9937804 0.0028861 0.9937804
502_Mul 1.0638400 -4.2532825 3.4947379
503_Conv 1.0146185 -1.1425992 1.4621078
506_Relu 1.3081938 0.0000000 4.1841760
509_Relu 1.5708647 0.0000000 2.3701336
512_Relu 1.2426103 0.0000000 1.9293990
513_Conv 2.5621069 -5.1870565 4.8090005
515_GlobalAveragePool 1.1131527 -1.1131527 0.7258673
516_Squeeze 1.1131527 -1.1131527 0.7258673
517_Transpose 1.1131527 -1.1131527 0.7258673
518_Conv 6.5040703 -6.5040703 3.4211185
519_Transpose 6.5040703 -6.5040703 3.4211185
520_Unsqueeze 6.5040703 -6.5040703 3.4211185
521_Sigmoid 0.9683580 0.0014951 0.9683580
523_Expand_2 0.9683580 0.0014951 0.9683580
523_Expand 0.9683580 0.0014951 0.9683580
524_Mul 1.0958937 -1.3954871 3.5413914
526_Relu 1.4054213 0.0000000 4.4951520
529_Relu 1.8090528 0.0000000 2.6300647
532_Relu 1.2351509 0.0000000 2.1947517
533_Conv 4.1498901 -4.5321445 4.3724332
535_GlobalAveragePool 0.7488950 -0.6246038 0.7488950
536_Squeeze 0.7488950 -0.6246038 0.7488950
537_Transpose 0.7488950 -0.6246038 0.7488950
538_Conv 3.0228293 -3.0228293 2.0899193
539_Transpose 3.0228293 -3.0228293 2.0899193
540_Unsqueeze 3.0228293 -3.0228293 2.0899193
541_Sigmoid 0.8899195 0.0464051 0.8899195
543_Expand_2 0.8899195 0.0464051 0.8899195
543_Expand 0.8899195 0.0464051 0.8899195
544_Mul 1.1401172 -2.4314425 1.7463347
546_Relu 1.3522966 0.0000000 4.3252363
549_Relu 1.3619018 0.0000000 2.5929527
552_Relu 1.9151973 0.0000000 3.0628192
553_Conv 6.3236580 -7.0394173 7.4942989
555_GlobalAveragePool 0.7508432 -0.8967881 1.0006354
556_Squeeze 0.7508432 -0.8967881 1.0006354
557_Transpose 0.9132081 -0.8967881 1.0006354
558_Conv 5.5118179 -5.5010324 5.5118179
559_Transpose 5.5118179 -5.5010324 5.5118179
560_Unsqueeze 5.5118179 -5.5010324 5.5118179
561_Sigmoid 0.9959775 0.0040660 0.9959775
563_Expand_2 0.9959775 0.0040660 0.9959775
563_Expand 0.9959775 0.0040660 0.9959775
564_Mul 1.1088674 -6.5688076 2.5274622
566_Relu 1.5771971 0.0000000 4.2038050
569_Relu 2.6066322 0.0000000 2.6066322
572_Relu 2.3301592 0.0000000 2.4842896
573_Conv 4.4775410 -4.2020025 4.4775410
575_GlobalAveragePool 0.7981748 -0.6316152 0.7981748
576_Squeeze 0.7981748 -0.6316152 0.7981748
577_Transpose 0.7981748 -0.6316152 0.7981748
578_Conv 5.5738840 -5.5738840 4.7413311
579_Transpose 5.5738840 -5.5738840 4.7413311
580_Unsqueeze 5.5738840 -5.5738840 4.7413311
581_Sigmoid 0.9913484 0.0037814 0.9913484
583_Expand_2 0.9913484 0.0037814 0.9913484
583_Expand 0.9913484 0.0037814 0.9913484
584_Mul 1.2020916 -1.5771906 2.7470627
586_Relu 1.5387497 0.0000000 4.1013288
589_Relu 2.4161456 0.0000000 3.5126777
592_Relu 1.8033919 0.0000000 2.4033487
593_Conv 3.4674258 -3.7211127 5.0198526
595_GlobalAveragePool 0.7509244 -0.7509244 0.6239486
596_Squeeze 0.7509244 -0.7509244 0.6239486
597_Transpose 0.7509244 -0.7509244 0.6239486
598_Conv 6.5027795 -6.5027795 3.7040095
599_Transpose 6.5027795 -6.5027795 3.7040095
600_Unsqueeze 6.5027795 -6.5027795 3.7040095
601_Sigmoid 0.9759672 0.0014970 0.9759672
603_Expand_2 0.9759672 0.0014970 0.9759672
603_Expand 0.9759672 0.0014970 0.9759672
604_Mul 1.1631121 -1.5171831 3.2076666
606_Relu 1.5173483 0.0000000 4.0442867
609_Relu 1.4502907 0.0000000 2.8991652
612_Relu 2.0750062 0.0000000 2.2122593
613_Conv 4.1871099 -5.2819042 9.5658646
615_GlobalAveragePool 1.5384545 -0.8666109 2.0502710
616_Squeeze 1.5384545 -0.8666109 2.0502710
617_Transpose 1.9990893 -0.8666109 2.0502710
618_Conv 12.5198631 -12.5198631 8.2225285
619_Transpose 12.5198631 -12.5198631 8.2225285
620_Unsqueeze 12.5198631 -12.5198631 8.2225285
621_Sigmoid 0.9997315 0.0000037 0.9997315
623_Expand_2 0.9997315 0.0000037 0.9997315
623_Expand 0.9997315 0.0000037 0.9997315
624_Mul 2.7288196 -4.6630664 8.7279587
625_Conv 2.4973180 -3.2320218 7.9875154
628_Relu 4.1253648 0.0000000 9.4248009
631_Relu 2.0677156 0.0000000 3.6741443
634_Relu 1.2984869 0.0000000 3.4609413
635_Conv 5.4724159 -6.6343727 17.5031796
637_GlobalAveragePool 2.7459562 -1.6301332 3.1367033
638_Squeeze 2.7459562 -1.6301332 3.1367033
639_Transpose 2.7459562 -1.6301332 3.1367033
640_Conv 19.8792267 -10.8903227 19.8792267
641_Transpose 19.8792267 -10.8903227 19.8792267
642_Unsqueeze 19.8792267 -10.8903227 19.8792267
643_Sigmoid 1.0000000 0.0000186 1.0000000
645_Expand_2 1.0000000 0.0000186 1.0000000
645_Expand 1.0000000 0.0000186 1.0000000
646_Mul 4.3779325 -3.3531606 17.5031796
648_Relu 7.4774704 0.0000000 23.9162216
651_Relu 1.8835256 0.0000000 5.0202827
654_Relu 1.4610327 0.0000000 1.9470925
655_Conv 7.0145283 -6.4202652 16.0253773
657_GlobalAveragePool 3.4083496 -2.2065423 7.3167548
658_Squeeze 3.4083496 -2.2065423 7.3167548
659_Transpose 3.4083496 -2.2065423 7.3167548
660_Conv 32.6257896 -20.0580864 37.2684097
661_Transpose 32.6257896 -20.0580864 37.2684097
662_Unsqueeze 32.6257896 -20.0580864 37.2684097
663_Sigmoid 1.0000000 0.0000000 1.0000000
665_Expand_2 1.0000000 0.0000000 1.0000000
665_Expand 1.0000000 0.0000000 1.0000000
666_Mul 5.8108630 -3.6658010 16.0253773
668_Relu 10.6117821 0.0000000 28.2842674
669_GlobalAveragePool 8.6760483 0.0000000 8.6760483
677_Reshape 8.6760483 0.0000000 8.6760483
output_Gemm 25.9360313 -7.3919401 25.9360313
