# genetated time: 2022-12-15 16:33:55.807370
# histogram number: 2048
# sample number: 100
# tune number: 5
###
# op_name    threshold    min    max
input 2.6399705 -2.1173160 2.6399705
361_Conv 53.8856857 -69.8161774 74.9627914
364_Mul 71.6852291 -0.2784646 74.9627914
365_Conv 44.4441849 -74.4154968 80.7824936
368_Mul 80.7824936 -0.2784646 80.7824936
369_GlobalAveragePool 9.7671680 -0.2580864 9.7671680
370_Conv 8.4158249 -8.4158249 -1.5751256
372_Mul 0.2701134 -0.2701134 -0.0018623
373_Conv 1.2237961 -1.2237961 0.5764117
374_Sigmoid 0.6402413 0.2272691 0.6402413
375_Mul 12.2961726 -0.1768747 19.6681118
376_Conv 58.6410141 -78.1498413 63.1885948
378_Conv 60.7029848 -109.7258224 89.5699005
381_Mul 39.2059746 -0.2784646 89.5699005
382_Conv 84.3420181 -100.8700333 103.7548752
385_Mul 103.7548752 -0.2784646 103.7548752
386_GlobalAveragePool 15.5313358 -0.2064712 15.5313358
387_Conv 8.1432190 -8.1432190 -1.5100505
389_Mul 0.2732154 -0.2732154 -0.0023665
390_Conv 1.2006336 -0.5834704 1.2006336
391_Sigmoid 0.7686375 0.3581345 0.7686375
392_Mul 25.7905788 -0.2137213 41.2528343
393_Conv 57.9770813 -71.3215637 56.5229721
395_Conv 25.4343910 -35.9078751 45.1946144
398_Mul 19.7823029 -0.2784646 45.1946144
399_Conv 30.4311333 -63.6578140 81.1100616
402_Mul 77.5617441 -0.2784646 81.1100616
403_GlobalAveragePool 3.9571798 -0.2510484 3.9571798
404_Conv 6.2693758 -3.1808114 6.2693758
406_Mul 6.2575278 -0.2781787 6.2575278
407_Conv 5.4172297 -3.9521220 5.4172297
408_Sigmoid 0.9955801 0.0188517 0.9955801
409_Mul 15.0223891 -0.2766178 21.7497120
410_Conv 50.1106930 -49.8669853 74.5604858
412_Add 49.7087631 -65.3727036 72.2683563
413_Conv 21.8937569 -40.2432938 43.7661324
416_Mul 19.1570377 -0.2784646 43.7661324
417_Conv 28.7694225 -76.6809998 30.7808113
420_Mul 30.7808113 -0.2784646 30.7808113
421_GlobalAveragePool 9.8898249 -0.2158193 9.8898249
422_Conv 5.5975113 -5.5975113 -1.3308778
424_Mul 0.2781724 -0.2781724 -0.0206738
425_Conv 0.7940848 -0.5576121 0.7940848
426_Sigmoid 0.6887078 0.3641001 0.6887078
427_Mul 9.0571508 -0.1910937 11.9247389
428_Conv 45.6040611 -45.6040611 44.3175697
430_Conv 14.6200771 -21.2806931 29.2258778
433_Mul 9.1375484 -0.2784646 29.2258778
434_Conv 23.6512375 -35.9343338 42.0261154
437_Mul 30.0762861 -0.2784646 42.0261154
438_GlobalAveragePool 3.7383852 -0.2636698 3.7383852
439_Conv 5.0034409 -3.2470036 5.0034409
441_Mul 4.9700680 -0.2784475 4.9700680
442_Conv 6.8676682 -6.8676682 2.9770021
443_Sigmoid 0.9515243 0.0010398 0.9515243
444_Mul 4.8048420 -0.2522129 9.9173298
445_Conv 31.4581851 -37.3496513 42.8200302
447_Add 47.5393562 -51.2235374 54.3041649
448_Conv 12.2268190 -14.7663002 21.7259521
451_Mul 16.0264722 -0.2784646 21.7259521
452_Conv 16.8511467 -29.9429684 20.4850826
455_Mul 16.2634743 -0.2784646 20.4850826
456_GlobalAveragePool 7.1931434 -0.2633310 7.1931434
457_Conv 6.2858171 -6.2858171 -1.2341187
459_Mul 0.2782461 -0.2782461 -0.0116858
460_Conv 0.6534331 -0.6174261 0.6534331
461_Sigmoid 0.6577837 0.3503671 0.6577837
462_Mul 7.2560438 -0.1812419 9.8767309
463_Conv 34.9887962 -32.3409195 34.9887962
465_Conv 12.6876507 -20.6358128 28.9861851
468_Mul 6.6149958 -0.2784646 28.9861851
469_Conv 17.7469845 -23.4503918 31.5347900
472_Mul 30.3524279 -0.2784646 31.5347900
473_GlobalAveragePool 4.7221169 -0.2750689 4.7221169
474_Conv 5.8230004 -2.3773210 5.8230004
476_Mul 5.8058228 -0.2784341 5.8058228
477_Conv 6.2233624 -6.2233624 4.4431987
478_Sigmoid 0.9883785 0.0019786 0.9883785
479_Mul 3.7915245 -0.2621427 7.5808268
480_Conv 21.6387100 -21.6387100 17.0195351
482_Add 33.7278557 -32.9865875 33.7278557
483_Conv 10.4873280 -12.1766233 15.6042604
486_Mul 14.8743572 -0.2784646 15.6042585
487_Conv 21.3636898 -22.6114311 48.8128967
490_Mul 30.5086566 -0.2784646 48.8128967
491_GlobalAveragePool 6.9028172 -0.2762491 7.4624066
492_Conv 6.6559324 -1.4920032 6.6559324
494_Mul 6.6473813 -0.2753530 6.6473813
495_Conv 5.9564533 -5.9564533 3.3336084
496_Sigmoid 0.9655640 0.0025824 0.9655640
497_Mul 3.8015597 -0.2503840 10.4840593
498_Conv 17.2169075 -17.1438007 17.2169075
500_Add 34.5322990 -34.5322990 33.8178596
501_Conv 12.2258081 -19.5517406 16.1803627
504_Mul 16.1803608 -0.2784646 16.1803608
505_Conv 12.4026709 -28.3351212 24.0788040
508_Mul 22.4237538 -0.2784646 24.0788040
509_GlobalAveragePool 2.1939743 -0.2737866 2.1939743
510_Conv 3.5390553 -3.0184832 3.5390553
512_Mul 3.4391792 -0.2784292 3.4391792
513_Conv 2.9279368 -2.9279368 2.2633839
514_Sigmoid 0.9057988 0.0507897 0.9057988
515_Mul 3.7388261 -0.2411087 10.7740927
516_Conv 39.6555061 -41.1651573 48.7829475
518_Conv 9.8047581 -14.3425941 15.6799526
521_Mul 15.6799507 -0.2784646 15.6799507
522_Conv 45.3504429 -28.4724998 72.5536194
525_Mul 60.7649855 -0.2784646 72.5536194
526_GlobalAveragePool 6.4598074 -0.2715191 6.6041832
527_Conv 9.2616777 -5.8983688 9.2616777
529_Mul 9.2607975 -0.2784632 9.2607975
530_Conv 7.7924976 -7.7924976 4.0324030
531_Sigmoid 0.9825773 0.0004127 0.9825773
532_Mul 5.8864116 -0.2735611 19.6181774
533_Conv 26.0460896 -20.4864845 33.5999146
535_Add 35.5452467 -39.3437653 55.1910477
536_Conv 9.5321655 -12.6861639 12.7033482
539_Mul 11.1161711 -0.2784646 12.7033091
540_Conv 34.5164376 -41.8469048 58.1212921
543_Mul 30.8778237 -0.2784646 58.1212921
544_GlobalAveragePool 5.4857531 -0.2744302 5.4857531
545_Conv 8.8007965 -2.9751346 8.8007965
547_Mul 8.3874400 -0.2784617 8.7994719
548_Conv 5.8361082 -5.8361082 2.3243623
549_Sigmoid 0.9108747 0.0029117 0.9108747
550_Mul 4.7419484 -0.2536463 15.3236532
551_Conv 30.0048627 -20.5911274 30.5777283
553_Add 44.8915825 -40.3909645 55.2242012
554_Conv 12.7550993 -18.8833179 29.1402760
557_Mul 29.1402760 -0.2784646 29.1402760
558_Conv 13.5408226 -21.5580425 27.4137707
561_Mul 27.4137707 -0.2784646 27.4137707
562_GlobalAveragePool 5.1471066 -0.2709652 5.1471066
563_Conv 8.0987787 -8.0987787 2.7195370
565_Mul 2.3760184 -0.2784526 2.5513873
566_Conv 0.7221014 -0.9376423 1.6497116
567_Sigmoid 0.8388520 0.2813768 0.8388520
568_Mul 9.6198521 -0.1879019 13.9856796
569_Conv 38.5362587 -38.5362587 36.5165138
571_Conv 9.4313469 -12.3776855 12.5689898
574_Mul 10.9985951 -0.2784646 12.5689459
575_Conv 17.2708054 -32.1755180 69.0494919
578_Mul 59.3397233 -0.2784646 69.0494919
579_GlobalAveragePool 13.0898064 -0.2768784 18.0533848
580_Conv 16.1392841 -7.0704894 16.1392841
582_Mul 15.9378369 -0.2784644 16.1392822
583_Conv 8.3671274 -8.3671274 5.5628767
584_Sigmoid 0.9961770 0.0002323 0.9961770
585_Mul 4.6347177 -0.2773989 42.3633270
586_Conv 22.1642924 -38.3276100 27.7450752
588_Add 43.4465294 -43.4465294 38.7863274
589_Conv 12.3213415 -14.3844852 15.1573238
592_Mul 15.1573200 -0.2784646 15.1573200
593_Conv 24.1302052 -26.1921329 64.3157959
596_Mul 61.5021762 -0.2784646 64.3157959
597_GlobalAveragePool 10.5829361 -0.2772371 11.7994881
598_Conv 11.7958078 -7.2967057 11.7958078
600_Mul 11.7957191 -0.2784642 11.7957191
601_Conv 11.8938770 -11.8938770 5.6023340
602_Sigmoid 0.9963243 0.0000068 0.9963243
603_Mul 55.6906548 -0.2758116 55.6906548
604_Conv 28.6490448 -28.7381935 25.7550182
606_Add 45.5406075 -44.6063690 52.0209961
607_Conv 10.9858685 -14.1288223 17.5688057
610_Mul 16.1415012 -0.2784646 17.5688057
611_Conv 20.8064079 -52.8851814 83.1849976
614_Mul 83.1849976 -0.2784646 83.1849976
615_GlobalAveragePool 19.4728912 -0.2770049 20.3637428
616_Conv 14.5459795 -5.7808352 14.5459795
618_Mul 13.7280727 -0.2784646 14.5459728
619_Conv 9.9175854 -9.9175854 5.5408373
620_Sigmoid 0.9960920 0.0000493 0.9960920
621_Mul 44.8137474 -0.2756681 44.8137474
622_Conv 30.3521048 -36.5109940 32.2098541
624_Add 58.3404388 -58.3404388 56.7056999
625_Conv 9.1961479 -13.6944809 18.3833160
628_Mul 16.3155297 -0.2784646 18.3833160
629_Conv 19.9054585 -17.5516415 63.6663666
632_Mul 30.2438567 -0.2784646 63.6663666
633_GlobalAveragePool 11.2661685 -0.2769763 14.8968716
634_Conv 12.7453966 -7.3009176 12.7453966
636_Mul 12.7453604 -0.2784645 12.7453604
637_Conv 12.3185053 -10.6047573 12.3185053
638_Sigmoid 0.9999956 0.0000248 0.9999956
639_Mul 7.5589809 -0.2784201 37.2086906
640_Conv 27.3092117 -31.1952877 25.9847889
642_Conv 25.9577045 -46.1244965 29.8856049
645_Mul 29.8856049 -0.2784646 29.8856049
646_GlobalAveragePool 3.8210297 -0.2691836 4.1444683
648_Squeeze 4.0150929 -0.2691836 4.1444683
output_Gemm 14.3660564 -5.1460814 14.3660564
