# genetated time: 2023-03-27 16:10:23.344917
# histogram number: 2048
# sample number: 100
# tune number: 5
###
# op_name    threshold    min    max
x.1 2.6399705 -2.1173160 2.6399705
838_Conv 68.9538193 -88.5695496 91.8935318
841_Mul 40.2230606 -0.2784646 91.8935318
895_Conv 59.2251861 -142.5130615 197.3851471
898_Mul 33.3201935 -0.2784646 197.3851471
899_GlobalAveragePool 15.5051199 -0.2753915 22.0417252
953_Conv 9.4179049 -9.4179049 -1.2134273
955_Mul 0.2784640 -0.2784640 -0.0007652
1009_Conv 2.9467800 -2.9467800 1.2611700
1010_Sigmoid 0.7792274 0.0498889 0.7792274
1011_Mul 10.7871208 -0.2169872 19.1677399
1065_Conv 76.9023972 -122.9837570 103.4981232
1120_Conv 57.2152813 -134.0266724 157.7900696
1123_Mul 49.3334885 -0.2784646 157.7900696
1177_Conv 91.1280823 -242.8895721 186.9674530
1180_Mul 60.7849735 -0.2784646 186.9674530
1181_GlobalAveragePool 15.2099018 -0.1935409 15.2099018
1235_Conv 7.3726816 -7.3726816 -0.5831146
1237_Mul 0.2784334 -0.2784334 -0.0046285
1291_Conv 1.5007918 -1.0612733 1.5007918
1292_Sigmoid 0.8176925 0.2570662 0.8176925
1293_Mul 23.6031533 -0.2267983 58.9934731
1347_Conv 65.3316345 -87.0663071 80.1609497
1402_Conv 48.0962163 -42.7713776 77.3302078
1405_Mul 19.3419971 -0.2784646 77.3302078
1459_Conv 31.0196329 -89.3885956 88.0926056
1462_Mul 17.8960969 -0.2784646 88.0926056
1463_GlobalAveragePool 7.8015990 -0.2784874 7.8015990
1517_Conv 8.7392530 -3.8496892 8.7392530
1519_Mul 8.7378531 -0.2783947 8.7378531
1573_Conv 2.8761494 -6.5708456 2.2050879
1574_Sigmoid 0.9007055 0.0013987 0.9007055
1575_Mul 8.4409130 -0.2502036 19.2894764
1629_Conv 58.1393585 -88.3835449 103.3083878
1631_Add 71.1425858 -103.4295959 98.0283661
1685_Conv 21.2133141 -42.4059105 36.6086311
1688_Mul 13.7349434 -0.2784646 36.6086311
1742_Conv 30.1435738 -40.1718063 35.2666168
1745_Mul 16.5367178 -0.2784646 35.2666168
1746_GlobalAveragePool 9.1800208 -0.1523426 9.4739113
1800_Conv 3.7030981 -3.7030981 -1.3909369
1802_Mul 0.2771556 -0.2771556 -0.0890750
1856_Conv 1.3354771 -1.3354771 1.3071710
1857_Sigmoid 0.7870394 0.2082548 0.7870394
1858_Mul 7.5542665 -0.2191188 15.2938223
1912_Conv 50.2808342 -61.8538895 53.2930183
1967_Conv 17.3057899 -21.0772915 30.7508278
1970_Mul 9.6143284 -0.2784646 30.7508278
2024_Conv 25.4375896 -50.8503380 43.4443817
2027_Mul 11.1348779 -0.2784646 43.4443817
2028_GlobalAveragePool 3.3353343 -0.2661980 4.7631011
2082_Conv 4.1585221 -0.3961069 4.1585221
2084_Mul 4.0945225 -0.1593332 4.0945225
2138_Conv 2.6968634 -2.6968634 1.0890568
2139_Sigmoid 0.7482041 0.0631587 0.7482041
2140_Mul 5.2090672 -0.2083158 14.3657265
2194_Conv 41.5063782 -50.1690407 60.3434334
2249_Add 54.2273178 -78.8375854 64.8731613
2250_Conv 15.2774763 -18.8110332 40.7200432
2253_Mul 7.6387382 -0.2784646 40.7200432
2307_Conv 17.2507591 -24.9043026 27.5877380
2310_Mul 22.8511918 -0.2784646 27.5877380
2311_GlobalAveragePool 7.1967764 -0.2267430 7.1967764
2365_Conv 3.0704031 -3.0704031 -2.6042650
2367_Mul 0.1793412 -0.1793412 -0.1361562
2421_Conv 0.9526696 -0.6701629 0.9526696
2422_Sigmoid 0.7216517 0.3384604 0.7216517
2423_Mul 5.8736476 -0.2009480 13.4204226
2477_Conv 42.9814262 -55.9275131 62.4879150
2532_Conv 12.9140987 -19.3355331 20.6524677
2535_Mul 7.7484589 -0.2784646 20.6524677
2589_Conv 23.5703476 -41.8236847 53.8547859
2592_Mul 16.6655171 -0.2784646 53.8547859
2593_GlobalAveragePool 4.5456161 -0.2768696 10.3849058
2647_Conv 10.5505009 -1.1093802 10.5505009
2649_Mul 10.5502243 -0.2751113 10.5502243
2703_Conv 5.3018632 -5.3018632 2.0634046
2704_Sigmoid 0.8872951 0.0049576 0.8872951
2705_Mul 3.5880095 -0.2470802 9.8951235
2759_Conv 34.3676166 -40.5770798 27.4030476
2761_Add 39.2216263 -56.5341187 62.7239571
2815_Conv 11.4948797 -18.3828278 14.3339691
2818_Mul 6.2741714 -0.2784646 14.3339605
2872_Conv 27.4760319 -26.0673485 58.5960693
2875_Mul 22.8902525 -0.2784646 58.5960693
2876_GlobalAveragePool 8.3000393 -0.2740377 8.3000393
2930_Conv 12.1426363 -0.5536782 12.1426363
2932_Mul 12.1425714 -0.2020989 12.1425714
2986_Conv 6.8568788 -6.8568788 1.9767095
2987_Sigmoid 0.8783299 0.0010511 0.8783299
2988_Mul 3.8428742 -0.2445823 9.6048393
3042_Conv 30.2431889 -30.2431889 25.5639267
3044_Add 44.7208862 -52.1985016 65.0167999
3098_Conv 13.3295462 -23.6425266 28.6147346
3101_Mul 12.5250626 -0.2784646 28.6147346
3155_Conv 27.0174786 -17.8554287 64.9841690
3158_Mul 22.3412843 -0.2784646 64.9841690
3159_GlobalAveragePool 9.3025915 -0.2686930 12.1945524
3213_Conv 5.9076862 -6.7260165 7.8730688
3215_Mul 7.8700714 -0.2784645 7.8700714
3269_Conv 4.8617582 -4.8617582 1.8876606
3270_Sigmoid 0.8684886 0.0076775 0.8684886
3271_Mul 5.3897349 -0.2418396 10.3877106
3325_Conv 32.8163872 -39.7933731 47.7096176
3380_Conv 11.2294455 -17.5939560 19.9537106
3383_Mul 6.9243372 -0.2784646 19.9537106
3437_Conv 29.0158168 -35.8235588 76.0796432
3440_Mul 22.5878861 -0.2784646 76.0796432
3441_GlobalAveragePool 5.7479528 -0.2750666 12.7697630
3495_Conv 11.1193657 -5.0165825 11.1193657
3497_Mul 10.1495987 -0.2784623 11.1192017
3551_Conv 7.8016243 -7.8016243 2.9504352
3552_Sigmoid 0.9502841 0.0004089 0.9502841
3553_Mul 6.5135198 -0.2646203 21.0485039
3607_Conv 26.8043137 -32.5001869 48.7199707
3609_Add 33.9709358 -43.7179604 60.3632851
3663_Conv 10.4911957 -15.1301498 18.6419067
3666_Mul 5.3617113 -0.2784646 18.6419067
3720_Conv 26.7547766 -52.7009048 99.5221252
3723_Mul 15.5530671 -0.2784646 99.5221252
3724_GlobalAveragePool 4.7001371 -0.2717398 25.0551586
3778_Conv 17.2353935 -5.0398674 17.2353935
3780_Mul 17.2353935 -0.2782405 17.2353935
3834_Conv 5.3526154 -5.3526154 3.8927891
3835_Sigmoid 0.9800190 0.0047134 0.9800190
3836_Mul 5.9359618 -0.2729005 29.2194633
3890_Conv 26.2909175 -51.9278069 53.2266922
3945_Add 42.7945404 -61.8538780 85.5472870
3946_Conv 12.1403816 -14.6051550 18.6711960
3949_Mul 6.7702467 -0.2784646 18.6711960
4003_Conv 15.6576462 -19.6221390 35.7714310
4006_Mul 16.7734281 -0.2784646 35.7714310
4007_GlobalAveragePool 3.8869338 -0.2537304 3.8869338
4061_Conv 3.4749153 -3.4749153 2.0172369
4063_Mul 1.7804031 -0.2141416 1.7804031
4117_Conv 0.8545301 -0.8545301 0.7538514
4118_Sigmoid 0.6800173 0.2984834 0.6800173
4119_Mul 7.6661827 -0.1881671 19.1607761
4173_Conv 26.0498734 -37.8722229 35.1318359
4228_Conv 9.2036982 -14.0341816 21.0267525
4231_Mul 6.8360056 -0.2784646 21.0267525
4285_Conv 25.5757658 -25.7824707 58.4368706
4288_Mul 22.8280624 -0.2784646 58.4368706
4289_GlobalAveragePool 6.7214134 -0.2754261 15.3600149
4343_Conv 16.0171852 -4.3746576 16.0171852
4345_Mul 16.0171833 -0.2784493 16.0171833
4399_Conv 9.1939087 -9.1939087 7.7453275
4400_Sigmoid 0.9995674 0.0001016 0.9995674
4401_Mul 5.0942197 -0.2783418 23.9666004
4455_Conv 19.4711376 -32.1042442 26.7044296
4457_Add 26.0751343 -46.3331566 39.5587769
4511_Conv 10.1531677 -16.2371349 15.9766521
4514_Mul 6.8905646 -0.2784646 15.9766502
4568_Conv 31.3100021 -27.6950169 78.2558899
4571_Mul 30.5702601 -0.2784646 78.2558899
4572_GlobalAveragePool 5.3567658 -0.2744009 10.4506073
4626_Conv 8.7308636 -2.8604755 8.7308636
4628_Mul 8.7294531 -0.2784411 8.7294531
4682_Conv 6.3089733 -6.3089733 2.6962881
4683_Sigmoid 0.9368073 0.0018166 0.9368073
4684_Mul 8.4344692 -0.2543170 33.7345810
4738_Conv 21.7194810 -36.8138046 46.6255341
4740_Add 31.7961750 -63.5612984 42.3142281
4794_Conv 11.1566067 -15.4637356 17.8418541
4797_Mul 6.9707000 -0.2784646 17.8418541
4851_Conv 41.8415344 -38.6284904 119.5222168
4854_Mul 29.8834736 -0.2784646 119.5222168
4855_GlobalAveragePool 9.1544026 -0.2748928 20.3375969
4909_Conv 20.8604984 -8.1127224 20.8604984
4911_Mul 20.8604984 -0.2784634 20.8604984
4965_Conv 13.8952036 -13.8952036 8.9702854
4966_Sigmoid 0.9998729 0.0000009 0.9998729
4967_Mul 8.1569105 -0.2783938 32.6244545
5021_Conv 25.0548776 -47.7024918 32.6607437
5023_Add 38.1494217 -67.7880783 47.0518341
5077_Conv 11.7316401 -22.4719658 19.7844200
5080_Mul 6.9259968 -0.2784646 19.7844200
5134_Conv 35.1373353 -44.3714676 102.2040863
5137_Mul 15.9721969 -0.2784646 102.2040863
5138_GlobalAveragePool 4.6050952 -0.2762447 17.1299839
5192_Conv 11.5911503 -4.5963078 11.5911503
5194_Mul 11.5910425 -0.2784644 11.5910425
5248_Conv 8.0989733 -8.0989733 6.3291230
5249_Sigmoid 0.9982195 0.0003038 0.9982195
5250_Mul 12.3213009 -0.2779197 31.5409279
5305_Conv 22.7925892 -43.8800507 45.5629196
