# genetated time: 2022-12-28 19:49:00.026775
# histogram number: 2048
# sample number: 100
# tune number: 5
###
# op_name    threshold    min    max
data 255.0000000 3.0000000 255.0000000
conv0_1 296.3666916 -512.4921875 388.3530273
pool0_1 255.0000000 5.0000000 255.0000000
concat0_1 320.4641113 -512.4921875 388.3530273
bn0_1 6.8913050 -13.7758799 10.7125454
prelu0_1 7.6665087 -3.6639800 10.7125454
conv1_0_0 4.0569639 -10.8132887 3.1631253
prelu1_0_0 1.8984932 -2.1920233 3.1631253
conv1_0_1 2.6366725 -3.8268502 3.8332875
prelu1_0_1 2.3245041 -0.6872053 3.8332875
conv1_0_2 7.1229582 -7.9417715 6.1559801
pool1_0_4 7.0309257 -1.9060216 10.7125454
pool1_0_4_mask 131071.0000000 0.0000000 131071.0000000
conv1_0_4 7.3258034 -18.3100357 9.2599516
eltwise1_0_4 5.8795824 -18.8054752 11.2019110
prelu1_0_4 5.3213181 -0.5777694 11.2019110
conv1_1_0 2.4626198 -3.3194120 4.0603967
prelu1_1_0 2.4110465 -0.3441784 4.0603967
conv1_1_1 2.0896900 -2.8924589 3.0380650
prelu1_1_1 1.9939620 -0.2027072 3.0380650
conv1_1_2 3.2957239 -2.7595046 3.2957239
eltwise1_1_4 4.7013900 -2.7553484 10.0263014
prelu1_1_4 4.7628605 -0.0389902 10.0263014
conv1_2_0 1.7568036 -2.7566407 3.1931956
prelu1_2_0 1.6366883 -0.1425224 3.1931956
conv1_2_1 2.4957297 -3.4272134 4.1156521
prelu1_2_1 2.6752744 -0.0751505 4.1156521
conv1_2_2 4.5791664 -10.6167784 4.0928869
eltwise1_2_4 4.3047654 -9.8357573 9.0003853
prelu1_2_4 4.2755127 -0.1360630 9.0003853
conv1_3_0 1.5412674 -2.1068537 2.6362853
prelu1_3_0 1.4584569 -0.0205697 2.6362853
conv1_3_1 2.0118047 -2.0098789 3.6566899
prelu1_3_1 1.8742545 -0.0467795 3.6566899
conv1_3_2 3.7787932 -4.2603745 4.3968678
eltwise1_3_4 3.8748744 -4.2996669 7.8447909
prelu1_3_4 4.0208865 -0.1049576 7.8447909
conv1_4_0 1.4154271 -2.0934086 2.5150862
prelu1_4_0 1.2891813 -0.0272900 2.5150862
conv1_4_1 1.3239127 -1.6425725 1.9247509
prelu1_4_1 1.0829192 -0.1339359 1.9247509
conv1_4_2 3.4275602 -3.1242714 4.7272711
eltwise1_4_4 3.7182875 -3.1544256 7.5277762
prelu1_4_4 4.1641804 -0.0632716 7.5277762
conv2_0_0 1.2812208 -2.0489523 1.7946955
prelu2_0_0 0.9928690 -0.0844237 1.7946955
conv2_0_1 1.1933351 -1.7349125 1.6604038
prelu2_0_1 0.8823177 -0.0895785 1.6604038
conv2_0_2 3.7896601 -3.4758554 5.4867449
pool2_0_4 4.1408285 -0.0504511 7.5277762
pool2_0_4_mask 32767.0000000 0.0000000 32767.0000000
conv2_0_4 4.0026224 -6.1974287 10.4948997
eltwise2_0_4 5.4273510 -5.9305248 10.8494015
prelu2_0_4 5.1538632 -0.1255596 10.8494015
conv2_1_0 1.3001247 -1.4750016 2.9710915
prelu2_1_0 1.1514250 -0.0576958 2.9710915
conv2_1_1 0.9045797 -1.8082761 1.6843992
prelu2_1_1 0.7581854 -0.0397560 1.6843992
conv2_1_2 4.4519070 -3.4127836 4.8455648
eltwise2_1_4 4.9677719 -3.1084013 11.0364981
prelu2_1_4 5.6568118 -0.0145101 11.0364981
conv2_2_0 1.1879231 -1.4095986 2.3175397
prelu2_2_0 0.9995876 -0.0254654 2.3175397
conv2_2_1 1.4299760 -1.8216553 1.9057035
prelu2_2_1 0.7268113 -0.1289515 1.9057035
conv2_2_2 4.4468675 -3.0607538 5.0639691
eltwise2_2_4 4.8705768 -2.9456859 11.1285524
prelu2_2_4 5.2519484 -0.0140736 11.1285524
conv2_3_0 1.1369178 -1.9455956 2.9099977
prelu2_3_0 0.8639722 -0.0451460 2.9099977
conv2_3_1_a 0.2363252 -0.4784469 0.4173436
conv2_3_1 1.0465634 -1.9596967 3.0441425
prelu2_3_1 0.9133915 -0.0388114 3.0441425
conv2_3_2 4.3997412 -3.9580157 4.3997412
eltwise2_3_4 4.8943950 -3.9379241 11.1829748
prelu2_3_4 5.2776320 -0.0138254 11.1829748
conv2_4_0 1.0284575 -1.4837037 2.1227653
prelu2_4_0 0.9289043 -0.1167998 2.1227653
conv2_4_1 1.1004386 -1.2455500 2.1998026
prelu2_4_1 0.7151776 -0.0968795 2.1998026
conv2_4_2 4.3568220 -3.9701071 4.3568220
eltwise2_4_4 5.0443563 -3.9687171 11.2066393
prelu2_4_4 5.2888003 -0.0238384 11.2066393
conv2_5_0 1.2703886 -1.8934032 2.1391728
prelu2_5_0 0.9359273 -0.0000000 2.1391728
conv2_5_1 1.6132048 -2.7414575 4.6923342
prelu2_5_1 1.6130901 -0.0232592 4.6923342
conv2_5_2 4.9204484 -12.5957079 5.4552412
eltwise2_5_4 5.3009992 -11.3520470 11.3797340
prelu2_5_4 5.3704895 -0.0791201 11.3797340
conv2_6_0 1.5030751 -1.6383660 2.2901337
prelu2_6_0 1.2668456 -0.0853952 2.2901337
conv2_6_1 1.1768475 -1.5653677 1.7109423
prelu2_6_1 0.6953681 0.0000000 1.7109423
conv2_6_2 3.5600593 -2.9519787 3.5600593
eltwise2_6_4 6.4142833 -2.6259196 11.3976030
prelu2_6_4 5.3789224 -0.0135100 11.3976030
conv2_7_0 0.9971066 -2.6576524 2.3008940
prelu2_7_0 0.7909815 -0.0258866 2.3008940
conv2_7_1_a 0.1946165 -0.6766537 0.4017774
conv2_7_1 0.8921095 -2.0757082 2.3019640
prelu2_7_1 0.7913493 -0.0315362 2.3019640
conv2_7_2 3.8298676 -3.4477701 3.8298676
eltwise2_7_4 5.2764736 -3.4243188 11.2527390
prelu2_7_4 5.3105561 -0.0168281 11.2527390
conv2_8_0 0.9475081 -1.8944608 1.7592771
prelu2_8_0 0.8523513 -0.2246776 1.7592771
conv2_8_1 1.3760626 -1.6927886 1.3202457
prelu2_8_1 0.6603163 -0.0060266 1.3202457
conv2_8_2 4.6131749 -4.6131749 3.0917234
eltwise2_8_4 6.0533180 -3.6226790 12.1007242
prelu2_8_4 5.7107498 -0.1046389 12.1007242
conv3_1_0 0.9816345 -1.5192415 1.5701550
prelu3_1_0 0.8146857 -0.0000000 1.5701550
conv3_1_1 0.9163174 -1.9670721 1.6315961
prelu3_1_1 0.7750679 -0.0227890 1.6315961
conv3_1_2 4.5062766 -4.5062766 3.1716638
eltwise3_1_4 4.9609325 -4.5061398 12.2062969
prelu3_1_4 5.2647482 -0.0834181 12.2062969
conv3_2_0 1.1212932 -2.1206038 2.6970062
prelu3_2_0 0.9441498 -0.0191469 2.6970062
conv3_2_1 0.7871872 -1.7023368 2.0981410
prelu3_2_1 0.6034590 -0.0656331 2.0981410
conv3_2_2 4.4709136 -5.7686481 4.9841299
eltwise3_2_4 5.2582785 -5.7408786 13.7872362
prelu3_2_4 5.3865864 -0.0633963 13.7872362
conv3_3_0 1.0265595 -1.5653920 2.1188476
prelu3_3_0 0.8277169 -0.0088057 2.1188476
conv3_3_1_a 0.2156885 -0.3331941 0.4207905
conv3_3_1 0.8307924 -1.3926820 1.7489017
prelu3_3_1 0.8471537 -0.0000000 1.7489017
conv3_3_2 3.9371741 -3.9371741 3.6161525
eltwise3_3_4 5.1287203 -3.6784234 13.6699104
prelu3_3_4 5.3407477 -0.0163283 13.6699104
conv3_4_0 1.8164225 -2.6407790 2.2697384
prelu3_4_0 0.7379145 -0.1092219 2.2697384
conv3_4_1 1.1823514 -1.5030680 2.1009316
prelu3_4_1 0.6568619 -0.0007119 2.1009316
conv3_4_2 4.6811764 -7.3787150 4.6135635
eltwise3_4_4 5.3937254 -6.9961381 14.3762455
prelu3_4_4 5.6167084 -0.0517936 14.3762455
conv3_5_0 0.8051912 -1.6095960 1.1426226
prelu3_5_0 0.4750508 -0.0958995 1.1426226
conv3_5_1 0.7112805 -1.6249901 1.3295166
prelu3_5_1 0.5734068 -0.0109127 1.3295166
conv3_5_2 4.7085184 -4.5146308 5.1422291
eltwise3_5_4 5.8828454 -4.5152593 13.4399376
prelu3_5_4 5.7968349 -0.0458157 13.4399376
conv3_6_0 0.8718697 -2.3238506 1.6185935
prelu3_6_0 0.6323743 -0.0784279 1.6185935
conv3_6_1 1.1427330 -1.8274800 1.6182102
prelu3_6_1 0.5007597 -0.0045117 1.6182102
conv3_6_2 5.1321374 -5.3320570 2.3946126
eltwise3_6_4 5.6723234 -4.3142796 13.6434355
prelu3_6_4 5.8846064 -0.0141315 13.6434355
conv3_7_0 1.0330323 -1.6520447 1.5141643
prelu3_7_0 0.5205263 -0.0432259 1.5141643
conv3_7_1_a 0.1656074 -0.5757935 0.2625380
conv3_7_1 0.7642060 -4.5270720 1.2221797
prelu3_7_1 0.5805801 -0.0532498 1.2221797
conv3_7_2 5.1701238 -5.1105857 5.8875933
eltwise3_7_4 6.1667034 -4.9669008 13.7000675
prelu3_7_4 5.9090326 -0.0272774 13.7000675
conv3_8_0 0.7641631 -1.9666305 2.0367734
prelu3_8_0 0.6111315 -0.0750249 2.0367734
conv3_8_1 0.6340470 -1.4485426 0.9672694
prelu3_8_1 0.5350696 -0.0072604 0.9672694
conv3_8_2 3.3313684 -2.6350336 3.3313684
eltwise3_8_4 6.3738219 -2.4759207 13.5929708
prelu3_8_4 6.4149925 -0.0121298 13.5929708
prelu4_0_0 2.2714660 0.0000000 2.4217141
deconv4_0_1 0.5258988 -0.3353341 0.6007337
prelu4_0_1 2.2984679 -0.0000000 2.6255376
conv4_0_2 2.0983953 -2.1831083 3.3557930
conv4_0_4 2.0456243 -2.1225698 5.4523344
upsample4_0_4 2.0456243 -2.1225698 5.4523344
prelu4_0_4 2.7279649 0.0000000 6.2323036
prelu4_1_0 2.7737007 0.0000000 4.9286160
prelu4_1_1 1.9798470 0.0000000 2.2615774
conv4_1_2 3.1533542 -3.9915824 5.6032252
prelu4_1_4 4.4667029 0.0000000 7.9369278
prelu4_2_0 1.7546110 0.0000000 2.3383391
prelu4_2_1 0.7692935 0.0000000 1.3669652
conv4_2_2 3.6458237 -4.1072073 3.1920731
prelu4_2_4 5.6803818 0.0000000 10.0935259
prelu5_0_0 4.5266018 0.0000000 6.0325222
deconv5_0_1 0.8025491 -1.0018245 1.0695430
prelu5_0_1 4.5100613 -0.0000000 5.5481343
conv5_0_2 11.9617128 -15.0528421 19.1293945
conv5_0_4 21.4831810 -7.7319250 21.4831810
upsample5_0_4 17.4636116 -7.7319250 21.4831810
prelu5_0_4 16.7874126 0.0000000 29.8297157
prelu5_1_0 5.3884974 0.0000000 12.3105516
prelu5_1_1 5.0043216 0.0000000 6.6691704
conv5_1_2 13.5737612 -15.0194559 23.5980206
prelu5_1_4 23.4976425 0.0000000 41.7531891
deconv6_0_0 22.9991741 -36.7807121 31.3224354
