# genetated time: 2022-12-23 18:10:06.528533
# histogram number: 2048
# sample number: 60
# tune number: 5
###
# op_name    threshold    min    max
data 255.0000000 3.0000000 255.0000000
DownsamplerBlock1_conv 784.1442871 -924.2489624 1011.5599976
DownsamplerBlock1_pool 255.0000000 5.0000000 255.0000000
DownsamplerBlock1_concat/4 695.7872314 -924.2489624 1011.5599976
DownsamplerBlock1_concat/1 22.8251160 -0.0000000 32.6004829
DownsamplerBlock2_conv 43.9267122 -76.3667068 35.5873299
DownsamplerBlock2_pool 32.6004829 -0.0000000 32.6004829
DownsamplerBlock2_concat/4 33.4267578 -76.3667068 35.5873299
DownsamplerBlock2_concat/1 19.1978828 -0.0000000 33.1979446
NBD3_conv1_3x1 24.0920210 0.0000000 34.2486649
NBD3_conv1_1x3 9.7526808 0.0000000 19.4958382
NBD3_conv2_3x1 16.6581116 0.0000000 29.5999622
NBD3_conv2_1x3 19.4533533 -32.0800896 23.2229710
NBD3_res 22.0308633 0.0000000 35.0609741
NBD4_conv1_3x1 25.7430344 0.0000000 37.4261284
NBD4_conv1_1x3 12.1623392 0.0000000 14.9617243
NBD4_conv2_3x1 9.3954802 0.0000000 16.6949196
NBD4_conv2_1x3 19.0459385 -18.7528839 19.0459385
NBD4_res 26.3012199 0.0000000 32.3549271
NBD5_conv1_3x1 28.2061977 0.0000000 34.6983681
NBD5_conv1_1x3 27.5043675 0.0000000 32.3497124
NBD5_conv2_3x1 23.6777546 0.0000000 25.5931797
NBD5_conv2_1x3 19.1369180 -16.6728191 25.9468594
NBD5_res 27.6972454 0.0000000 35.7299347
NBD6_conv1_3x1 37.8450241 0.0000000 43.2303391
NBD6_conv1_1x3 9.1619606 0.0000000 10.4656992
NBD6_conv2_3x1 11.1486149 0.0000000 12.7350521
NBD6_conv2_1x3 16.3460617 -14.0151749 16.3460617
NBD6_res 30.5943107 0.0000000 40.7778053
NBD7_conv1_3x1 38.8173485 0.0000000 44.3410225
NBD7_conv1_1x3 21.0790100 0.0000000 24.0785351
NBD7_conv2_3x1 40.4875433 0.0000000 45.6150589
NBD7_conv2_1x3 27.5963333 -35.3204079 20.6782169
NBD7_res 23.6137755 0.0000000 34.1860733
DownsamplerBlock8_conv 34.6345238 -45.8765793 58.9431915
DownsamplerBlock8_pool 34.1860733 0.0000000 34.1860733
DownsamplerBlock8_concat/4 31.3216686 -45.8765793 58.9431915
DownsamplerBlock8_concat/1 19.1785263 -0.0000000 34.8592110
NBD9_conv1_3x1 18.4151459 0.0000000 26.7725868
NBD9_conv1_1x3 14.1734533 0.0000000 17.4357319
NBD9_conv2_3x1 11.1315995 0.0000000 14.5921583
NBD9_conv2_1x3 15.6180558 -30.1051464 14.1049757
NBD9_res 15.2950028 0.0000000 34.9468384
NBD10_conv1_3x1 23.7579594 0.0000000 29.2262859
NBD10_conv1_1x3 18.5443268 0.0000000 22.8126431
NBD10_conv2_3x1 23.8241968 0.0000000 30.0130043
NBD10_conv2_1x3 15.6304190 -21.1925602 13.7935495
NBD10_res 18.9632791 0.0000000 34.2777443
NBD11_conv1_3x1 29.8890076 0.0000000 29.8890076
NBD11_conv1_1x3 14.5209694 0.0000000 14.5209694
NBD11_conv2_3x1 20.0723595 0.0000000 25.0873852
NBD11_conv2_1x3 17.3413907 -21.7611198 10.6137438
NBD11_res 20.8247846 0.0000000 33.3137970
NBD12_conv1_3x1 25.3022499 0.0000000 33.7198601
NBD12_conv1_1x3 13.3298950 0.0000000 16.3980141
NBD12_conv2_3x1 19.7489834 0.0000000 19.7489834
NBD12_conv2_1x3 13.8598785 -13.8598785 8.0782766
NBD12_res 22.2378487 0.0000000 37.8457565
NBD13_conv1_3x1 30.9194870 0.0000000 32.9646797
NBD13_conv1_1x3 13.3604250 0.0000000 13.3604250
NBD13_conv2_3x1 12.1654175 0.0000000 15.6906366
NBD13_conv2_1x3 22.0641163 -36.3927689 10.4172831
NBD13_res 18.7844022 0.0000000 36.2034378
NBD14_conv1_3x1 26.4003105 0.0000000 35.1832237
NBD14_conv1_1x3 8.3026199 0.0000000 16.5971317
NBD14_conv2_3x1 5.2950144 0.0000000 6.5137591
NBD14_conv2_1x3 13.9701204 -13.9701204 11.7460623
NBD14_res 17.9069771 0.0000000 36.2531700
NBD15_conv1_3x1 28.9534454 0.0000000 28.9534454
NBD15_conv1_1x3 9.4087563 0.0000000 18.8083248
NBD15_conv2_3x1 5.6909051 0.0000000 10.1122246
NBD15_conv2_1x3 12.7950907 -12.7950907 9.2132664
NBD15_res 17.7338610 0.0000000 36.6031914
NBD16_conv1_3x1 35.1343575 0.0000000 35.1343575
NBD16_conv1_1x3 13.9500678 0.0000000 17.1635094
NBD16_conv2_3x1 6.6422882 0.0000000 9.6567926
NBD16_conv2_1x3 20.9217767 -27.4436226 34.5085831
NBD16_res 21.0314262 0.0000000 38.0160980
UpsamplerBlock17_deconv/4 21.3951721 -57.0259323 26.1169777
UpsamplerBlock17_deconv/1 13.2594023 -0.0000000 19.2769871
NBD18_conv1_3x1 10.9984989 0.0000000 12.5635757
NBD18_conv1_1x3 8.8240366 0.0000000 17.6394558
NBD18_conv2_3x1 5.1212673 0.0000000 6.8250222
NBD18_conv2_1x3 11.3043572 -4.6946340 38.0748978
NBD18_res 12.3785269 0.0000000 38.0748978
NBD19_conv1_3x1 13.0189180 0.0000000 23.1334419
NBD19_conv1_1x3 9.1262741 0.0000000 16.2165661
NBD19_conv2_3x1 8.6035963 0.0000000 14.1879978
NBD19_conv2_1x3 12.0590139 -18.2007751 17.0495415
NBD19_res 10.0152073 0.0000000 53.3883553
NBD19_add_conv1_3x1 7.5027537 0.0000000 7.5027537
NBD19_add_conv1_1x3 58.6054268 0.0000000 58.6054268
NBD19_add_conv2_3x1 8.9157553 0.0000000 8.9157553
NBD19_add_conv2_1x3 21.4797994 -54.9854927 38.8706779
NBD19_add_res 14.4006133 0.0000000 92.1477203
UpsamplerBlock20_deconv/4 17.6824074 -56.5560722 12.4769192
UpsamplerBlock20_deconv/1 22.7586384 -0.0000000 25.9971714
NBD21_conv1_3x1 20.6506500 0.0000000 22.0166035
NBD21_conv1_1x3 6.6932812 0.0000000 8.2338619
NBD21_conv2_3x1 5.6668983 0.0000000 6.9712386
NBD21_conv2_1x3 11.7439871 -4.7724371 11.7439871
NBD21_res 28.0715294 0.0000000 34.5327072
NBD22_conv1_3x1 15.1149158 0.0000000 17.2657547
NBD22_conv1_1x3 6.5113244 0.0000000 8.0100250
NBD22_conv2_3x1 4.1995096 0.0000000 5.5966120
NBD22_conv2_1x3 5.6471610 -5.6471610 5.4914660
NBD22_res 26.9749374 0.0000000 35.9490204
NBD22_add_conv1_3x1 11.9840412 0.0000000 11.9840412
NBD22_add_conv1_1x3 11.0027542 0.0000000 13.5352392
NBD22_add_conv2_3x1 1.9786789 0.0000000 2.2602432
NBD22_add_conv2_1x3 2.6440227 -2.5335519 2.6440227
NBD22_add_res 24.0045738 0.0000000 34.8986969
Deconvolution23_deconv 37.0672684 -42.3419113 38.4247284
