# genetated time: 2022-12-21 16:13:48.228737
# histogram number: 2048
# sample number: 100
# tune number: 5
###
# op_name    threshold    min    max
0 0.9996000 0.0000000 0.9996000
12_Unsqueeze 0.9996000 0.0000000 0.9996000
34_Reshape 0.9996000 0.0000000 0.9996000
35_Conv 2.3184693 -2.4158959 1.0366975
36_LeakyRelu 0.8424749 -0.0241590 1.0366975
52_Reshape 0.8424749 -0.0241590 1.0366975
74_Reshape 1.0366975 -0.0241590 1.0366975
75_Conv 2.6371262 -2.8122935 2.0296292
76_LeakyRelu 1.6746176 -0.0281229 2.0296292
77_MaxPool 1.6493836 -0.0209183 2.0296292
93_Reshape 1.6493836 -0.0209183 2.0296292
94_ReduceMax 1.9155555 -0.0209183 2.0296292
95_Conv 3.4190352 -4.9707141 2.4050531
96_LeakyRelu 1.9542378 -0.0497071 2.4050531
97_Conv 12.9427691 -18.8166542 3.6311700
98_LeakyRelu 2.7576137 -0.1881665 3.6311700
99_MaxPool 2.8144672 -0.1611208 3.6311700
121_Reshape 1.9155555 -0.0209183 2.0296292
122_Conv 3.0075653 -3.6998115 1.8986548
123_LeakyRelu 1.6081059 -0.0369981 1.8986548
139_Reshape 1.6081059 -0.0369981 1.8986548
161_Reshape 1.6496129 -0.0369981 1.8986548
162_Conv 2.9757557 -4.2678690 4.3262587
163_LeakyRelu 2.8394375 -0.0426787 4.3262587
164_MaxPool 2.8667011 -0.0347336 4.3262587
180_Reshape 2.8667011 -0.0347336 4.3262587
181_ReduceMax 2.7450713 -0.0347336 4.3262587
182_Add 3.8108378 -0.1195675 4.9757838
183_Conv 7.2173176 -9.6183910 4.8951612
184_LeakyRelu 3.7175246 -0.0961839 4.8951612
185_Conv 8.3736391 -12.1738920 3.1733477
186_LeakyRelu 2.7767955 -0.1217389 3.1733477
208_Reshape 2.8667011 -0.0347336 4.3262587
209_Conv 5.0804453 -6.7706194 4.1509590
210_LeakyRelu 3.1135235 -0.0677062 4.1509590
226_Reshape 3.1135235 -0.0677062 4.1509590
248_Reshape 3.1135235 -0.0677062 4.1509590
249_Conv 4.3412628 -5.7855244 3.6228909
250_LeakyRelu 2.8080502 -0.0578552 3.6228909
266_Reshape 2.8080502 -0.0578552 3.6228909
267_ReduceMax 2.8080502 -0.0578552 3.6228909
268_Add 4.2644286 -0.1241059 5.5018816
282_Reshape 3.3173256 -0.0578552 3.6228909
283_ReduceMean 0.5867570 -0.0031854 0.5867570
284_ReduceMax 3.6228909 0.0614415 3.6228909
285_Add 4.0391684 0.0582562 4.0391684
293_Reshape 5.3472000 -0.1241059 5.5018816
294_ReduceMean 0.6219174 -0.0085441 0.6219174
295_ReduceMax 5.5018816 0.2054413 5.5018816
296_Add 6.0721970 0.1968972 6.0721970
304_Reshape 3.3173256 -0.0578552 3.6228909
305_ReduceMean 0.6835393 -0.0089579 0.6835393
306_ReduceMax 3.6228909 0.0000000 3.6228909
307_Add 4.0767932 -0.0089579 4.0767932
315_Reshape 5.3472000 -0.1241059 5.5018816
316_ReduceMean 0.6831367 -0.0147532 0.6831367
317_ReduceMax 5.5018816 0.0000000 5.5018816
318_Add 6.0686674 -0.0147532 6.0686674
326_Reshape 3.2154705 -0.0578552 3.6228909
327_ReduceMean 0.8289833 -0.0095974 0.8289833
328_ReduceMax 3.6228909 0.0000000 3.6228909
329_Add 4.2275457 -0.0095743 4.2275457
337_Reshape 5.1925184 -0.1241059 5.5018816
338_ReduceMean 0.8676398 -0.0204748 0.8676398
339_ReduceMax 5.5018816 0.0000000 5.5018816
340_Add 6.3049865 -0.0180678 6.3049865
348_Reshape 3.2154705 -0.0578552 3.6228909
349_ReduceMean 0.8668977 -0.0119652 0.8668977
350_ReduceMax 3.6228909 0.0000000 3.6228909
351_Add 4.2727685 -0.0119652 4.2727685
359_Reshape 5.1925184 -0.1241059 5.5018816
360_ReduceMean 0.9550467 -0.0296046 0.9550467
361_ReduceMax 5.5018816 0.0000000 5.5018816
362_Add 6.3160391 -0.0296046 6.3160391
370_Reshape 3.2154705 -0.0578552 3.6228909
371_ReduceMean 0.9024920 -0.0131035 0.9024920
372_ReduceMax 3.6228909 0.0000000 3.6228909
373_Add 4.2961693 -0.0131035 4.2961693
381_Reshape 4.8831551 -0.1241059 5.5018816
382_ReduceMean 1.0568587 -0.0324388 1.0568587
383_ReduceMax 5.5018816 0.0000000 5.5018816
384_Add 6.4028335 -0.0324388 6.4028335
385_Concat 5.7634885 -0.0324388 6.4028335
386_Transpose 4.8044710 -0.0324388 6.4028335
