# genetated time: 2023-03-27 16:32:55.656520
# histogram number: 2048
# sample number: 100
# tune number: 5
###
# op_name    threshold    min    max
data 151.0000000 -123.0000000 151.0000000
conv1/7x7_s2 2602.4166382 0.0000000 4101.4335938
pool1/3x3_s2 2564.6481934 0.0000000 4101.4335938
pool1/norm1 138.7263947 0.0000000 138.7263947
conv2/3x3_reduce 335.3944092 0.0000000 335.3944092
conv2/3x3 549.6729126 0.0000000 676.1901855
conv2/norm2 138.7263947 0.0000000 138.7263947
pool2/3x3_s2 138.7263947 0.0000000 138.7263947
inception_3a/1x1 532.5369873 0.0000000 532.5369873
inception_3a/3x3_reduce 352.3694626 0.0000000 500.9203491
inception_3a/3x3 803.2346191 0.0000000 803.2346191
inception_3a/5x5_reduce 416.7359009 0.0000000 416.7359009
inception_3a/5x5 614.9478760 0.0000000 614.9478760
inception_3a/pool 138.7263947 0.0000000 138.7263947
inception_3a/pool_proj 336.6591797 0.0000000 336.6591797
inception_3a/output 652.8488617 0.0000000 803.2346191
inception_3b/1x1 381.8469422 0.0000000 531.0419922
inception_3b/3x3_reduce 399.8746948 0.0000000 581.3519287
inception_3b/3x3 464.1814575 0.0000000 530.2340698
inception_3b/5x5_reduce 547.6716309 0.0000000 547.6716309
inception_3b/5x5 481.2485962 0.0000000 592.0167847
inception_3b/pool 803.2346191 0.0000000 803.2346191
inception_3b/pool_proj 381.7713928 0.0000000 407.0239563
inception_3b/output 481.2485962 0.0000000 592.0167847
pool3/3x3_s2 481.2485962 0.0000000 592.0167847
inception_4a/1x1 587.5686035 0.0000000 587.5686035
inception_4a/3x3_reduce 588.7610474 0.0000000 1046.1751709
inception_4a/3x3 1006.5366211 0.0000000 1073.1147461
inception_4a/5x5_reduce 542.1948242 0.0000000 542.1948242
inception_4a/5x5 412.4376526 0.0000000 412.4376526
inception_4a/pool 592.0167847 0.0000000 592.0167847
inception_4a/pool_proj 390.7418518 0.0000000 390.7418518
inception_4a/output 469.7170715 0.0000000 1073.1147461
inception_4b/1x1 296.2244568 0.0000000 676.7538452
inception_4b/3x3_reduce 378.6846924 0.0000000 1211.1993408
inception_4b/3x3 371.6709900 0.0000000 742.9790039
inception_4b/5x5_reduce 616.5687256 0.0000000 616.5687256
inception_4b/5x5 541.8421631 0.0000000 541.8421631
inception_4b/pool 1073.1147461 0.0000000 1073.1147461
inception_4b/pool_proj 507.6381226 0.0000000 507.6381226
inception_4b/output 371.6709900 0.0000000 742.9790039
inception_4c/1x1 297.1889954 0.0000000 528.0780029
inception_4c/3x3_reduce 367.4478455 0.0000000 587.6295166
inception_4c/3x3 341.2049561 0.0000000 682.0767212
inception_4c/5x5_reduce 656.2454224 0.0000000 807.2922974
inception_4c/5x5 638.2098389 0.0000000 638.2098389
inception_4c/pool 371.6709900 0.0000000 742.9790039
inception_4c/pool_proj 402.3066406 0.0000000 428.9175415
inception_4c/output 426.5061951 0.0000000 682.0767212
inception_4d/1x1 291.5209656 0.0000000 380.6368408
inception_4d/3x3_reduce 347.1544861 0.0000000 603.5289917
inception_4d/3x3 328.0311890 0.0000000 437.1613770
inception_4d/5x5_reduce 261.6360474 0.0000000 348.6777039
inception_4d/5x5 348.3681030 0.0000000 348.3681030
inception_4d/pool 426.5061951 0.0000000 682.0767212
inception_4d/pool_proj 407.2787476 0.0000000 407.2787476
inception_4d/output 355.3137360 0.0000000 437.1613770
inception_4e/1x1 161.6976334 0.0000000 266.6089783
inception_4e/3x3_reduce 176.7608307 0.0000000 271.8682251
inception_4e/3x3 210.3451385 0.0000000 210.3451385
inception_4e/5x5_reduce 171.0373383 0.0000000 303.9179077
inception_4e/5x5 168.4847717 0.0000000 192.4600067
inception_4e/pool 382.7030640 0.0000000 437.1613770
inception_4e/pool_proj 331.4713440 0.0000000 331.4713440
inception_4e/output 186.5437164 0.0000000 331.4713440
pool4/3x3_s2 186.5437164 0.0000000 331.4713440
inception_5a/1x1 126.1215820 0.0000000 183.3600006
inception_5a/3x3_reduce 163.4060974 0.0000000 163.4060974
inception_5a/3x3 138.1298218 0.0000000 138.1298218
inception_5a/5x5_reduce 226.2499695 0.0000000 226.2499695
inception_5a/5x5 145.6589355 0.0000000 145.6589355
inception_5a/pool 331.4713440 0.0000000 331.4713440
inception_5a/pool_proj 240.8686066 0.0000000 240.8686066
inception_5a/output 120.4931412 0.0000000 240.8686066
inception_5b/1x1 57.3741493 0.0000000 57.3741493
inception_5b/3x3_reduce 96.6580200 0.0000000 96.6580200
inception_5b/3x3 71.4894485 0.0000000 71.4894485
inception_5b/5x5_reduce 109.3012009 0.0000000 109.3012009
inception_5b/5x5 44.9760933 0.0000000 44.9760933
inception_5b/pool 240.8686066 0.0000000 240.8686066
inception_5b/pool_proj 65.9868851 0.0000000 65.9868851
inception_5b/output 71.4894485 0.0000000 71.4894485
pool5/7x7_s1 9.0847206 0.0000000 20.7549362
loss3/classifier 33.9235764 -11.1909227 33.9235764
prob 0.0625305 0.0000000 0.9999999
