# genetated time: 2023-02-13 15:34:05.734993
# histogram number: 2048
# sample number: 30
# tune number: 5
###
# op_name    threshold    min    max
data 255.0000000 0.0000000 255.0000000
data_sub1 255.0000000 0.0000000 255.0000000
data_sub2 255.0000000 0.0000000 255.0000000
conv1_1_3x3_s2 46.8963314 0.0000000 72.1292267
conv1_2_3x3 83.1704865 0.0000000 166.2597504
conv1_3_3x3 34.3458557 0.0000000 183.0884552
pool1_3x3_s2 34.3458557 0.0000000 183.0884552
conv2_1_1x1_reduce 28.2424011 0.0000000 37.6381493
conv2_1_3x3 20.4192810 0.0000000 25.1191521
conv2_1_1x1_increase 25.5836201 -38.0662689 32.7784653
conv2_1_1x1_proj 47.3447762 -189.2866364 143.5828857
conv2_1 44.5610123 0.0000000 142.5256195
conv2_2_1x1_reduce 17.1778545 0.0000000 45.7852478
conv2_2_3x3 19.1242771 0.0000000 33.9821129
conv2_2_1x1_increase 27.3054936 -71.5951691 47.8464050
conv2_2 29.5474930 0.0000000 157.5096741
conv2_3_1x1_reduce 16.6326294 0.0000000 44.3320198
conv2_3_3x3 15.9556351 0.0000000 31.8956890
conv2_3_1x1_increase 25.4640347 -40.7352905 32.2102509
conv2_3 38.3996925 0.0000000 153.5237732
conv3_1_1x1_reduce 15.5791245 0.0000000 41.5240440
conv3_1_3x3 12.2039747 0.0000000 24.3960323
conv3_1_1x1_increase 20.3991652 -23.3117046 21.8866901
conv3_1_1x1_proj 27.6781425 -73.7723389 61.5052452
conv3_1 29.8743153 0.0000000 79.6259384
conv3_1_sub4 27.8682346 0.0000000 74.2790070
conv3_2_1x1_reduce 9.9257221 0.0000000 22.6762867
conv3_2_3x3 15.3167953 0.0000000 15.3167953
conv3_2_1x1_increase 24.0580063 -24.0580063 18.7605743
conv3_2 27.7418213 0.0000000 73.9420624
conv3_3_1x1_reduce 9.3400154 0.0000000 14.9367275
conv3_3_3x3 13.2312222 0.0000000 14.1064129
conv3_3_1x1_increase 21.0510254 -21.0510254 14.2988272
conv3_3 26.7150688 0.0000000 71.2053986
conv3_4_1x1_reduce 15.6711178 0.0000000 41.7692413
conv3_4_3x3 19.1115799 0.0000000 27.7850876
conv3_4_1x1_increase 23.2729284 -38.3788643 31.8131962
conv3_4 31.5949059 0.0000000 72.1816635
conv4_1_1x1_reduce 8.6448174 0.0000000 19.7499352
conv4_1_3x3 13.7662735 0.0000000 13.7662735
conv4_1_1x1_increase 14.4513149 -14.4513149 12.5282602
conv4_1_1x1_proj 22.9238720 -73.3205719 67.2876205
conv4_1 20.7591610 0.0000000 66.3968811
conv4_2_1x1_reduce 7.6737614 0.0000000 20.4533710
conv4_2_3x3 8.8931055 0.0000000 14.2220211
conv4_2_1x1_increase 15.8102382 -24.3170471 18.4585114
conv4_2 20.3120270 0.0000000 64.9667511
conv4_3_1x1_reduce 6.7984614 0.0000000 9.8838425
conv4_3_3x3 8.2330170 0.0000000 8.2330170
conv4_3_1x1_increase 14.6398203 -19.5989094 9.4080210
conv4_3 19.6980858 0.0000000 63.0030975
conv4_4_1x1_reduce 5.1203041 0.0000000 13.6474771
conv4_4_3x3 7.1208882 0.0000000 8.1341839
conv4_4_1x1_increase 14.5810804 -15.8153248 11.9319077
conv4_4 19.7239914 0.0000000 63.0859528
conv4_5_1x1_reduce 5.9428219 0.0000000 17.1252995
conv4_5_3x3 7.9074850 0.0000000 12.6457977
conv4_5_1x1_increase 14.1370208 -21.7419090 10.5702658
conv4_5 20.1411095 0.0000000 64.4200821
conv4_6_1x1_reduce 13.1590948 0.0000000 21.0442715
conv4_6_3x3 7.7600031 0.0000000 17.7284889
conv4_6_1x1_increase 13.4923552 -19.5331173 11.6548443
conv4_6 15.7360172 0.0000000 62.9133339
conv5_1_1x1_reduce 9.6648121 0.0000000 25.7602463
conv5_1_3x3 9.8790321 -0.0000000 14.3624849
conv5_1_1x1_increase 25.0425472 -44.4983444 27.4715424
conv5_1_1x1_proj 44.1715851 -86.2032013 100.9143219
conv5_1 31.3812923 0.0000000 100.3711014
conv5_2_1x1_reduce 7.4898162 0.0000000 19.9630909
conv5_2_3x3 4.6624203 -0.0000000 14.9124594
conv5_2_1x1_increase 22.3949554 -36.3509903 36.9250679
conv5_2 25.6997032 0.0000000 82.1988983
conv5_3_1x1_reduce 5.7606001 0.0000000 13.1606560
conv5_3_3x3 4.0604029 -0.0000000 8.1168404
conv5_3_1x1_increase 23.3267994 -46.6308174 15.6544132
conv5_3 28.9154892 0.0000000 66.0602722
conv5_3_pool1 2.4229258 0.0000000 7.4526358
conv5_3_pool1_interp 7.4526358 0.0000000 7.4526358
conv5_3_pool2 4.7427579 0.0000000 9.2527285
conv5_3_pool2_interp 9.2527285 0.0000000 9.2527285
conv5_3_pool3 5.6048758 0.0000000 10.9346495
conv5_3_pool3_interp 10.9346495 0.0000000 10.9346495
conv5_3_pool6 7.8756452 0.0000000 16.5773220
conv5_3_pool6_interp 13.7613480 0.0000000 16.4311008
conv5_3_sum 24.6965908 0.0000000 91.8661118
conv5_4_k1 9.0173988 0.0000000 13.1098118
conv5_4_interp 8.1976357 0.0000000 13.1098118
conv_sub4 9.8156147 -11.2123680 9.7021818
conv3_1_sub2_proj 9.4402943 -12.8912020 13.7246332
sub24_sum 11.3473129 0.0000000 16.4971237
sub24_sum_interp 10.3157387 0.0000000 16.4971237
conv_sub2 10.2456474 -10.9872408 12.6038704
conv1_sub1 46.8806580 0.0000000 133.9167023
conv2_sub1 55.4057742 0.0000000 328.2176819
conv3_sub1 60.6321106 0.0000000 161.6066742
conv3_sub1_proj 15.5445108 -49.7181473 38.4531822
sub12_sum 16.9063702 0.0000000 38.6242638
sub12_sum_interp 14.4911747 0.0000000 38.6242638
conv6_cls 17.6272316 -25.6270885 21.5564785
conv6_interp 16.0247555 -25.6270885 21.5564785
