# genetated time: 2023-03-25 02:49:56.342444
# histogram number: 2048
# sample number: 100
# tune number: 5
###
# op_name    threshold    min    max
data 1.0000000 -1.0000000 0.9921875
conv1_3x3_s2 11.6278206 0.0000000 22.1384449
conv2_3x3_s1 16.1291618 0.0000000 23.4491444
conv3_3x3_s1 11.2620544 0.0000000 18.5690098
inception_stem1_3x3_s2 10.4096844 0.0000000 18.9208164
inception_stem1_pool 11.6113005 0.0000000 18.5690098
inception_stem1 11.8312874 0.0000000 18.9208164
inception_stem2_3x3_reduce 7.4510098 0.0000000 14.8947430
inception_stem2_3x3 10.0832882 0.0000000 13.4378185
inception_stem2_1x7_reduce 7.7727165 0.0000000 12.4302740
inception_stem2_1x7 9.4573116 0.0000000 13.7493734
inception_stem2_7x1 12.0774307 0.0000000 16.0953789
inception_stem2_3x3_2 9.5647230 0.0000000 13.9055309
inception_stem2 9.5647230 0.0000000 13.9055309
inception_stem3_3x3_s2 9.1739714 0.0000000 10.4829292
inception_stem3_pool 9.5647230 0.0000000 13.9055309
inception_stem3 9.5647230 0.0000000 13.9055309
inception_a1_1x1_2 8.5708961 0.0000000 12.4606705
inception_a1_3x3_reduce 7.2998590 0.0000000 10.6127930
inception_a1_3x3 7.0638122 0.0000000 10.3649502
inception_a1_3x3_2_reduce 9.0415792 0.0000000 13.1449661
inception_a1_3x3_2 7.3214526 0.0000000 10.6441860
inception_a1_3x3_3 11.2327604 0.0000000 11.2327604
inception_a1_pool_ave 8.0292050 0.0000000 9.7648945
inception_a1_1x1 6.9487424 0.0000000 6.9487424
inception_a1_concat 8.5708961 0.0000000 12.4606705
inception_a2_1x1_2 7.7508613 0.0000000 13.2575836
inception_a2_3x3_reduce 7.2733863 0.0000000 11.5752163
inception_a2_3x3 9.6962938 0.0000000 15.5064955
inception_a2_3x3_2_reduce 9.3454704 0.0000000 13.5867739
inception_a2_3x3_2 8.1265287 0.0000000 8.1265287
inception_a2_3x3_3 11.2132902 0.0000000 16.3022766
inception_a2_pool_ave 5.2057112 0.0000000 6.8817792
inception_a2_1x1 7.7991400 0.0000000 8.7557735
inception_a2_concat 9.1745100 0.0000000 16.3022766
inception_a3_1x1_2 11.2494287 0.0000000 12.8502121
inception_a3_3x3_reduce 10.1199827 0.0000000 10.1199827
inception_a3_3x3 8.4311504 0.0000000 11.2360439
inception_a3_3x3_2_reduce 9.6626749 0.0000000 19.3159142
inception_a3_3x3_2 18.0281773 0.0000000 18.0281773
inception_a3_3x3_3 11.1319218 0.0000000 11.1319218
inception_a3_pool_ave 4.3781263 0.0000000 10.7723112
inception_a3_1x1 7.1513872 0.0000000 7.1513872
inception_a3_concat 10.4458981 0.0000000 12.8502121
inception_a4_1x1_2 8.2060099 0.0000000 11.9301863
inception_a4_3x3_reduce 12.1886511 0.0000000 12.1886511
inception_a4_3x3 8.0852165 0.0000000 12.9300308
inception_a4_3x3_2_reduce 8.8737087 0.0000000 14.1910019
inception_a4_3x3_2 7.3397098 0.0000000 10.6707287
inception_a4_3x3_3 11.8318567 0.0000000 14.5551748
inception_a4_pool_ave 5.2867222 0.0000000 10.0654984
inception_a4_1x1 6.5248697 0.0000000 9.2756062
inception_a4_concat 9.1014280 0.0000000 14.5551748
reduction_a_3x3 7.0968951 0.0000000 11.2943392
reduction_a_3x3_2_reduce 8.2924871 0.0000000 14.7350006
reduction_a_3x3_2 8.4833155 0.0000000 19.3809681
reduction_a_3x3_3 7.2902826 0.0000000 21.0082474
reduction_a_pool 9.1014280 0.0000000 14.5551748
reduction_a_concat 9.1955986 0.0000000 21.0082474
inception_b1_1x1_2 7.5642262 0.0000000 12.0968523
inception_b1_1x7_reduce 10.0503082 0.0000000 14.6114922
inception_b1_1x7 7.5787349 0.0000000 17.3143635
inception_b1_7x1 7.8371363 0.0000000 17.9047070
inception_b1_7x1_2_reduce 7.1047072 0.0000000 14.2024765
inception_b1_7x1_2 8.8549223 0.0000000 12.8735981
inception_b1_1x7_2 9.7074871 0.0000000 17.2493286
inception_b1_7x1_3 12.2171669 0.0000000 19.5379219
inception_b1_1x7_3 9.5134916 0.0000000 38.0353851
inception_b1_pool_ave 4.9358163 0.0000000 7.8934498
inception_b1_1x1 5.2376041 0.0000000 5.2376041
inception_b1_concat 7.1351185 0.0000000 38.0353851
inception_b2_1x1_2 8.3636446 0.0000000 22.2921619
inception_b2_1x7_reduce 7.8419275 0.0000000 41.8031921
inception_b2_1x7 14.1148186 0.0000000 37.6211357
inception_b2_7x1 7.9819412 0.0000000 42.5495682
inception_b2_7x1_2_reduce 5.4753752 0.0000000 43.7816124
inception_b2_7x1_2 5.1670909 0.0000000 41.3165436
inception_b2_1x7_2 7.7926118 0.0000000 34.1463699
inception_b2_7x1_3 10.8376102 0.0000000 43.3292732
inception_b2_1x7_3 6.5866601 0.0000000 39.0186462
inception_b2_pool_ave 4.3695850 0.0000000 13.9758453
inception_b2_1x1 8.3666134 0.0000000 8.3666134
inception_b2_concat 7.9819412 0.0000000 42.5495682
inception_b3_1x1_2 14.0622368 0.0000000 37.4809875
inception_b3_1x7_reduce 8.7824326 0.0000000 28.0900593
inception_b3_1x7 6.4720993 0.0000000 10.3503027
inception_b3_7x1 9.1019030 0.0000000 9.7039557
inception_b3_7x1_2_reduce 9.7737503 0.0000000 39.0759125
inception_b3_7x1_2 11.7997227 0.0000000 26.9576244
inception_b3_1x7_2 9.1245871 0.0000000 24.3203506
inception_b3_7x1_3 13.4367199 0.0000000 35.8137589
inception_b3_1x7_3 5.9182863 0.0000000 47.3231735
inception_b3_pool_ave 4.0654206 0.0000000 13.0029936
inception_b3_1x1 5.2960109 0.0000000 10.0831833
inception_b3_concat 5.9182863 0.0000000 47.3231735
inception_b4_1x1_2 7.4436421 0.0000000 39.6800385
inception_b4_1x7_reduce 7.1956568 0.0000000 28.7685738
inception_b4_1x7 7.6063814 0.0000000 20.2737789
inception_b4_7x1 11.5428848 0.0000000 14.1996899
inception_b4_7x1_2_reduce 8.3089333 0.0000000 44.2926750
inception_b4_7x1_2 6.7549982 0.0000000 54.0135994
inception_b4_1x7_2 6.5121656 0.0000000 59.5240135
inception_b4_7x1_3 5.4454045 0.0000000 87.0839310
inception_b4_1x7_3 7.9717417 0.0000000 127.4855881
inception_b4_pool_ave 4.2896142 0.0000000 22.8667717
inception_b4_1x1 5.4483871 0.0000000 12.4473753
inception_b4_concat 7.9717417 0.0000000 127.4855881
inception_b5_1x1_2 5.1195545 0.0000000 81.8728790
inception_b5_1x7_reduce 6.6646914 0.0000000 106.5829926
inception_b5_1x7 7.2049642 0.0000000 38.4077110
inception_b5_7x1 6.9877138 0.0000000 22.3497658
inception_b5_7x1_2_reduce 8.0236301 0.0000000 128.3153992
inception_b5_7x1_2 7.9285889 0.0000000 126.7954788
inception_b5_1x7_2 10.4111347 0.0000000 166.4968109
inception_b5_7x1_3 15.8630867 0.0000000 253.6854553
inception_b5_1x7_3 17.3252640 0.0000000 277.0688782
inception_b5_pool_ave 4.6432810 0.0000000 24.7520714
inception_b5_1x1 5.2163472 0.0000000 11.1245117
inception_b5_concat 17.3252640 0.0000000 277.0688782
inception_b6_1x1_2 11.7380476 0.0000000 187.7170563
inception_b6_1x7_reduce 6.2875252 0.0000000 100.5512848
inception_b6_1x7 7.1271038 0.0000000 113.9779816
inception_b6_7x1 5.3054585 0.0000000 84.8458862
inception_b6_7x1_2_reduce 10.3859720 0.0000000 166.0944061
inception_b6_7x1_2 8.3077669 0.0000000 132.8593597
inception_b6_1x7_2 9.5440683 0.0000000 152.6305237
inception_b6_7x1_3 8.4385338 0.0000000 134.9506073
inception_b6_1x7_3 5.7647657 0.0000000 92.1912155
inception_b6_pool_ave 4.6391692 0.0000000 74.1904602
inception_b6_1x1 19.9012032 0.0000000 106.0879288
inception_b6_concat 11.7380476 0.0000000 187.7170563
inception_b7_1x1_2 9.6140385 0.0000000 61.5190277
inception_b7_1x7_reduce 7.4294682 0.0000000 118.8134460
inception_b7_1x7 6.5388460 0.0000000 104.5704498
inception_b7_7x1 10.6248055 0.0000000 97.1153259
inception_b7_7x1_2_reduce 8.6713219 0.0000000 138.6734009
inception_b7_7x1_2 7.8184485 0.0000000 125.0340958
inception_b7_1x7_2 9.2434492 0.0000000 147.8229675
inception_b7_7x1_3 9.6790218 0.0000000 154.7887268
inception_b7_1x7_3 9.1714888 0.0000000 146.6721649
inception_b7_pool_ave 5.1296058 0.0000000 82.0336151
inception_b7_1x1 11.1097509 0.0000000 101.5479355
inception_b7_concat 9.1714888 0.0000000 146.6721649
reduction_b_3x3_reduce 9.7481203 0.0000000 155.8937683
reduction_b_3x3 12.1605301 0.0000000 194.4734802
reduction_b_1x7_reduce 13.0950041 0.0000000 209.4177551
reduction_b_1x7 10.8889999 0.0000000 174.1389313
reduction_b_7x1 8.1247911 0.0000000 129.9331818
reduction_b_3x3_2 13.8553346 0.0000000 126.6437607
reduction_b_pool 9.1714888 0.0000000 146.6721649
reduction_b_concat 12.1605301 0.0000000 194.4734802
inception_c1_1x1_2 7.3556857 0.0000000 67.2341537
inception_c1_1x1_3 8.2559993 0.0000000 75.4634094
inception_c1_1x3 12.8680973 0.0000000 13.7192678
inception_c1_3x1 6.9712376 0.0000000 7.7445583
inception_c1_1x1_4 16.0779934 0.0000000 257.1222839
inception_c1_3x1_2 14.3559189 0.0000000 229.5825500
inception_c1_1x3_2 9.5742836 0.0000000 153.1137390
inception_c1_1x3_3 14.9528503 0.0000000 239.1287842
inception_c1_3x1_3 13.9456196 0.0000000 223.0209656
inception_c1_pool_ave 7.0147508 0.0000000 64.1178589
inception_c1_1x1 6.6752159 0.0000000 22.2470970
inception_c1_concat 14.9528503 0.0000000 239.1287842
inception_c2_1x1_2 7.1240668 0.0000000 22.7858829
inception_c2_1x1_3 10.3152447 0.0000000 164.9633331
inception_c2_1x3 9.8994617 0.0000000 9.8994617
inception_c2_3x1 11.1648722 0.0000000 178.5507355
inception_c2_1x1_4 14.8534384 0.0000000 237.5389709
inception_c2_3x1_2 15.1403160 0.0000000 242.1267700
inception_c2_1x3_2 13.1275167 0.0000000 209.9377136
inception_c2_1x3_3 14.6790991 0.0000000 234.7509003
inception_c2_3x1_3 7.7718978 0.0000000 124.2896500
inception_c2_pool_ave 3.8398246 0.0000000 35.0976601
inception_c2_1x1 3.6888809 0.0000000 3.6888809
inception_c2_concat 14.6790991 0.0000000 234.7509003
inception_c3_1x1_2 17.9183788 0.0000000 31.8393402
inception_c3_1x1_3 8.8398285 0.0000000 14.7282505
inception_c3_1x3 15.7358742 0.0000000 27.9612274
inception_c3_3x1 13.3605556 0.0000000 17.8053761
inception_c3_1x1_4 10.7067442 0.0000000 171.2242584
inception_c3_3x1_2 9.9496117 0.0000000 159.1160583
inception_c3_1x3_2 6.8990564 0.0000000 110.3310013
inception_c3_1x3_3 12.0865013 0.0000000 13.4272594
inception_c3_3x1_3 12.1586832 0.0000000 15.5584326
inception_c3_pool_ave 4.7824877 0.0000000 30.6025391
inception_c3_1x1 10.5441532 0.0000000 10.5441532
inception_c3_concat 12.9402730 0.0000000 31.8393402
pool_8x8_s1 3.2412889 0.0000000 5.8914208
classifier 12.3813813 -3.8883567 13.8476648
prob 0.0624442 0.0000001 0.9986198
