# genetated time: 2022-12-08 17:40:28.180814
# histogram number: 2048
# sample number: 100
# tune number: 5
###
# op_name    threshold    min    max
data 1.0000000 -1.0000000 0.9921875
conv1_3x3_s2 13.8896017 0.0000000 24.6805687
conv2_3x3_s1 14.3432026 0.0000000 19.1149311
conv3_3x3_s1 11.9645815 0.0000000 21.2599812
pool1_3x3_s2 13.2939796 0.0000000 21.2599812
conv4_3x3_reduce 10.0159607 0.0000000 16.0177116
conv4_3x3 10.8425541 0.0000000 14.4496794
pool2_3x3_s2 13.5034268 0.0000000 14.4496794
inception_a1_1x1 10.8112192 0.0000000 11.5263367
inception_a1_5x5_reduce 9.4690695 0.0000000 15.1431131
inception_a1_5x5 9.7673378 0.0000000 12.0154686
inception_a1_3x3_reduce 15.7695103 0.0000000 15.7695103
inception_a1_3x3_1 8.7069902 0.0000000 15.4715366
inception_a1_3x3_2 8.2228765 0.0000000 13.1501780
inception_a1_pool 10.1880658 0.0000000 10.9019947
inception_a1_pool_proj 7.3189011 0.0000000 7.3189011
inception_a1_output 9.0451641 0.0000000 13.1501780
inception_a2_1x1 11.0914707 0.0000000 11.0914707
inception_a2_5x5_reduce 8.1788731 0.0000000 14.5331192
inception_a2_5x5 11.1160231 0.0000000 11.1160231
inception_a2_3x3_reduce 11.6320705 0.0000000 11.6320705
inception_a2_3x3_1 7.6106105 0.0000000 17.3871880
inception_a2_3x3_2 7.9273798 0.0000000 9.5705500
inception_a2_pool 7.1459184 0.0000000 8.7906818
inception_a2_pool_proj 7.1593156 0.0000000 7.1593156
inception_a2_output 9.0361805 0.0000000 11.1160231
inception_a3_1x1 10.0578880 0.0000000 12.3728943
inception_a3_5x5_reduce 9.4211960 0.0000000 9.8489294
inception_a3_5x5 6.6969215 0.0000000 7.7627330
inception_a3_3x3_reduce 12.8295212 0.0000000 12.8295212
inception_a3_3x3_1 7.3053902 0.0000000 10.3851757
inception_a3_3x3_2 6.8133535 0.0000000 10.8960428
inception_a3_pool 6.6991234 0.0000000 8.2410498
inception_a3_pool_proj 7.1714034 0.0000000 7.1714034
inception_a3_output 7.2336400 0.0000000 12.3728943
reduction_a_3x3 7.8897438 0.0000000 10.5145216
reduction_a_3x3_2_reduce 10.4201240 0.0000000 10.6185408
reduction_a_3x3_2 9.5875025 0.0000000 9.5875025
reduction_a_3x3_3 8.1979351 0.0000000 13.1102915
reduction_a_pool 10.0578880 0.0000000 12.3728943
reduction_a_concat 9.0177288 0.0000000 13.1102915
inception_b1_1x1_2 7.2926550 0.0000000 11.6625509
inception_b1_1x7_reduce 10.5565195 0.0000000 10.5565195
inception_b1_1x7 8.3640765 0.0000000 12.2728682
inception_b1_7x1 6.4800758 0.0000000 11.5145102
inception_b1_7x1_reduce 8.3017712 0.0000000 8.3017712
inception_b1_7x1_2 9.5637575 0.0000000 10.1325045
inception_b1_1x7_2 10.9304581 0.0000000 10.9304581
inception_b1_7x1_3 7.3879452 0.0000000 10.7408552
inception_b1_1x7_3 9.2312145 0.0000000 9.8418217
inception_b1_pool_ave 5.2340045 0.0000000 6.4387064
inception_b1_1x1 6.6510978 0.0000000 6.6510978
inception_b1_concat 7.2926550 0.0000000 11.6625509
inception_b2_1x1_2 7.8903279 0.0000000 10.5153008
inception_b2_1x7_reduce 10.1584005 0.0000000 10.1584005
inception_b2_1x7 7.2808237 0.0000000 14.5545368
inception_b2_7x1 6.8617787 0.0000000 12.1927614
inception_b2_7x1_reduce 6.5109925 0.0000000 10.4125013
inception_b2_7x1_2 8.7270961 0.0000000 10.1516495
inception_b2_1x7_2 6.0795951 0.0000000 9.7226028
inception_b2_7x1_3 8.8127661 0.0000000 8.8127661
inception_b2_1x7_3 9.3877220 0.0000000 10.0086803
inception_b2_pool_ave 3.6308689 0.0000000 5.2786851
inception_b2_1x1 5.6308026 0.0000000 5.6308026
inception_b2_concat 7.6241989 0.0000000 12.1927614
inception_b3_1x1_2 7.2193975 0.0000000 11.5453959
inception_b3_1x7_reduce 7.1788736 0.0000000 10.2519560
inception_b3_1x7 12.8530391 0.0000000 13.5270805
inception_b3_7x1 10.3168716 0.0000000 10.3168716
inception_b3_7x1_reduce 10.2642212 0.0000000 10.2642212
inception_b3_7x1_2 6.4444566 0.0000000 12.8826199
inception_b3_1x7_2 6.9903307 0.0000000 15.9700966
inception_b3_7x1_3 8.2785854 0.0000000 18.9132423
inception_b3_1x7_3 8.9178009 0.0000000 11.8845959
inception_b3_pool_ave 3.6642444 0.0000000 7.3249106
inception_b3_1x1 6.1770620 0.0000000 6.1770620
inception_b3_concat 8.9178009 0.0000000 11.8845959
inception_b4_1x1_2 8.3368149 0.0000000 8.8882608
inception_b4_1x7_reduce 11.1532221 0.0000000 11.1532221
inception_b4_1x7 7.4806166 0.0000000 13.2923803
inception_b4_7x1 9.1119385 0.0000000 12.1433191
inception_b4_7x1_reduce 8.8199892 0.0000000 10.8500710
inception_b4_7x1_2 8.3967896 0.0000000 14.9203367
inception_b4_1x7_2 10.5483761 0.0000000 21.0864506
inception_b4_7x1_3 9.8223748 0.0000000 9.8529396
inception_b4_1x7_3 6.4704485 0.0000000 11.4974022
inception_b4_pool_ave 3.2072780 0.0000000 6.4114237
inception_b4_1x1 6.0364995 0.0000000 6.0364995
inception_b4_concat 6.8339539 0.0000000 12.1433191
reduction_b_3x3_reduce 7.4351274 0.0000000 9.3651085
reduction_b_3x3 12.3751392 0.0000000 12.3751392
reduction_b_1x7_reduce 6.9366717 0.0000000 12.3258390
reduction_b_1x7 10.2504044 0.0000000 10.2504044
reduction_b_7x1 7.8039649 0.0000000 8.2687006
reduction_b_3x3_2 7.0179200 0.0000000 10.2028999
reduction_b_pool 6.8339539 0.0000000 12.1433191
reduction_b_concat 6.1905923 0.0000000 12.3751392
inception_c1_1x1_2 6.4971743 0.0000000 7.9926176
inception_c1_1x3_reduce 7.6214324 0.0000000 7.8415079
inception_c1_1x3 6.7478585 0.0000000 8.3010015
inception_c1_3x1 5.2433739 0.0000000 16.7706051
inception_c1_3x3_reduce 8.8762484 0.0000000 8.8762484
inception_c1_3x3 10.9458761 0.0000000 10.9458761
inception_c1_1x3_2 9.6698732 0.0000000 9.6698732
inception_c1_3x1_2 9.7456951 0.0000000 9.7456951
inception_c1_pool 3.7063320 0.0000000 7.4090443
inception_c1_1x1 4.0011444 0.0000000 4.0011444
inception_c1_concat 5.8197355 0.0000000 16.7706051
inception_c2_1x1_2 12.0757193 0.0000000 12.5831642
inception_c2_1x3_reduce 11.4661169 0.0000000 11.4661169
inception_c2_1x3 13.2505465 0.0000000 26.4881535
inception_c2_3x1 16.6917896 0.0000000 24.2671127
inception_c2_3x3_reduce 9.7143955 0.0000000 9.7143955
inception_c2_3x3 13.1721270 0.0000000 13.5097046
inception_c2_1x3_2 12.0010189 0.0000000 12.9732180
inception_c2_3x1_2 12.1012980 0.0000000 13.6316071
inception_c2_pool 10.4867477 0.0000000 16.7706051
inception_c2_1x1 10.4765873 0.0000000 10.4765873
inception_c2_concat 13.2505465 0.0000000 26.4881535
pool_8x8_s1 5.9132992 0.0000000 8.2262554
classifier 14.9557533 -3.1800437 14.9557533
