# genetated time: 2022-12-12 15:33:59.643642
# histogram number: 2048
# sample number: 1000
# tune number: 5
###
# op_name    threshold    min    max
data 1.0000000 -1.0000000 0.9921875
conv1_3x3_s2 13.8462391 0.0000000 24.6035156
conv2_3x3_s1 10.9643803 0.0000000 29.2240696
conv3_3x3_s1 11.0833092 0.0000000 25.3209095
inception_stem1_3x3_s2 9.5286068 0.0000000 20.3209438
inception_stem1_pool 11.0833092 0.0000000 25.3209095
inception_stem1 11.0833092 0.0000000 25.3209095
inception_stem2_3x3_reduce 6.7073975 0.0000000 17.8776588
inception_stem2_3x3 10.0056190 0.0000000 14.5465212
inception_stem2_1x7_reduce 8.3709450 0.0000000 14.8744135
inception_stem2_1x7 9.6132078 0.0000000 13.9760199
inception_stem2_7x1 11.6891336 0.0000000 20.7705345
inception_stem2_3x3_2 8.6853418 0.0000000 17.3622017
inception_stem2 9.7710094 0.0000000 17.3622017
inception_stem3_3x3_s2 8.7555752 0.0000000 14.4362974
inception_stem3_pool 9.7710094 0.0000000 17.3622017
inception_stem3 9.7710094 0.0000000 17.3622017
inception_a1_1x1_2 9.1583204 0.0000000 14.6461582
inception_a1_3x3_reduce 8.2224703 0.0000000 14.6105881
inception_a1_3x3 7.6196446 0.0000000 11.0777073
inception_a1_3x3_2_reduce 9.5005560 0.0000000 16.8816299
inception_a1_3x3_2 7.3671322 0.0000000 13.0907288
inception_a1_3x3_3 7.9586205 0.0000000 15.9094687
inception_a1_pool_ave 7.7804585 0.0000000 10.3688793
inception_a1_1x1 6.5643074 0.0000000 9.1291103
inception_a1_concat 7.9586205 0.0000000 15.9094687
inception_a2_1x1_2 8.4074392 0.0000000 16.8066673
inception_a2_3x3_reduce 8.2065554 0.0000000 13.1240768
inception_a2_3x3 9.1091661 0.0000000 18.2094364
inception_a2_3x3_2_reduce 8.9384689 0.0000000 14.2945671
inception_a2_3x3_2 7.1083670 0.0000000 10.3343945
inception_a2_3x3_3 10.4089346 0.0000000 16.6461639
inception_a2_pool_ave 4.3768930 0.0000000 8.7495117
inception_a2_1x1 7.4378398 0.0000000 8.8134632
inception_a2_concat 9.1091661 0.0000000 18.2094364
inception_a3_1x1_2 8.8345213 0.0000000 14.1283321
inception_a3_3x3_reduce 7.1316466 0.0000000 12.6722927
inception_a3_3x3 8.3774405 0.0000000 22.3289337
inception_a3_3x3_2_reduce 11.1862392 0.0000000 19.8769379
inception_a3_3x3_2 10.7411995 0.0000000 19.0861435
inception_a3_3x3_3 10.7463980 0.0000000 17.1858406
inception_a3_pool_ave 4.4155140 0.0000000 10.0876760
inception_a3_1x1 7.2510437 0.0000000 8.2856350
inception_a3_concat 9.7736807 0.0000000 22.3289337
inception_a4_1x1_2 8.9837484 0.0000000 13.0608902
inception_a4_3x3_reduce 9.1854725 0.0000000 18.3619747
inception_a4_3x3 8.9126673 0.0000000 17.8166313
inception_a4_3x3_2_reduce 9.5492592 0.0000000 15.2713547
inception_a4_3x3_2 7.9208670 0.0000000 12.6671991
inception_a4_3x3_3 7.9666367 0.0000000 18.2005634
inception_a4_pool_ave 4.8329329 0.0000000 9.6611462
inception_a4_1x1 6.7254608 0.0000000 11.5036707
inception_a4_concat 7.9666367 0.0000000 18.2005634
reduction_a_3x3 7.3954820 0.0000000 12.6497192
reduction_a_3x3_2_reduce 8.6980000 0.0000000 15.4555616
reduction_a_3x3_2 7.7324162 0.0000000 20.6097069
reduction_a_3x3_3 7.3714581 0.0000000 23.5771465
reduction_a_pool 9.1047277 0.0000000 18.2005634
reduction_a_concat 8.8457489 0.0000000 23.5771465
inception_b1_1x1_2 8.0002899 0.0000000 11.6311035
inception_b1_1x7_reduce 8.7545967 0.0000000 15.5561275
inception_b1_1x7 8.9605713 0.0000000 17.9123917
inception_b1_7x1 7.7742300 0.0000000 17.7609921
inception_b1_7x1_2_reduce 6.9487796 0.0000000 15.8751698
inception_b1_7x1_2 9.4793415 0.0000000 13.7814007
inception_b1_1x7_2 9.3312445 0.0000000 18.6533756
inception_b1_7x1_3 11.6833057 0.0000000 20.7601795
inception_b1_1x7_3 10.0263166 0.0000000 40.0856857
inception_b1_pool_ave 4.9255719 0.0000000 11.2529535
inception_b1_1x1 6.2272301 0.0000000 6.2272301
inception_b1_concat 7.5197372 0.0000000 40.0856857
inception_b2_1x1_2 9.8772888 0.0000000 22.5656357
inception_b2_1x7_reduce 7.9138489 0.0000000 42.1865845
inception_b2_1x7 11.9492550 0.0000000 38.2189484
inception_b2_7x1 5.4031301 0.0000000 43.2039337
inception_b2_7x1_2_reduce 5.8448763 0.0000000 46.7361794
inception_b2_7x1_2 5.4378448 0.0000000 43.4815178
inception_b2_1x7_2 7.0735245 0.0000000 37.7070427
inception_b2_7x1_3 8.4168186 0.0000000 44.8677788
inception_b2_1x7_3 6.7981169 0.0000000 40.2712936
inception_b2_pool_ave 4.4375305 0.0000000 14.1931648
inception_b2_1x1 6.0045085 0.0000000 10.6694698
inception_b2_concat 7.2931703 0.0000000 43.2039337
inception_b3_1x1_2 11.7586708 0.0000000 37.6093750
inception_b3_1x7_reduce 6.8601074 0.0000000 27.4270306
inception_b3_1x7 8.1209192 0.0000000 12.9871264
inception_b3_7x1 6.1848879 0.0000000 9.8909883
inception_b3_7x1_2_reduce 12.2963848 0.0000000 39.3292160
inception_b3_7x1_2 13.4289408 0.0000000 26.8447666
inception_b3_1x7_2 10.8586311 0.0000000 24.8076096
inception_b3_7x1_3 11.3822746 0.0000000 36.4054947
inception_b3_1x7_3 6.2699223 0.0000000 50.1348877
inception_b3_pool_ave 4.4204917 0.0000000 11.7822227
inception_b3_1x1 6.4301391 0.0000000 11.4257765
inception_b3_concat 6.2699223 0.0000000 50.1348877
inception_b4_1x1_2 7.3461041 0.0000000 39.1600914
inception_b4_1x7_reduce 9.1696653 0.0000000 29.3286018
inception_b4_1x7 7.6450996 0.0000000 20.3769779
inception_b4_7x1 7.0014153 0.0000000 15.9954214
inception_b4_7x1_2_reduce 6.0690255 0.0000000 48.5284958
inception_b4_7x1_2 7.4088712 0.0000000 59.2420273
inception_b4_1x7_2 7.5031921 0.0000000 68.5824280
inception_b4_7x1_3 6.5965371 0.0000000 105.4930573
inception_b4_1x7_3 9.6864271 0.0000000 154.9071655
inception_b4_pool_ave 4.6719408 0.0000000 24.9048519
inception_b4_1x1 5.6025801 0.0000000 12.7996445
inception_b4_concat 9.6864271 0.0000000 154.9071655
inception_b5_1x1_2 6.0320344 0.0000000 96.4654236
inception_b5_1x7_reduce 7.9943662 0.0000000 127.8474045
inception_b5_1x7 5.8830900 0.0000000 47.0417404
inception_b5_7x1 6.7789893 0.0000000 27.1027164
inception_b5_7x1_2_reduce 10.3003216 0.0000000 164.7246704
inception_b5_7x1_2 10.9818096 0.0000000 175.6231537
inception_b5_1x7_2 14.6518803 0.0000000 234.3156128
inception_b5_7x1_3 22.0567799 0.0000000 352.7361450
inception_b5_1x7_3 24.1040478 0.0000000 385.4764404
inception_b5_pool_ave 3.7945833 0.0000000 30.3418446
inception_b5_1x1 5.2968307 0.0000000 14.1179848
inception_b5_concat 24.1040478 0.0000000 385.4764404
inception_b6_1x1_2 16.5642071 0.0000000 264.8979187
inception_b6_1x7_reduce 8.8098764 0.0000000 140.8891907
inception_b6_1x7 9.8509846 0.0000000 157.5387878
inception_b6_7x1 7.5007658 0.0000000 119.9536514
inception_b6_7x1_2_reduce 14.3166456 0.0000000 228.9544830
inception_b6_7x1_2 11.3677349 0.0000000 181.7949524
inception_b6_1x7_2 13.2702875 0.0000000 212.2209320
inception_b6_7x1_3 11.7547340 0.0000000 187.9839172
inception_b6_1x7_3 8.0108013 0.0000000 128.1102295
inception_b6_pool_ave 6.4667273 0.0000000 103.4171143
inception_b6_1x1 9.2960606 0.0000000 148.6643372
inception_b6_concat 16.5642071 0.0000000 264.8979187
inception_b7_1x1_2 5.3434424 0.0000000 85.4533310
inception_b7_1x7_reduce 10.3575506 0.0000000 165.6398926
inception_b7_1x7 9.1154804 0.0000000 145.7764740
inception_b7_7x1 8.5585566 0.0000000 136.8700409
inception_b7_7x1_2_reduce 12.1648684 0.0000000 194.5428619
inception_b7_7x1_2 10.9964552 0.0000000 175.8573761
inception_b7_1x7_2 12.9512997 0.0000000 207.1196136
inception_b7_7x1_3 13.5965137 0.0000000 217.4380035
inception_b7_1x7_3 12.9007778 0.0000000 206.3116608
inception_b7_pool_ave 7.1809549 0.0000000 114.8391800
inception_b7_1x1 8.7913961 0.0000000 140.5936584
inception_b7_concat 186.9705725 0.0000000 206.3116608
reduction_b_3x3_reduce 13.7080069 0.0000000 219.2210236
reduction_b_3x3 17.1284294 0.0000000 273.9210510
reduction_b_1x7_reduce 18.4417324 0.0000000 294.9236450
reduction_b_1x7 15.3577690 0.0000000 245.6043243
reduction_b_7x1 11.4051466 0.0000000 182.3932495
reduction_b_3x3_2 11.0850143 0.0000000 177.2736206
reduction_b_pool 12.9007778 0.0000000 206.3116608
reduction_b_concat 17.1284294 0.0000000 273.9210510
inception_c1_1x1_2 5.8458028 0.0000000 93.4871750
inception_c1_1x1_3 6.6171885 0.0000000 105.8233185
inception_c1_1x3 7.2148857 0.0000000 19.2303009
inception_c1_3x1 10.9109964 0.0000000 13.4223614
inception_c1_1x1_4 22.7060509 0.0000000 363.1194153
inception_c1_3x1_2 20.2741146 0.0000000 324.2274475
inception_c1_1x3_2 13.5107832 0.0000000 216.0669708
inception_c1_1x3_3 21.0888386 0.0000000 337.2566528
inception_c1_3x1_3 19.6628361 0.0000000 314.4517517
inception_c1_pool_ave 5.6389232 0.0000000 90.1787186
inception_c1_1x1 4.8801396 0.0000000 31.2274017
inception_c1_concat 21.0888386 0.0000000 337.2566528
inception_c2_1x1_2 3.9924543 0.0000000 31.9240379
inception_c2_1x1_3 14.5424747 0.0000000 232.5659790
inception_c2_1x3 7.9040546 0.0000000 15.8003902
inception_c2_3x1 15.7320690 0.0000000 251.5901947
inception_c2_1x1_4 20.9452591 0.0000000 334.9605103
inception_c2_3x1_2 21.3490295 0.0000000 341.4176941
inception_c2_1x3_2 18.5127811 0.0000000 296.0598755
inception_c2_1x3_3 20.6648254 0.0000000 330.4757690
inception_c2_3x1_3 10.9514608 0.0000000 175.1378174
inception_c2_pool_ave 3.0962174 0.0000000 49.5152893
inception_c2_1x1 3.3043694 0.0000000 7.5491567
inception_c2_concat 253.0230331 0.0000000 330.4757690
inception_c3_1x1_2 10.1028335 0.0000000 44.2695084
inception_c3_1x1_3 27.5273501 0.0000000 31.0160923
inception_c3_1x3 15.4204998 0.0000000 41.1012535
inception_c3_3x1 15.6462374 0.0000000 35.7453651
inception_c3_1x1_4 241.9207153 0.0000000 241.9207153
inception_c3_3x1_2 14.0579443 0.0000000 224.8172760
inception_c3_1x3_2 9.7270851 0.0000000 155.5573730
inception_c3_1x3_3 12.1718731 0.0000000 32.4424782
inception_c3_3x1_3 10.7752018 0.0000000 24.6170063
inception_c3_pool_ave 2.6700907 0.0000000 42.7005920
inception_c3_1x1 10.1871794 0.0000000 15.6672850
inception_c3_concat 13.8409796 0.0000000 44.2695084
pool_8x8_s1 6.3990472 0.0000000 8.4261360
classifier 12.0506592 -5.3083730 27.5309162
