# genetated time: 2023-03-25 02:43:30.781069
# histogram number: 2048
# sample number: 100
# tune number: 5
###
# op_name    threshold    min    max
data 2.5680201 -2.1025600 2.5680201
conv1/bn 6.7300344 0.0000000 8.9689980
conv2_1/expand/bn 4.0342536 0.0000000 9.9262180
conv2_1/dwise/bn 9.2015775 -0.0000000 15.6604691
conv2_1/linear/bn 15.5847931 -27.6927700 18.7325344
conv2_2/expand/bn 5.5213408 0.0000000 29.4327736
conv2_2/dwise/bn 8.8413468 -0.0000000 22.0979691
conv2_2/linear/bn 12.8268280 -17.7505531 25.6411304
conv3_1/expand/bn 2.9397702 0.0000000 9.4026709
conv3_1/dwise/bn 6.8290768 -0.0000000 15.6016960
conv3_1/linear/bn 9.7913745 -12.9438753 10.2948647
block_3_1 15.6133804 -19.2070866 18.5355148
conv3_2/expand/bn 4.2930064 0.0000000 17.1636410
conv3_2/dwise/bn 7.7086479 -0.0000000 8.7759533
conv3_2/linear/bn 12.1781797 -12.1781797 11.1664391
conv4_1/expand/bn 2.4596105 0.0000000 3.5758684
conv4_1/dwise/bn 3.4391424 -0.0000000 6.2504878
conv4_1/linear/bn 6.8288736 -4.8335552 6.8288736
block_4_1 11.6485519 -11.1727762 11.6485519
conv4_2/expand/bn 2.9707167 0.0000000 2.9707167
conv4_2/dwise/bn 3.3812583 -0.0000000 6.1452861
conv4_2/linear/bn 4.7368670 -4.6964054 4.7368670
block_4_2 10.0996981 -11.2991505 11.5368757
conv4_3/expand/bn 3.1191096 0.0000000 4.5346713
conv4_3/dwise/bn 7.2028932 -0.0000000 11.5226030
conv4_3/linear/bn 6.4365568 -8.4492435 8.5778856
conv4_4/expand/bn 2.2132604 0.0000000 3.2177160
conv4_4/dwise/bn 3.8719324 -0.0000000 6.6955400
conv4_4/linear/bn 6.0215497 -5.3738379 6.8784108
block_4_4 8.4663696 -9.2880630 9.6711264
conv4_5/expand/bn 1.9247631 0.0000000 3.4201303
conv4_5/dwise/bn 4.3155830 -0.0000000 6.5128269
conv4_5/linear/bn 6.7910047 -6.7257075 7.6504149
block_4_5 10.4413805 -10.2774925 11.1320343
conv4_6/expand/bn 1.8325193 0.0000000 3.2562213
conv4_6/dwise/bn 4.6892702 -0.0000000 17.4430962
conv4_6/linear/bn 7.7056696 -10.7650614 10.3664379
block_4_6 10.4408722 -18.5524864 13.2030277
conv4_7/expand/bn 2.8102503 0.0000000 5.6177564
conv4_7/dwise/bn 5.7003281 -0.0000000 11.9985313
conv4_7/linear/bn 7.6921010 -7.9169636 8.7866802
conv5_1/expand/bn 2.4355299 0.0000000 5.5642071
conv5_1/dwise/bn 3.4532702 -0.0000000 6.9045167
conv5_1/linear/bn 5.9969053 -5.7666669 5.9969053
block_5_1 7.4413610 -8.6398954 9.1541262
conv5_2/expand/bn 2.5369098 0.0000000 4.0570741
conv5_2/dwise/bn 4.0654523 -0.0000000 11.2118301
conv5_2/linear/bn 6.3592641 -7.1838942 7.5909925
block_5_2 8.4468098 -10.3909969 9.9716454
conv5_3/expand/bn 2.4904676 0.0000000 5.3463240
conv5_3/dwise/bn 5.3590654 -0.0000000 13.3943920
conv5_3/linear/bn 7.2449336 -7.1563215 7.2449336
conv6_1/expand/bn 1.8516622 0.0000000 3.2902365
conv6_1/dwise/bn 2.6832404 -0.0000000 5.9611387
conv6_1/linear/bn 4.5203678 -4.8213801 4.7631359
block_6_1 9.1817684 -9.1817684 8.3056564
conv6_2/expand/bn 1.7213423 0.0000000 3.9325757
conv6_2/dwise/bn 3.1501082 -0.0000000 10.9524784
conv6_2/linear/bn 6.2706051 -6.0082254 6.2706051
block_6_2 10.6819344 -10.6819344 8.7032204
conv6_3/expand/bn 2.5706565 0.0000000 4.5678244
conv6_3/dwise/bn 4.2274353 -0.0000000 6.9713688
conv6_3/linear/bn 3.7288382 -4.5870986 4.1601896
conv6_4/bn 21.3572590 0.0000000 27.5512409
pool6 4.9147662 0.0000000 8.1035252
fc7 30.7363434 -18.2707386 30.7363434
prob 0.0625303 0.0000000 0.9999958
