# genetated time: 2022-12-14 16:35:47.282374
# histogram number: 2048
# sample number: 100
# tune number: 5
###
# op_name    threshold    min    max
data 0.9999825 -0.9999825 0.9999825
conv0 22.0038464 0.0000000 25.1454983
conv1/dw 23.9432335 -0.0000000 38.3054314
conv1 111.9029953 0.0000000 159.8502655
conv2/dw 30.0061317 -0.0000000 32.4386330
conv2 29.2193336 0.0000000 77.8801727
conv3/dw 23.0364532 -0.0000000 46.6379356
conv3 36.6141853 0.0000000 58.5540886
conv4/dw 9.3169960 -0.0000000 14.9028254
conv4 14.6510820 0.0000000 21.3002586
conv5/dw 9.6553764 -0.0000000 17.5497742
conv5 15.2829447 0.0000000 17.4576950
conv6/dw 8.7974722 -0.0000000 21.1602440
conv6 10.8211746 0.0000000 19.2282505
conv7/dw 8.6486349 -0.0000000 15.3678436
conv7 8.3450813 0.0000000 13.3456116
conv8/dw 12.8769198 -0.0000000 23.2761307
conv8 9.7117567 0.0000000 14.1192932
conv9/dw 8.5239937 -0.0000000 14.0567265
conv9 15.4554100 0.0000000 24.7165813
conv10/dw 8.9325274 -0.0000000 19.0497303
conv10 10.3969040 0.0000000 18.4743595
conv11/dw 15.6187240 -0.0000000 23.5734768
conv11 14.0943480 0.0000000 17.3457165
conv12/dw 13.2361843 -0.0000000 18.2552681
conv12 8.6831150 0.0000000 13.8862009
conv13/dw 27.6709270 -0.0000000 27.6709270
conv13 36.5428196 0.0000000 40.6009293
conv14_1 8.4694836 0.0000000 9.4100266
conv14_2 6.0599837 0.0000000 6.0599837
conv15_1 5.2237563 0.0000000 5.2237563
conv15_2 5.4652076 0.0000000 5.4652076
conv16_1 3.4083610 0.0000000 3.4083610
conv16_2 5.3159482 0.0000000 5.3661494
conv17_1 6.0936041 0.0000000 6.0936041
conv17_2 8.2158518 0.0000000 8.2158518
conv11_mbox_loc 18.0898056 -18.0898056 5.0798392
conv11_mbox_loc_perm 18.0898056 -18.0898056 5.0798392
conv11_mbox_loc_flat 18.0898056 -18.0898056 5.0798392
conv11_mbox_conf 256.5556229 -353.8042603 -5.9597583
conv11_mbox_conf_perm 256.5556229 -353.8042603 -5.9597583
conv11_mbox_conf_flat 353.8042603 -353.8042603 -5.9597583
conv13_mbox_loc 32.2181091 -32.2181091 18.8443375
conv13_mbox_loc_perm 32.2181091 -32.2181091 18.8443375
conv13_mbox_loc_flat 32.2181091 -32.2181091 18.8443375
conv13_mbox_conf 395.7262070 -472.3745728 12.9541836
conv13_mbox_conf_perm 395.7262070 -472.3745728 12.9541836
conv13_mbox_conf_flat 354.4540100 -472.3745728 12.9541836
conv14_2_mbox_loc 4.2408118 -4.2408118 4.1017246
conv14_2_mbox_loc_perm 4.2408118 -4.2408118 4.1017246
conv14_2_mbox_loc_flat 4.2408118 -4.2408118 4.1017246
conv14_2_mbox_conf 135.4197235 -135.4197235 -3.1528807
conv14_2_mbox_conf_perm 135.4197235 -135.4197235 -3.1528807
conv14_2_mbox_conf_flat 135.4197235 -135.4197235 -3.1528807
conv15_2_mbox_loc 3.8347583 -3.7334039 3.8347583
conv15_2_mbox_loc_perm 3.8347583 -3.7334039 3.8347583
conv15_2_mbox_loc_flat 3.8347583 -3.7334039 3.8347583
conv15_2_mbox_conf 131.8074646 -131.8074646 -3.2252791
conv15_2_mbox_conf_perm 131.8074646 -131.8074646 -3.2252791
conv15_2_mbox_conf_flat 131.8074646 -131.8074646 -3.2252791
conv16_2_mbox_loc 3.3047037 -3.3047037 2.7086074
conv16_2_mbox_loc_perm 3.3047037 -3.3047037 2.7086074
conv16_2_mbox_loc_flat 3.3047037 -3.3047037 2.7086074
conv16_2_mbox_conf 103.3616638 -103.3616638 -5.7280912
conv16_2_mbox_conf_perm 103.3616638 -103.3616638 -5.7280912
conv16_2_mbox_conf_flat 103.3616638 -103.3616638 -5.7280912
conv17_2_mbox_loc 3.5025802 -3.5025802 2.5639155
conv17_2_mbox_loc_perm 3.5025802 -3.5025802 2.5639155
conv17_2_mbox_loc_flat 3.5025802 -3.5025802 2.5639155
conv17_2_mbox_conf 160.7286224 -160.7286224 -2.6596205
conv17_2_mbox_conf_perm 160.7286224 -160.7286224 -2.6596205
conv17_2_mbox_conf_flat 160.7286224 -160.7286224 -2.6596205
mbox_loc 31.8159730 -32.2181091 18.8443375
mbox_conf 354.4540100 -472.3745728 12.9541836
mbox_conf_reshape 442.8944321 -472.3745728 12.9541836
mbox_conf_softmax 1.0000000 0.0000000 1.0000000
mbox_conf_flatten 1.0000000 0.0000000 1.0000000
detection_out 1.2506107 -1.0000000 20.0000000
