# genetated time: 2023-01-10 18:13:20.872241
# histogram number: 2048
# sample number: 100
# tune number: 5
###
# op_name    threshold    min    max
input 0.9999825 -0.9999825 0.9999825
1321_Relu 44.5884194 0.0000000 63.6755257
1322_Conv 44.0759426 -100.7070618 58.3274918
1324_Relu 32.8252411 0.0000000 58.3274918
1325_Conv 39.4525047 -61.3828049 65.0602417
1328_Relu 64.7345352 0.0000000 69.0164566
1329_Conv 68.2337761 -86.7476959 104.9474335
1330_Conv 54.7327587 -99.4743500 53.0663567
1333_Conv 37.4111194 -80.1054916 89.9836197
1336_Relu 33.2778816 0.0000000 63.7438126
1337_Conv 39.7170639 -81.9771423 28.1028557
1338_Conv 54.8966494 -87.8088989 79.9580078
1340_Add 69.3237734 -96.4197464 79.7201767
1341_MaxPool 58.3274918 -30.4226933 58.3274918
1343_Conv 70.4723907 -85.4258499 88.7789917
1346_Relu 64.4608046 0.0000000 83.1634369
1347_Conv 78.0628204 -141.8882904 113.2065125
1348_Conv 65.1307510 -118.3827438 57.6736794
1350_Add 59.5061997 -108.1594620 73.9746323
1352_AveragePool 47.8516197 -47.8516197 29.0203476
1354_Conv 43.8300594 -74.3609085 76.1986771
1357_Relu 25.0372925 0.0000000 36.4001007
1358_Conv 34.2683690 -37.7933464 59.5756531
1359_Conv 67.0519409 -107.2307281 103.0757217
1361_Add_move_ahead_relu 60.4131775 0.0000000 107.3487625
1363_AveragePool 54.2635651 -54.2635651 36.1263580
1364_Add_move_ahead_relu 69.0027084 0.0000000 78.8217316
1365_Relu 49.8494530 0.0000000 79.7201767
1366_Conv 35.2135865 -43.3290520 41.9783020
1369_Relu 16.9851913 0.0000000 24.6936684
1370_Conv 16.4166054 -21.5848331 22.3458405
1371_Conv 30.4790134 -20.5818768 30.4790134
1373_MaxPool 36.4724922 -30.4226933 58.3274918
1374_Add_move_ahead_relu 51.3460922 0.0000000 51.3460922
1350_Add_move_ahead_relu 61.0372025 0.0000000 73.9746323
1375_Concat_relu 61.7478274 0.0000000 107.3487625
1377_Conv 32.8999023 -58.4601517 27.4487400
1381_AveragePool 39.6363571 0.0000000 56.6036148
1382_Conv 30.6798191 -61.3296776 51.6039085
1383_Pad 42.2025311 0.0000000 63.6755257
1393_Slice 42.2025311 0.0000000 63.6755257
1395_AveragePool 39.8166428 0.0000000 63.6755257
1396_Conv 30.7364319 -35.3767090 33.7777824
1397_Concat 30.2933247 -61.3296776 51.6039085
1418_Relu 40.1764755 -0.0000000 40.1764755
1399_Relu 22.3129959 0.0000000 27.4487400
1401_Conv 16.0190355 -19.5950661 20.6609325
1402_Conv 15.5784683 -15.1202221 19.1641388
1412_Slice 15.5784683 -15.1202221 19.1641388
1414_Relu 27.9931183 -0.0000000 27.9931183
1415_Conv 8.2590878 -10.9724789 11.2420473
1416_Conv 30.0888004 -30.0888004 21.9261284
1420_Conv 21.2206116 -48.4805679 37.3558540
1421_Conv 26.9672680 -28.7510395 24.2210217
1431_Slice 26.9672680 -28.7510395 24.2210217
1433_Relu 25.2707743 -0.0000000 28.7696533
1434_Conv 8.2163754 -18.7711163 13.4177237
1435_Conv 22.0519616 -47.3392754 35.2942429
1437_Add 50.4417419 -50.4417419 33.9990692
1439_MaxPool 27.4487400 -18.6009350 27.4487400
1449_Slice 27.4487400 -17.1911240 27.4487400
1452_Conv 30.3993745 -17.3962708 33.1942062
1453_Conv 17.6820256 -19.8616276 21.0259418
1463_Slice 17.0919228 -19.8616276 21.0259418
1465_Relu 25.5017853 -0.0000000 28.3307037
1466_Conv 24.0033123 -20.1629753 29.0919094
1467_Conv 33.3987797 -33.0167503 45.2733612
1469_Add 50.5143890 -32.3404465 50.5143890
1472_AveragePool 19.9430351 -24.5332870 16.9114952
1482_Slice 24.5332870 -24.5332870 16.9114952
1485_Conv 22.8514557 -45.4040108 45.6805954
1486_Conv 35.7937775 -57.2420807 55.2265701
1496_Slice 35.7937775 -57.2420807 55.2265701
1498_Relu 49.7139053 -0.0000000 49.7139053
1499_Conv 27.6375141 -55.2480392 53.7629509
1500_Conv 40.4882736 -107.9160156 59.4748611
1502_Add_move_ahead_relu 41.3158340 0.0000000 60.0664177
1504_AveragePool 30.0205116 -30.0205116 23.9969540
1505_Add_move_ahead_relu 38.2940865 0.0000000 47.1081696
1506_Relu 33.9990692 0.0000000 33.9990692
1508_Conv 13.8425234 -13.1189413 14.2874804
1509_Conv 7.8248729 -3.3173335 8.4592104
1519_Slice 7.1905355 -3.3173335 8.4592104
1521_Relu 8.9952371 -0.0000000 11.8432226
1522_Conv 9.5838070 -7.2480955 9.7042208
1523_Conv 13.9193029 -10.6165676 13.9193029
1526_MaxPool 27.4487400 -18.6009350 27.4487400
1536_Slice 27.4487400 -17.1911240 27.4487400
1537_Add_move_ahead_relu 27.4659996 0.0000000 27.4659996
1469_Add_move_ahead_relu 50.5143890 0.0000000 50.5143890
1538_Concat_relu 41.3158340 0.0000000 60.0664177
1541_AveragePool 62.3766078 0.0000000 92.8111343
1542_Conv 125.1110992 -125.1110992 69.5408173
1543_Pad 61.7478274 0.0000000 107.3487625
1553_Slice 61.7478274 0.0000000 107.3487625
1555_AveragePool 61.4384522 0.0000000 87.7386017
1556_Conv 106.1330902 -136.9135590 72.1483307
1557_Concat 106.1330902 -136.9135590 72.1483307
1558_BatchNormalization 47.4624189 -59.0880775 28.5314789
1560_Conv 27.0008879 -37.5544891 24.7845039
1562_Relu 24.7845039 0.0000000 24.7845039
1563_Conv 7.4440503 -9.0244884 9.1574345
1566_Relu 13.5102596 0.0000000 18.0048828
1567_Conv 5.8246418 -8.1004429 7.6150522
1568_Conv 21.3903770 -34.2078896 16.3087845
1570_Relu 24.9772415 0.0000000 28.5314789
1571_Conv 8.1067996 -10.9890862 10.2306833
1574_Relu 16.7782555 0.0000000 20.6400776
1575_Conv 7.6407720 -10.5048885 11.0106726
1576_Conv 31.6428223 -46.0034523 33.9073448
1578_Add_move_ahead_relu 29.6548939 0.0000000 33.8747597
1580_Conv 16.4878521 -19.7955456 22.4428196
1583_Relu 17.0419235 0.0000000 17.0419235
1584_Conv 9.3691520 -11.1670532 12.7010956
1585_Conv 35.0720139 -50.9889297 36.0170555
1588_Conv 9.3921439 -15.0230265 11.2874327
1591_Relu 23.2610970 0.0000000 23.2610970
1592_Conv 8.1072631 -10.5615797 11.3260994
1593_Conv 40.5061111 -58.8892097 30.7530689
1595_Add_move_ahead_relu 37.3730659 0.0000000 37.3730659
1597_AveragePool 20.4771271 -18.9652405 20.4771271
1598_Add_move_ahead_relu 24.6496334 0.0000000 35.8365059
1600_AveragePool 19.2161160 -34.1453018 13.8780966
1602_AveragePool 19.2161160 -34.1453018 13.8780966
1603_Add_move_ahead_relu 24.7236224 0.0000000 27.7561932
1605_Conv 8.2570171 -11.0039806 9.5441504
1608_Relu 10.7848721 0.0000000 13.2672081
1609_Conv 4.8327065 -5.9027648 7.7285547
1610_Conv 25.3967896 -36.9227486 23.0232658
1612_Add_move_ahead_relu 26.2022705 0.0000000 26.2022705
1558_BatchNormalization_move_ahead_relu 24.9772415 0.0000000 28.5314789
1613_Concat_relu 25.7065353 0.0000000 37.3730659
1615_Conv 26.3170395 -35.0722542 21.5062256
1618_Conv 33.9843319 -34.9603882 30.4457169
1620_Relu 30.2568255 0.0000000 30.4457169
1621_Conv 11.9310293 -15.7384634 15.9002714
1624_Relu 15.0777817 0.0000000 18.5482082
1625_Conv 8.7135468 -12.6680613 11.8622561
1626_Conv 33.0574226 -40.6661911 24.3577957
1628_Relu 14.7927532 0.0000000 21.5062256
1629_Conv 5.0712218 -7.5455503 5.4201217
1632_Relu 15.7998190 0.0000000 16.8449116
1633_Conv 4.5528476 -7.0597110 8.6682596
1634_Conv 21.1616096 -33.0476761 37.6022720
1636_Add_move_ahead_relu 31.7270241 0.0000000 36.2417526
1638_Conv 6.3686709 -8.0162039 9.2589979
1641_Relu 17.5046291 0.0000000 17.5046291
1642_Conv 8.5106916 -15.1227303 12.4264603
1643_Conv 23.8661785 -38.1672401 25.4061680
1646_Conv 3.9897180 -7.2511344 5.7260160
1649_Relu 15.6258173 0.0000000 15.6258173
1650_Conv 5.8473120 -8.7867737 9.3511314
1651_Conv 31.4696255 -38.7129326 34.2211189
1653_Add_move_ahead_relu 28.0014610 0.0000000 34.4465103
1655_AveragePool 23.5500031 -23.5500031 16.0288620
1656_Add_move_ahead_relu 21.8070961 0.0000000 24.2261620
1658_AveragePool 19.3671207 -23.8248177 10.7853165
1660_AveragePool 19.3671207 -23.8248177 10.7853165
1661_Add_move_ahead_relu 21.5706329 0.0000000 21.5706329
1663_Conv 11.7745380 -15.6917191 15.6523800
1666_Relu 14.5714407 0.0000000 14.5714407
1667_Conv 6.2470174 -6.2782631 9.9903469
1668_Conv 29.4561253 -33.6477051 28.8615284
1670_Add_move_ahead_relu 37.1283340 0.0000000 37.1283340
1615_Conv_move_ahead_relu 21.5062256 0.0000000 21.5062256
1671_Concat_relu 23.2165451 0.0000000 37.1283340
1673_Conv 24.5743217 -35.7270164 28.3780899
1676_Conv 27.0575600 -33.2853508 21.6222458
1678_Relu 21.3539482 0.0000000 21.6222458
1679_Conv 11.2921791 -15.0488873 14.8379173
1682_Relu 13.8265371 0.0000000 13.8265371
1683_Conv 5.5695529 -7.4629879 8.9069328
1684_Conv 24.8930193 -29.7145576 28.5948124
1686_Relu 17.2112350 0.0000000 28.3780899
1687_Conv 6.7068485 -7.3866453 8.6519527
1690_Relu 13.2744734 0.0000000 18.4610691
1691_Conv 7.4784613 -7.6172166 8.5426397
1692_Conv 25.6852169 -44.9954796 45.6403122
1694_Add_move_ahead_relu 32.7391930 0.0000000 52.3571320
1696_Conv 6.5107541 -8.6767664 8.6363840
1699_Relu 16.4659863 0.0000000 23.9388313
1700_Conv 8.9710641 -13.3321562 15.3446989
1701_Conv 21.9361809 -25.7976341 20.2180119
1704_Conv 5.9117414 -9.0919123 7.9836645
1707_Relu 13.7154293 0.0000000 19.9399738
1708_Conv 4.7130289 -8.9732313 7.5808229
1709_Conv 31.4936447 -45.7865677 37.8478508
1711_Add_move_ahead_relu 29.3800220 0.0000000 42.7137108
1713_AveragePool 18.9334202 -18.9334202 15.3240547
1714_Add_move_ahead_relu 24.6693062 0.0000000 30.3546944
1716_AveragePool 16.8573742 -17.9724197 11.5747614
1718_AveragePool 16.8573742 -17.9724197 11.5747614
1719_Add_move_ahead_relu 23.1495228 0.0000000 23.1495228
1721_Conv 8.1887665 -10.1672421 10.9130239
1724_Relu 12.2133198 0.0000000 15.0244389
1725_Conv 4.7063660 -6.8588428 7.1010036
1726_Conv 21.1445999 -30.3440990 33.8148422
1728_Add_move_ahead_relu 26.3749027 0.0000000 38.3447609
1673_Conv_move_ahead_relu 24.6558049 0.0000000 28.3780899
1729_Concat_relu 32.7391930 0.0000000 52.3571320
1731_Conv 21.6605930 -21.6605930 21.5642776
1734_Conv 40.1581226 -40.9197464 32.9944992
1736_Relu 30.3228624 0.0000000 32.9944992
1737_Conv 12.9634361 -15.6842480 17.2761421
1740_Relu 17.9800640 0.0000000 18.1489639
1741_Conv 6.2644994 -8.5532351 8.7121611
1742_Conv 26.3852921 -32.4583473 31.7295570
1744_Relu 14.8326836 0.0000000 21.5642776
1745_Conv 7.4025804 -7.3598113 11.6665373
1748_Relu 11.8458724 0.0000000 17.8731480
1749_Conv 4.7407727 -6.8923025 6.4776869
1750_Conv 22.6788559 -30.2237110 22.9989109
1752_Add_move_ahead_relu 33.7546043 0.0000000 33.7546043
1754_Conv 9.6669697 -11.3827286 12.0792866
1757_Relu 7.8328629 0.0000000 12.5264606
1758_Conv 6.1025977 -7.3911700 8.1328239
1759_Conv 16.8847427 -27.0023956 23.4740200
1762_Conv 6.8091688 -9.2684565 8.4689159
1765_Relu 13.3490078 0.0000000 22.0100040
1766_Conv 6.0367059 -5.7327461 6.3519773
1767_Conv 27.1717319 -39.5032196 25.0314693
1769_Add_move_ahead_relu 24.7754612 0.0000000 24.7754612
1771_AveragePool 24.3691292 -25.9810467 18.3441620
1772_Add_move_ahead_relu 23.5716743 0.0000000 23.5716743
1774_AveragePool 16.1783314 -16.1783314 8.8839903
1776_AveragePool 16.1783314 -16.1783314 8.8839903
1777_Add_move_ahead_relu 17.7679806 0.0000000 17.7679806
1779_Conv 8.3867226 -13.4122047 12.4954062
1782_Relu 19.1785755 0.0000000 19.1785755
1783_Conv 4.3579459 -7.7436767 6.9953861
1784_Conv 19.9039116 -22.3453026 16.5656357
1786_Add_move_ahead_relu 34.6202812 0.0000000 36.9102669
1731_Conv_move_ahead_relu 21.2276979 0.0000000 21.5642776
1787_Concat_relu 25.3882065 0.0000000 36.9102669
1813_Relu 32.5508011 0.0000000 34.8317986
1792_Conv 19.7787018 -19.7787018 17.9847317
1794_Relu 17.9847317 0.0000000 17.9847317
1796_Conv 5.4419708 -10.8786268 9.0340929
1797_Conv 8.6381374 -13.7471466 4.8245034
1807_Slice 7.7365475 -13.7471466 4.8245034
1809_Relu 19.1914558 -0.0000000 19.1914558
1810_Conv 7.9739231 -13.1529140 13.7889090
1811_Conv 34.9639511 -39.9392891 24.9724522
1815_Conv 13.3046894 -22.7572155 19.0730286
1816_Conv 15.4023619 -13.6686258 15.4023619
1826_Slice 14.0458498 -13.6686258 14.0458498
1828_Relu 21.8013557 -0.0000000 23.3290863
1829_Conv 10.7616856 -15.0344114 11.3600817
1830_Conv 33.8185158 -41.6024628 27.5428600
1832_Add 48.8959389 -48.8959389 29.2030067
1834_MaxPool 13.4951382 -15.5036774 17.9847317
1844_Slice 15.9644146 -15.5036774 17.9847317
1847_Conv 17.4131578 -22.3833408 24.0136986
1848_Conv 12.0593929 -14.3385544 16.0713406
1858_Slice 12.0593929 -14.3385544 16.0713406
1860_Relu 19.1336765 -0.0000000 19.1336765
1861_Conv 8.7955073 -13.2175827 13.5269747
1862_Conv 30.1039200 -34.3876801 16.7005081
1864_Add 33.6311989 -33.6311989 25.1552887
1867_AveragePool 14.7503929 -16.8493595 8.2685394
1877_Slice 16.8493595 -16.8493595 8.2685394
1880_Conv 19.1856166 -36.7500648 31.3294678
1881_Conv 27.2002277 -25.3298187 27.2002277
1891_Slice 27.2002277 -25.3298187 27.2002277
1893_Relu 26.9733353 -0.0000000 30.8116150
1894_Conv 10.6114543 -18.4480419 14.8776503
1895_Conv 39.1073418 -56.8556328 48.7252579
1897_Add_move_ahead_relu 37.2578506 0.0000000 45.8334236
1899_AveragePool 34.1752548 -34.1752548 17.0894775
1900_Add_move_ahead_relu 29.2558517 0.0000000 29.2558517
1901_Relu 29.2030067 0.0000000 29.2030067
1903_Conv 7.8727031 -14.2381563 15.7377176
1904_Conv 8.7693233 -8.7693233 6.5505357
1914_Slice 8.0093222 -8.0093222 6.5505357
1916_Relu 16.1038628 -0.0000000 16.1038628
1917_Conv 4.2205524 -7.0723252 16.8739662
1918_Conv 28.1587582 -32.1657257 28.4632397
1921_MaxPool 13.4951382 -15.5036774 17.9847317
1931_Slice 13.4951382 -15.5036774 17.9847317
1932_Add_move_ahead_relu 21.8283825 0.0000000 31.7348709
1864_Add_move_ahead_relu 25.1552887 0.0000000 25.1552887
1933_Concat_relu 25.7938957 0.0000000 45.8334236
1936_AveragePool 22.5844402 0.0000000 32.8340530
1937_Conv 26.0472832 -20.8182278 26.0472832
1938_Pad 25.3882065 0.0000000 36.9102669
1948_Slice 25.3882065 0.0000000 36.9102669
1950_AveragePool 30.0042419 0.0000000 36.9102669
1951_Conv 28.7297268 -27.8195419 28.7297268
1952_Concat 28.7297268 -27.8195419 28.7297268
1953_BatchNormalization 27.2462120 -27.2462120 17.7436638
1955_Conv 29.6813564 -29.3991203 29.6813564
1957_Relu 20.4159012 0.0000000 29.6813564
1958_Conv 11.1803656 -16.8690262 15.5562286
1961_Relu 20.7790318 0.0000000 20.7790318
1962_Conv 7.2194885 -11.5454159 16.4954720
1963_Conv 53.7603188 -51.2728691 53.7603188
1965_Relu 14.4237700 0.0000000 17.7436638
1966_Conv 3.7688010 -5.5402551 6.2140441
1969_Relu 7.6333246 0.0000000 10.1727962
1970_Conv 2.2570623 -3.4651237 4.1021099
1971_Conv 22.2611637 -25.4289074 16.5066357
1973_Add_move_ahead_relu 53.6311569 0.0000000 53.6311569
1975_Conv 6.7925406 -9.0522985 8.3188276
1978_Relu 10.5850959 0.0000000 10.8907499
1979_Conv 4.0282946 -5.2861075 5.8564763
1980_Conv 16.9931469 -16.9931469 12.8091002
1983_Conv 3.0105224 -4.3768034 3.9727154
1986_Relu 8.8993340 0.0000000 8.8993340
1987_Conv 3.0238589 -2.9219220 3.0524147
1988_Conv 25.7551098 -25.7551098 14.0267525
1990_Add_move_ahead_relu 16.8945618 0.0000000 16.8945618
1992_AveragePool 18.7144718 -18.7144718 13.5710945
1993_Add_move_ahead_relu 18.9864979 0.0000000 18.9864979
1995_AveragePool 14.2207861 -14.2207861 10.0151739
1997_AveragePool 14.2207861 -14.2207861 10.0151739
1998_Add_move_ahead_relu 20.0303478 0.0000000 20.0303478
2000_Conv 7.8610523 -10.6559658 10.2208376
2003_Relu 12.2530174 0.0000000 12.2530174
2004_Conv 3.4620624 -4.6929617 4.6015882
2005_Conv 25.7786713 -25.5455360 29.4469528
2007_Add_move_ahead_relu 25.1615429 0.0000000 40.2388115
1953_BatchNormalization_move_ahead_relu 17.7436638 0.0000000 17.7436638
2008_Concat_relu 21.7969920 0.0000000 53.6311569
2010_Conv 19.5361261 -18.8075523 25.7214661
2013_Conv 38.7785034 -43.2966690 47.7040825
2015_Relu 38.7785034 0.0000000 47.7040825
2016_Conv 9.5677414 -18.6603107 21.8584461
2019_Relu 18.5731983 0.0000000 22.8481598
2020_Conv 6.2985430 -11.1919422 10.8965454
2021_Conv 32.6737785 -32.6737785 28.0506630
2023_Relu 19.3005238 0.0000000 25.7214661
2024_Conv 4.8968777 -5.8995714 6.3170586
2027_Relu 10.2757273 0.0000000 16.4331360
2028_Conv 3.3912752 -6.0259895 5.9982986
2029_Conv 26.1494884 -26.5614700 25.5827694
2031_Add_move_ahead_relu 37.7176514 0.0000000 46.3990555
2033_Conv 5.9422054 -8.6389875 7.6611829
2036_Relu 14.7133760 0.0000000 14.7133760
2037_Conv 3.9600978 -7.0367365 6.2650352
2038_Conv 34.5639534 -42.5194778 19.0541229
2041_Conv 3.2511613 -4.3343158 4.7266531
2044_Relu 14.3466215 0.0000000 14.3466215
2045_Conv 2.6296535 -4.2053914 4.1645265
2046_Conv 27.3529568 -48.6037369 25.9354191
2048_Add_move_ahead_relu 22.0415306 0.0000000 35.2492294
2050_AveragePool 21.1387711 -21.1387711 16.3587894
2051_Add_move_ahead_relu 18.2986279 0.0000000 24.3894329
2053_AveragePool 11.3765764 -11.3765764 9.5218124
2055_AveragePool 11.3765764 -11.3765764 9.5218124
2056_Add_move_ahead_relu 19.0436249 0.0000000 19.0436249
2058_Conv 7.8915033 -10.7859211 16.9408073
2061_Relu 19.7790909 0.0000000 19.7790909
2062_Conv 4.1106901 -11.8456860 10.2263718
2063_Conv 30.5357170 -54.8121071 81.3888245
2065_Add_move_ahead_relu 40.3451958 0.0000000 40.3451958
2010_Conv_move_ahead_relu 19.3005238 0.0000000 25.7214661
2066_Concat_relu 26.1122189 0.0000000 46.3990555
2068_Conv 47.0053951 -48.8302689 27.0680733
2071_Conv 31.9974571 -31.8625069 35.0607796
2073_Relu 35.0607796 0.0000000 35.0607796
2074_Conv 10.5240551 -14.6589041 24.0459213
2077_Relu 21.9784126 0.0000000 21.9784126
2078_Conv 8.9284906 -15.3679895 21.4753780
2079_Conv 40.0259018 -64.2157059 71.1224136
2081_Relu 27.0680733 0.0000000 27.0680733
2082_Conv 4.3721361 -7.0664444 7.9461622
2085_Relu 14.3975267 0.0000000 14.3975267
2086_Conv 3.6478410 -5.3537397 5.8336954
2087_Conv 29.2873116 -31.4256611 33.4548721
2089_Add_move_ahead_relu 41.5090485 0.0000000 60.3473206
2091_Conv 5.5515459 -7.5258374 7.2154045
2094_Relu 9.2532578 0.0000000 11.3847742
2095_Conv 2.5047805 -3.8095813 4.4507689
2096_Conv 18.1245899 -18.1245899 16.7790604
2099_Conv 4.8180744 -8.7574129 6.6149950
2102_Relu 15.0134459 0.0000000 15.0134459
2103_Conv 2.7107922 -5.1611323 4.5776167
2104_Conv 18.1746693 -29.0652733 23.2711468
2106_Add_move_ahead_relu 26.3204517 0.0000000 26.3204517
2108_AveragePool 17.3499813 -17.3499813 11.5321980
2109_Add_move_ahead_relu 26.2560616 0.0000000 26.2560616
2111_AveragePool 14.6243086 -16.7053337 9.4146624
2113_AveragePool 14.6243086 -16.7053337 9.4146624
2114_Add_move_ahead_relu 18.8293247 0.0000000 18.8293247
2116_Conv 6.9471739 -12.9074926 13.8902769
2119_Relu 18.9877739 0.0000000 18.9877739
2120_Conv 3.7090909 -6.2389026 11.8632956
2121_Conv 20.8839340 -29.8154106 37.1088676
2123_Add_move_ahead_relu 45.2731743 0.0000000 48.2678070
2068_Conv_move_ahead_relu 27.0680733 0.0000000 27.0680733
2124_Concat_relu 26.4148502 0.0000000 60.3473206
2126_Conv 15.5712061 -35.5739479 14.8024483
2129_Conv 46.1242409 -49.2428818 52.6876793
2131_Relu 49.4188271 0.0000000 52.6876793
2132_Conv 9.8045511 -26.1327038 18.4061184
2135_Relu 28.0531044 0.0000000 28.0531044
2136_Conv 5.6012516 -12.7966089 8.5994301
2137_Conv 39.9505959 -49.1132545 53.2414513
2139_Relu 14.8024483 0.0000000 14.8024483
2140_Conv 4.0008439 -6.9184604 5.7220163
2143_Relu 20.9829292 0.0000000 20.9829292
2144_Conv 4.6029668 -9.2014389 5.1901336
2145_Conv 40.0652504 -40.0652504 33.8656120
2147_Add_move_ahead_relu 51.4910660 0.0000000 58.8181992
2149_Conv 5.9865870 -6.0241089 5.8173556
2152_Relu 13.2947655 0.0000000 13.2947655
2153_Conv 4.2835183 -7.6114254 6.8762293
2154_Conv 26.0661526 -26.0661526 18.1590767
2157_Conv 3.5364428 -4.8279023 5.6555457
2160_Relu 15.2669277 0.0000000 15.2669277
2161_Conv 4.5402274 -5.1862979 5.0537400
2162_Conv 18.8464922 -29.8291206 35.8822212
2164_Add_move_ahead_relu 40.3577194 0.0000000 40.3577194
2166_AveragePool 12.0928421 -13.4545231 16.1159153
2167_Add_move_ahead_relu 17.7596893 0.0000000 17.7596893
2169_AveragePool 7.5749631 -13.4600258 6.1752505
2171_AveragePool 7.5749631 -13.4600258 6.1752505
2172_Add_move_ahead_relu 12.3505011 0.0000000 12.3505011
2174_Conv 9.2660079 -19.7609196 17.4233952
2177_Relu 26.5589752 0.0000000 26.5589752
2178_Conv 5.1649504 -8.4055099 9.1776505
2179_Conv 29.9519386 -47.8997040 35.8904839
2181_Add_move_ahead_relu 24.0595512 0.0000000 54.9664078
2126_Conv_move_ahead_relu 14.8024483 0.0000000 14.8024483
2182_Concat_relu 22.0676003 0.0000000 58.8181992
2208_Relu 24.3640385 0.0000000 24.3640385
2187_Conv 10.6184883 -15.3274908 16.9812870
2189_Relu 16.5046992 0.0000000 16.9812870
2191_Conv 5.7897554 -5.6854320 8.0543880
2192_Conv 2.6952360 -3.6011620 4.7891908
2202_Slice 2.6952360 -3.6011620 4.7891908
2204_Relu 15.3136806 -0.0000000 27.2110291
2205_Conv 3.4596670 -5.5571051 18.4425468
2206_Conv 16.1006279 -23.9830647 32.1855316
2210_Conv 6.5674853 -8.2714443 13.1285572
2211_Conv 8.1805325 -8.1805325 6.1429443
2221_Slice 8.1805325 -8.1805325 6.1429443
2223_Relu 10.3245926 -0.0000000 15.0102568
2224_Conv 3.9652940 -10.3970242 6.5740290
2225_Conv 27.7419167 -27.7419167 24.4945774
2227_Add 31.4677906 -31.4677906 30.5731850
2229_MaxPool 13.8040352 -8.0521488 16.9812870
2239_Slice 13.8040352 -8.0521488 16.9812870
2242_Conv 8.0593308 -8.7570086 10.0729332
2243_Conv 5.8712835 -5.8712835 4.7894187
2253_Slice 5.8712835 -5.8712835 4.7894187
2255_Relu 13.5770054 -0.0000000 13.5770054
2256_Conv 5.1243201 -5.3634334 8.5377531
2257_Conv 13.7172661 -13.7172661 9.1231909
2259_Add 17.2809181 -17.2809181 16.8148956
2262_AveragePool 7.0329766 -9.6945410 10.2247887
2272_Slice 10.2247887 -9.6945410 10.2247887
2275_Conv 4.8800507 -12.0072880 7.4183655
2276_Conv 4.2522092 -4.6131830 4.8572950
2286_Slice 4.2522092 -4.6131830 4.8572950
2288_Relu 13.7738867 -0.0000000 13.7738867
2289_Conv 3.6912516 -6.3344259 7.0278492
2290_Conv 21.5110245 -21.5110245 15.4151525
2292_Add_move_ahead_relu 16.2740383 0.0000000 17.8334885
2294_AveragePool 20.8871994 -20.1899319 20.8871994
2295_Add_move_ahead_relu 23.8474770 0.0000000 23.8474770
2296_Relu 30.0004046 0.0000000 30.5731850
2298_Conv 4.9121377 -13.4782944 21.5244484
2299_Conv 3.7550991 -6.1950073 20.0174160
2309_Slice 3.7550991 -6.1950073 20.0174160
2311_Relu 3.7032418 -0.0000000 59.2229385
2312_Conv 2.6306672 -42.0701218 2.8756950
2313_Conv 22.3859234 -41.7233887 357.9998779
2316_MaxPool 13.8040352 -8.0521488 16.9812870
2326_Slice 16.3458366 -8.0521488 16.9812870
2327_Add_move_ahead_relu 22.5375900 0.0000000 360.4253540
2259_Add_move_ahead_relu 16.8148956 0.0000000 16.8148956
2328_Concat_relu 22.5375900 0.0000000 360.4253540
2331_AveragePool 44.1352005 0.0000000 58.8181992
2332_Conv 18.2834949 -15.1567917 18.2834949
2333_Pad 23.9051302 0.0000000 58.8181992
2343_Slice 25.7426602 0.0000000 58.8181992
2345_AveragePool 45.6717109 0.0000000 47.9128723
2346_Conv 18.0184078 -17.5934830 18.0184078
2347_Concat 14.8625965 -17.5934830 18.2834949
2348_BatchNormalization 14.4939365 -14.5844212 12.3562517
2350_Conv 17.2175961 -275.3470154 160.8186340
2352_Relu 17.5942030 0.0000000 160.8186340
2353_Conv 5.5850863 -89.3177490 35.7527847
2356_Relu 8.0861511 0.0000000 43.1050835
2357_Conv 3.5912513 -13.3586979 9.1470251
2358_Conv 56.8993021 -57.2559280 45.5779648
2360_Relu 12.3562517 0.0000000 12.3562517
2361_Conv 1.6388235 -3.1201897 2.2784619
2364_Relu 7.9648080 0.0000000 7.9648080
2365_Conv 1.5526311 -2.8218377 2.2997310
2366_Conv 18.5229340 -18.5229340 12.2722130
2368_Add_move_ahead_relu 45.4756737 0.0000000 45.4756737
2370_Conv 2.9771564 -2.9771564 2.7674749
2373_Relu 11.2633915 0.0000000 11.2633915
2374_Conv 3.3673476 -3.7179585 4.8094897
2375_Conv 13.7917109 -13.7917109 8.6121120
2378_Conv 2.0358802 -2.2462993 2.1410267
2381_Relu 7.2764072 0.0000000 7.2764072
2382_Conv 1.5769312 -2.1806245 2.1932924
2383_Conv 17.5559349 -17.5559349 15.6630373
2385_Add_move_ahead_relu 16.4276104 0.0000000 16.4276104
2387_AveragePool 28.8529873 -32.9587402 17.9682732
2388_Add_move_ahead_relu 17.5327988 0.0000000 17.5327988
2390_AveragePool 4.3785620 -5.8352318 3.5119741
2392_AveragePool 4.3785620 -5.8352318 3.5119741
2393_Add_move_ahead_relu 7.0239482 0.0000000 7.0239482
2395_Conv 5.2937860 -31.7331390 42.3296089
2398_Relu 4.8339243 0.0000000 38.6525116
2399_Conv 3.1394427 -16.7355194 7.5068393
2400_Conv 20.5903816 -36.7065582 54.8808746
2402_Add_move_ahead_relu 29.9181329 0.0000000 191.4423828
2348_BatchNormalization_move_ahead_relu 12.3562517 0.0000000 12.3562517
2403_Concat_relu 29.9181329 0.0000000 191.4423828
2405_Conv 11.3431377 -181.4015808 42.2236023
2408_Conv 20.3704195 -186.1944580 79.2174072
2410_Relu 9.9070129 0.0000000 79.2174072
2411_Conv 4.1658368 -66.6208420 17.3006172
2414_Relu 8.3219246 0.0000000 76.0659943
2415_Conv 4.3807732 -40.0421638 13.9730597
2416_Conv 14.7264919 -117.7544098 50.6476212
2418_Relu 4.6194312 0.0000000 42.2236023
2419_Conv 2.0369892 -18.6189632 10.1985302
2422_Relu 26.2326393 0.0000000 104.8793182
2423_Conv 4.8238206 -17.3236332 77.1434402
2424_Conv 11.6325827 -87.5933456 186.0304413
2426_Add_move_ahead_relu 37.3022766 0.0000000 99.4241714
2428_Conv 2.9987627 -7.4727125 27.4099903
2431_Relu 7.9566545 0.0000000 42.4147682
2432_Conv 2.9735405 -5.3614230 9.1462622
2433_Conv 23.8643631 -27.2693710 20.9019928
2436_Conv 1.6529074 -5.9326949 13.2168026
2439_Relu 5.3863358 0.0000000 21.5348225
2440_Conv 1.9580759 -10.4379721 9.7549343
2441_Conv 21.4527626 -68.6153183 27.4145546
2443_Add_move_ahead_relu 22.1733093 0.0000000 29.5499783
2445_AveragePool 20.2773533 -23.1628017 9.8063297
2446_Add_move_ahead_relu 15.6017835 0.0000000 32.8433266
2448_AveragePool 5.2346435 -20.9283504 4.9697175
2450_AveragePool 5.2346435 -20.9283504 4.9697175
2451_Add_move_ahead_relu 9.9394350 0.0000000 9.9394350
2453_Conv 5.2801763 -20.6013927 17.4172535
2456_Relu 29.2841167 0.0000000 29.2841167
2457_Conv 3.7062842 -16.2405300 6.2644629
2458_Conv 20.1416740 -53.6849022 31.3637238
2460_Add_move_ahead_relu 26.3647041 0.0000000 84.3258591
2405_Conv_move_ahead_relu 16.4944326 0.0000000 42.2236023
2461_Concat_relu 20.1981151 0.0000000 99.4241714
2463_Conv 12.8469969 -117.4271164 12.2295008
2466_Conv 25.2668285 -202.0359344 55.2627983
2468_Relu 10.3668365 0.0000000 55.2627983
2469_Conv 2.4228747 -5.8387179 38.7470665
2472_Relu 7.8520994 0.0000000 25.1144505
2473_Conv 2.3309082 -8.1042366 3.2504959
2474_Conv 21.8079052 -21.8079052 16.0056572
2476_Relu 2.7909192 0.0000000 12.2295008
2477_Conv 1.1024346 -1.5482088 2.6516466
2480_Relu 12.5437603 0.0000000 16.7168465
2481_Conv 1.2223018 -2.2399075 2.4434099
2482_Conv 24.7027454 -21.1660023 24.7027454
2484_Add_move_ahead_relu 18.7862453 0.0000000 30.0433159
2486_Conv 1.4045720 -2.3651206 1.9646604
2489_Relu 12.4944261 0.0000000 13.0656910
2490_Conv 2.3456918 -3.8676047 3.0040414
2491_Conv 14.1015863 -14.1015863 6.4865637
2494_Conv 0.9602698 -2.4424770 3.5720012
2497_Relu 3.1556549 0.0000000 12.6164560
2498_Conv 0.8495878 -1.1687934 2.2644613
2499_Conv 18.3428161 -15.1858578 18.4577827
2501_Add_move_ahead_relu 23.6724281 0.0000000 23.6724281
2503_AveragePool 20.7354183 -27.6337242 8.3892193
2504_Add_move_ahead_relu 8.1958711 0.0000000 8.4593210
2506_AveragePool 6.2501545 -14.2790918 2.7680731
2508_AveragePool 6.2501545 -14.2790918 2.7680731
2509_Add_move_ahead_relu 5.5361462 0.0000000 5.5361462
2511_Conv 2.2218003 -6.1636348 17.7657242
2514_Relu 5.4908228 0.0000000 43.9051323
2515_Conv 1.2066519 -7.7058382 9.6485023
2516_Conv 14.7712803 -118.1125412 17.9055901
2518_Add_move_ahead_relu 14.8938961 0.0000000 17.0132828
2463_Conv_move_ahead_relu 8.2553612 0.0000000 12.2295008
2519_Concat_relu 9.3931227 0.0000000 30.0433159
2521_Conv 15.1330862 -242.0111542 13.4827003
2524_Conv 26.7494469 -38.8892899 30.4568806
2526_Relu 30.4568806 0.0000000 30.4568806
2527_Conv 12.6461397 -10.5778627 13.2673798
2530_Relu 10.8953104 0.0000000 34.8479691
2531_Conv 4.4985218 -7.5736728 11.9902010
2532_Conv 27.9970646 -27.9970646 12.4966679
2534_Relu 13.4827003 0.0000000 13.4827003
2535_Conv 3.2095219 -3.5411477 2.9607468
2538_Relu 4.9411259 0.0000000 11.2884865
2539_Conv 1.4438573 -3.8484063 2.4550915
2540_Conv 14.6206007 -14.6206007 8.6675739
2542_Add_move_ahead_relu 14.2018471 0.0000000 14.2018471
2544_Conv 2.1195779 -3.7662985 3.4731145
2547_Relu 10.8800211 0.0000000 10.8800211
2548_Conv 2.2778109 -4.2865353 4.2515311
2549_Conv 12.9125471 -12.9125471 9.4354477
2552_Conv 2.1314881 -4.2764955 4.8695936
2555_Relu 5.3821168 0.0000000 10.7589779
2556_Conv 1.6074278 -5.1412578 4.8001909
2557_Conv 10.3859825 -16.6094589 12.0348349
2559_Add_move_ahead_relu 13.0230945 0.0000000 14.4646091
2561_AveragePool 19.0942612 -27.7599087 24.2689209
2562_Add_move_ahead_relu 25.6100254 0.0000000 25.6100254
2564_AveragePool 23.3537560 -31.1231384 8.3448324
2566_AveragePool 23.3537560 -31.1231384 8.3448324
2567_Add_move_ahead_relu 16.6896648 0.0000000 16.6896648
2569_Conv 6.6109142 -9.1992035 10.5722980
2572_Relu 28.6909943 0.0000000 28.6909943
2573_Conv 1.8005798 -4.0357480 7.8899436
2574_Conv 49.3976479 -49.3976479 23.7961502
2576_Add_move_ahead_relu 26.2100258 0.0000000 26.2100258
2521_Conv_move_ahead_relu 13.4827003 0.0000000 13.4827003
2577_Concat_relu 26.2100258 0.0000000 26.2100258
2580_AveragePool 3.0712693 0.0000000 7.0173998
2588_Reshape 3.0712693 0.0000000 7.0173998
output_Gemm 11.6089077 -3.3109171 11.6089077
