# genetated time: 2022-12-30 19:37:17.977213
# histogram number: 2048
# sample number: 100
# tune number: 5
###
# op_name    threshold    min    max
image 2.6355782 -2.1148427 2.6355782
conv2d_83.tmp_0_Conv 10.1058197 -7.5062218 13.4678469
hardswish_0.tmp_0_HardSwish 12.2911374 -0.3750000 13.4678469
relu_0.tmp_0_Relu 67.0042661 0.0000000 75.2229309
relu_1.tmp_0_Relu 43.3455625 -0.0000000 56.8206978
conv2d_85.tmp_0_Conv 14.0840938 -22.6447315 9.9209099
elementwise_add_0_Add 17.2914860 -22.5773697 15.5787802
relu_2.tmp_0_Relu 46.0085831 0.0000000 81.7530975
relu_3.tmp_0_Relu 34.7046299 -0.0000000 66.4767456
conv2d_87.tmp_0_Conv 58.5425873 -66.8731461 40.0027847
relu_4.tmp_0_Relu 16.6166229 0.0000000 24.1578331
relu_5.tmp_0_Relu 39.2473373 -0.0000000 52.3042297
conv2d_89.tmp_0_Conv 66.0623474 -150.9259186 93.0461349
elementwise_add_1_Add 75.5353241 -150.9968872 93.9807663
relu_6.tmp_0_Relu 36.3484192 0.0000000 72.6613388
relu_7.tmp_0_Relu 59.6497002 -0.0000000 59.6497002
pool2d_0.tmp_0_GlobalAveragePool 15.4558372 0.0163855 15.4558372
#relu_8.tmp_0_Relu 0.0000000 0.0000000 0.0000000
relu_8.tmp_0_Relu 0.0000025 -0.0000100 0.0000100
conv2d_92.tmp_0_Conv 2.6140091 0.3747630 2.6140091
hardsigmoid_0.tmp_0_HardSigmoid 1.0000000 0.5749526 1.0000000
elementwise_mul_0_Mul 31.4447368 -0.0000000 46.5738411
conv2d_93.tmp_0_Conv 26.5043373 -27.4355907 32.6047974
relu_9.tmp_0_Relu 18.2517166 0.0000000 32.4316521
relu_10.tmp_0_Relu 31.3550066 -0.0000000 33.8959618
pool2d_1.tmp_0_GlobalAveragePool 3.0026670 0.0000000 3.0026670
relu_11.tmp_0_Relu 6.3700662 0.0000000 6.3700662
conv2d_96.tmp_0_Conv 10.4458055 -4.5656071 10.4458055
hardsigmoid_1.tmp_0_HardSigmoid 1.0000000 0.0000000 1.0000000
elementwise_mul_1_Mul 11.4453503 -0.0000000 19.5768814
conv2d_97.tmp_0_Conv 34.1934929 -47.5535545 28.6121788
elementwise_add_2_Add 43.9700890 -50.2269936 32.4618034
relu_12.tmp_0_Relu 19.2410221 0.0000000 25.6421680
relu_13.tmp_0_Relu 28.0940027 -0.0000000 29.9663506
pool2d_2.tmp_0_GlobalAveragePool 2.3035483 0.0000000 2.3035483
relu_14.tmp_0_Relu 3.8308063 0.0000000 3.8308063
conv2d_100.tmp_0_Conv 8.8851833 -5.2758603 8.8851833
hardsigmoid_2.tmp_0_HardSigmoid 1.0000000 0.0000000 1.0000000
elementwise_mul_2_Mul 9.5554876 -0.0000000 13.8921041
conv2d_101.tmp_0_Conv 33.5790531 -40.6892319 37.9229813
elementwise_add_3_Add 40.1604233 -49.4040756 40.1714516
conv2d_102.tmp_0_Conv 17.2118397 -16.3321648 25.0231800
hardswish_1.tmp_0_HardSwish 21.2715366 -0.3750000 25.0231800
depthwise_conv2d_6.tmp_0_Conv 14.4404945 -16.7590580 25.6594543
hardswish_2.tmp_0_HardSwish 14.7595136 -0.3750000 25.6594543
conv2d_103.tmp_0_Conv 43.5248642 -37.3972282 43.5248642
conv2d_104.tmp_0_Conv 9.5698975 -8.1806345 14.0422068
hardswish_3.tmp_0_HardSwish 12.2929335 -0.3750000 14.0422068
depthwise_conv2d_7.tmp_0_Conv 14.1359539 -12.8176737 14.1359539
hardswish_4.tmp_0_HardSwish 14.1359539 -0.3750000 14.1359539
conv2d_105.tmp_0_Conv 31.2729608 -32.9930038 53.4913330
elementwise_add_4_Add 38.7942009 -40.8074455 51.7003441
conv2d_106.tmp_0_Conv 12.2164412 -10.2923594 17.7606926
hardswish_5.tmp_0_HardSwish 12.2164412 -0.3750000 17.7606926
depthwise_conv2d_8.tmp_0_Conv 16.4130859 -25.7129002 26.2481155
hardswish_6.tmp_0_HardSwish 20.8356438 -0.3750000 26.2481155
conv2d_107.tmp_0_Conv 31.7802792 -31.3249512 46.2032890
elementwise_add_5_Add 57.6885796 -43.9115448 57.6885796
conv2d_108.tmp_0_Conv 9.1065731 -13.2394562 8.8428030
hardswish_7.tmp_0_HardSwish 6.0823970 -0.3750000 8.8428030
depthwise_conv2d_9.tmp_0_Conv 13.7001305 -15.2105856 23.4336052
hardswish_8.tmp_0_HardSwish 20.7983263 -0.3750000 23.4336052
conv2d_109.tmp_0_Conv 38.9024311 -44.7742691 39.4065781
elementwise_add_6_Add 62.1715317 -62.1715317 57.9846115
conv2d_110.tmp_0_Conv 98.4745361 -192.1156769 191.5514221
hardswish_9.tmp_0_HardSwish 59.8890648 -0.3750000 191.5514221
depthwise_conv2d_10.tmp_0_Conv 12.4513191 -22.6761265 23.7063198
hardswish_10.tmp_0_HardSwish 22.7433591 -0.3750000 23.7063198
pool2d_3.tmp_0_GlobalAveragePool 1.2307912 -0.3685845 1.2307912
relu_15.tmp_0_Relu 3.8366895 0.0000000 3.8366895
conv2d_112.tmp_0_Conv 9.0900774 -9.0008268 9.0900774
hardsigmoid_3.tmp_0_HardSigmoid 1.0000000 0.0000000 1.0000000
elementwise_mul_3_Mul 4.4948287 -0.3750000 8.9852676
conv2d_113.tmp_0_Conv 20.0149307 -18.7936974 20.0149307
conv2d_114.tmp_0_Conv 12.5722427 -19.4861240 20.1057663
hardswish_11.tmp_0_HardSwish 20.1057663 -0.3750000 20.1057663
depthwise_conv2d_11.tmp_0_Conv 21.4728756 -38.1553612 36.8834229
hardswish_12.tmp_0_HardSwish 36.8834229 -0.3750000 36.8834229
pool2d_4.tmp_0_GlobalAveragePool 1.4360168 -0.3571774 1.4360168
relu_16.tmp_0_Relu 5.8364267 0.0000000 5.8364267
conv2d_116.tmp_0_Conv 12.6332340 -12.6332340 11.8999405
hardsigmoid_4.tmp_0_HardSigmoid 1.0000000 0.0000000 1.0000000
elementwise_mul_4_Mul 9.1728146 -0.3750000 35.7891006
conv2d_117.tmp_0_Conv 18.0483456 -28.3647060 28.8632526
elementwise_add_7_Add 33.0689011 -31.6540642 33.0689011
conv2d_118.tmp_0_Conv 64.0831213 -115.2616730 120.5958633
hardswish_13.tmp_0_HardSwish 13.1936706 -0.3750000 120.5958633
depthwise_conv2d_12.tmp_0_Conv 12.8323375 -12.0876036 22.8078442
hardswish_14.tmp_0_HardSwish 22.0239987 -0.3750000 22.8078442
pool2d_5.tmp_0_GlobalAveragePool 2.0092762 -0.3626530 2.0092762
relu_17.tmp_0_Relu 6.3079176 0.0000000 6.3079176
conv2d_120.tmp_0_Conv 7.6658063 -5.5768800 7.6658063
hardsigmoid_5.tmp_0_HardSigmoid 1.0000000 0.0000000 1.0000000
elementwise_mul_5_Mul 4.2978677 -0.3750000 10.3375072
conv2d_121.tmp_0_Conv 15.3549871 -15.3549871 13.9334507
conv2d_122.tmp_0_Conv 12.5907078 -17.2196770 17.9804516
hardswish_15.tmp_0_HardSwish 13.7708125 -0.3750000 17.9804516
depthwise_conv2d_13.tmp_0_Conv 13.5750484 -17.4047165 36.1824532
hardswish_16.tmp_0_HardSwish 36.1824532 -0.3750000 36.1824532
pool2d_6.tmp_0_GlobalAveragePool 4.1499801 -0.3676057 4.1499801
relu_18.tmp_0_Relu 8.3263607 0.0000000 8.3263607
conv2d_124.tmp_0_Conv 25.4460697 -25.4460697 18.2741642
hardsigmoid_6.tmp_0_HardSigmoid 1.0000000 0.0000000 1.0000000
elementwise_mul_6_Mul 9.2736318 -0.3750000 36.1824532
conv2d_125.tmp_0_Conv 14.7782183 -23.6336040 22.7994728
elementwise_add_8_Add 20.1443996 -29.2866383 22.4168797
conv2d_126.tmp_0_Conv 11.3955288 -22.6181316 22.7799282
hardswish_17.tmp_0_HardSwish 20.4312698 -0.3750000 22.7799282
depthwise_conv2d_14.tmp_0_Conv 25.5174220 -54.4190903 48.0906029
hardswish_18.tmp_0_HardSwish 41.3280821 -0.3750000 48.0906029
pool2d_7.tmp_0_GlobalAveragePool 4.6907392 -0.3603599 4.6907392
relu_19.tmp_0_Relu 9.4013758 0.0000000 9.4013758
conv2d_128.tmp_0_Conv 27.1797600 -27.1797600 21.0192738
hardsigmoid_7.tmp_0_HardSigmoid 1.0000000 0.0000000 1.0000000
elementwise_mul_7_Mul 20.7409814 -0.3750000 48.0906029
conv2d_129.tmp_0_Conv 103.3192444 -118.0214844 60.2596245
elementwise_add_9_Add 124.0060230 -124.3918991 62.0326271
pool2d_8.tmp_0_MaxPool 62.0326271 -22.6455460 62.0326271
pool2d_9.tmp_0_MaxPool 62.0326271 -4.4024210 62.0326271
pool2d_10.tmp_0_MaxPool 62.0326271 -2.3707652 62.0326271
concat_0.tmp_0_Concat 57.9452366 -124.3918991 62.0326271
conv2d_130.tmp_0_Conv 22.0121746 -32.0020752 28.1466141
leaky_relu_0.tmp_0_LeakyRelu 13.6367388 -3.2002075 28.1466141
conv2d_131.tmp_0_Conv 35.8337571 -47.5324287 89.5625153
leaky_relu_1.tmp_0_LeakyRelu 16.8011761 -4.7532430 89.5625153
depthwise_conv2d_15.tmp_0_Conv 14.7683344 -39.3629951 19.1738491
leaky_relu_2.tmp_0_LeakyRelu 11.6270148 -3.9362996 19.1738491
conv2d_132.tmp_0_Conv 10.5768538 -15.3770027 13.0289288
leaky_relu_3.tmp_0_LeakyRelu 11.8896136 -1.5377003 13.0289288
depthwise_conv2d_16.tmp_0_Conv 12.5232487 -25.1094074 50.0685349
leaky_relu_4.tmp_0_LeakyRelu 11.4262419 -2.5109408 50.0685349
conv2d_133.tmp_0_Conv 6.5835447 -10.5285282 9.6141233
leaky_relu_5.tmp_0_LeakyRelu 5.0496458 -1.0528529 9.6141233
conv2d_134.tmp_0_Conv 30.0866432 -30.0866432 29.1171989
leaky_relu_6.tmp_0_LeakyRelu 14.5657120 -3.0086644 29.1171989
nearest_interp_v2_0.tmp_0_Resize 18.9311581 -3.0086644 29.1171989
concat_1.tmp_0_Concat 19.0214841 -31.6540642 33.0689011
conv2d_135.tmp_0_Conv 14.1047325 -10.9016476 14.1047325
leaky_relu_7.tmp_0_LeakyRelu 7.0558114 -1.0901648 14.1047325
depthwise_conv2d_17.tmp_0_Conv 15.0409288 -30.0671692 24.8756199
leaky_relu_8.tmp_0_LeakyRelu 14.3852050 -3.0067170 24.8756199
conv2d_136.tmp_0_Conv 10.3054667 -20.6008701 11.4911184
leaky_relu_9.tmp_0_LeakyRelu 7.1854572 -2.0600870 11.4911184
depthwise_conv2d_18.tmp_0_Conv 15.7874527 -32.3684235 50.4951782
leaky_relu_10.tmp_0_LeakyRelu 12.6299620 -3.2368424 50.4951782
conv2d_137.tmp_0_Conv 7.5327969 -12.0465899 9.1208725
leaky_relu_11.tmp_0_LeakyRelu 4.2487581 -1.2046590 9.1208725
conv2d_138.tmp_0_Conv 27.7035942 -36.9200897 31.3783512
leaky_relu_12.tmp_0_LeakyRelu 18.0490669 -3.6920090 31.3783512
nearest_interp_v2_1.tmp_0_Resize 24.3216713 -3.6920090 31.3783512
concat_2.tmp_0_Concat 24.4027651 -49.4040756 40.1714516
conv2d_139.tmp_0_Conv 6.6593008 -9.6582031 9.6815262
leaky_relu_13.tmp_0_LeakyRelu 6.0539098 -0.9658203 9.6815262
depthwise_conv2d_19.tmp_0_Conv 24.4592743 -48.8946609 13.9788809
leaky_relu_14.tmp_0_LeakyRelu 10.4892826 -4.8894663 13.9788809
conv2d_140.tmp_0_Conv 9.6990871 -10.9631977 11.0792589
leaky_relu_15.tmp_0_LeakyRelu 10.8716919 -1.0963198 11.0792589
depthwise_conv2d_20.tmp_0_Conv 27.1786098 -86.9290848 71.9188385
leaky_relu_16.tmp_0_LeakyRelu 13.4913692 -8.6929083 71.9188385
conv2d_141.tmp_0_Conv 19.9027920 -39.7861481 16.9678478
leaky_relu_17.tmp_0_LeakyRelu 4.2440343 -3.9786148 16.9678478
conv2d_142.tmp_1_Conv 21.2638779 -21.2638779 10.1498356
conv2d_143.tmp_1_Conv 26.0456638 -59.5038795 8.6227875
conv2d_144.tmp_1_Conv 27.7915993 -148.1494904 22.7257328
