# genetated time: 2023-01-09 20:38:27.408502
# histogram number: 2048
# sample number: 100
# tune number: 5
###
# op_name    threshold    min    max
input 2.6355782 -2.1148427 2.6355782
323_Relu 3.7986080 0.0000000 7.5949898
324_MaxPool 3.7993500 0.0000000 7.5949898
327_Relu 1.4896777 0.0000000 2.4561985
input.7_Split 1.4408610 0.0000000 1.7725015
329_Split 1.8424489 0.0000000 2.4561985
332_Relu 1.5641747 0.0000000 1.7867553
334_AveragePool 1.1195636 0.0000000 1.8459496
335_Concat 1.1542822 0.0000000 1.8459496
336_Conv 1.7860117 -2.4737127 2.8715909
338_Conv 1.7733704 -5.6720142 5.0048008
341_Relu 2.0761497 0.0000000 4.1502719
344_Relu 1.3763559 0.0000000 2.7513676
input.17_Split 1.2572592 0.0000000 1.5466404
346_Split 1.3763559 0.0000000 2.7513676
349_Relu 1.3206468 0.0000000 1.6246177
350_Concat 1.3763559 0.0000000 2.7513676
351_Conv 1.7613488 -1.7150003 1.9040352
354_Relu 2.3284846 0.0000000 4.1385846
357_Relu 2.0565090 0.0000000 3.5175884
input.26_Split 1.7736708 0.0000000 2.3637397
359_Split 2.6394801 0.0000000 3.5175884
362_Relu 1.6084077 0.0000000 2.4267788
363_Concat 2.6394801 0.0000000 3.5175884
364_Conv 1.9058101 -2.7037017 2.7592695
367_Relu 2.5464028 0.0000000 4.5259066
370_Relu 2.0808260 0.0000000 4.1596198
input.35_Split 1.2783425 0.0000000 2.0443492
372_Split 2.3409293 0.0000000 4.1596198
375_Relu 1.0299633 0.0000000 1.4973968
377_AveragePool 0.7791523 0.0000000 1.2460350
378_Concat 0.8426971 0.0000000 1.4973968
379_Conv 1.4484265 -2.5969448 3.3099961
381_Conv 1.4363159 -2.0643079 2.3093419
384_Relu 1.8259854 0.0000000 3.2446113
387_Relu 1.0119358 0.0000000 1.4711879
input.45_Split 1.4711879 0.0000000 1.4711879
389_Split 0.8179745 0.0000000 1.0303011
392_Relu 1.3650974 0.0000000 1.6792995
393_Concat 1.0500749 0.0000000 1.6792995
394_Conv 1.5185918 -3.2385869 2.3379409
397_Relu 2.0146654 0.0000000 3.4838607
400_Relu 1.0794055 0.0000000 1.9180063
input.54_Split 1.0794055 0.0000000 1.9180063
402_Split 0.8996090 0.0000000 1.4386716
405_Relu 1.1364073 0.0000000 1.2115759
406_Concat 0.8996090 0.0000000 1.4386716
407_Conv 1.6567256 -2.0625315 1.7849686
410_Relu 2.4483432 0.0000000 4.2337980
413_Relu 1.1190096 0.0000000 1.7895411
input.63_Split 1.7895411 0.0000000 1.7895411
415_Split 1.5615002 0.0000000 1.5615002
418_Relu 1.4074101 0.0000000 1.7313513
419_Concat 1.4074101 0.0000000 1.7313513
420_Conv 1.7836593 -1.7932136 2.0754018
423_Relu 2.5024596 0.0000000 4.4478030
426_Relu 2.2935603 0.0000000 4.9236202
input.72_Split 1.3671503 0.0000000 1.9876113
428_Split 2.4630127 0.0000000 4.9236202
431_Relu 1.1804761 0.0000000 1.3484567
433_AveragePool 0.6751623 0.0000000 1.0797322
434_Concat 0.7588775 0.0000000 1.3484567
435_Conv 1.3355719 -1.6367701 3.2124033
437_Conv 1.3304454 -1.4097115 1.3983961
440_Relu 2.0091142 0.0000000 3.6514754
443_Relu 1.3544198 0.0000000 3.5512967
input.82_Split 1.9646634 0.0000000 3.5512967
445_Split 2.1739025 0.0000000 2.1739025
448_Relu 0.9343563 0.0000000 1.8678001
449_Concat 1.3593528 0.0000000 2.1739025
450_Conv 1.4494318 -3.4862661 1.6320789
453_Relu 1.6376207 0.0000000 3.7413054
456_Relu 1.2975819 0.0000000 2.0751173
input.91_Split 1.2975819 0.0000000 2.0751173
458_Split 0.8377553 0.0000000 1.0305800
461_Relu 0.8149038 0.0000000 1.6290118
462_Concat 0.8149038 0.0000000 1.6290118
463_Conv 1.4161026 -2.3845367 1.6141119
466_Relu 2.0246599 0.0000000 3.6800559
469_Relu 1.4284644 0.0000000 2.2848732
input.100_Split 1.5426522 0.0000000 2.2848732
471_Split 1.0645601 0.0000000 1.0645601
474_Relu 1.3384389 0.0000000 1.3384389
475_Concat 1.3384389 0.0000000 1.3384389
476_Conv 1.4793915 -1.5625943 2.0579779
479_Relu 2.1855856 0.0000000 3.6414568
482_Relu 1.1858779 0.0000000 2.7092547
input.109_Split 1.3382156 0.0000000 2.7092547
484_Split 1.2025867 0.0000000 1.2025867
487_Relu 1.3826731 0.0000000 1.5794264
488_Concat 1.3826731 0.0000000 1.5794264
489_Conv 1.5702836 -2.1655071 2.1304333
492_Relu 1.9268696 0.0000000 3.8518577
495_Relu 1.4759235 0.0000000 2.6225829
input.118_Split 1.6479224 0.0000000 2.6225829
497_Split 0.8544026 0.0000000 1.2421607
500_Relu 1.4849840 0.0000000 1.4849840
501_Concat 1.4343117 0.0000000 1.4849840
502_Conv 1.6123075 -2.5789361 2.5460753
505_Relu 1.9391216 0.0000000 3.8763494
508_Relu 1.8663496 0.0000000 3.3163347
input.127_Split 1.8684366 0.0000000 1.8684366
510_Split 1.8663496 0.0000000 3.3163347
513_Relu 0.8332744 0.0000000 2.0502586
515_AveragePool 0.8452032 0.0000000 0.9942138
516_Concat 0.8332744 0.0000000 2.0502586
517_Conv 1.4207720 -1.8059068 2.0655684
519_Conv 0.9910249 -1.1657441 1.0689864
522_Relu 2.4734588 0.0000000 2.4734588
525_Relu 1.5743262 0.0000000 2.5176919
input.137_Split 2.5176919 0.0000000 2.5176919
527_Split 1.1021527 0.0000000 2.3660076
530_Relu 1.2100672 0.0000000 1.2100672
531_Concat 1.1021527 0.0000000 2.3660076
532_Conv 1.6529058 -2.1468568 3.3041975
535_Relu 3.1780604 0.0000000 5.0086536
538_Relu 3.0126374 0.0000000 4.8437881
input.146_Split 4.3145682 0.0000000 4.8437881
540_Split 1.1239890 0.0000000 1.9972268
543_Relu 1.7087764 0.0000000 1.7087764
544_Concat 1.1239890 0.0000000 1.9972268
545_Conv 8.1352711 -6.0864525 21.6834641
548_Relu 12.0352132 0.0000000 23.0534611
549_GlobalAveragePool 5.9734993 0.0000000 8.6844835
557_Reshape 8.5489343 0.0000000 8.6844835
output_Gemm 13.6060705 -3.2509165 13.6060705
