# genetated time: 2023-03-25 03:02:11.637344
# histogram number: 2048
# sample number: 1000
# tune number: 5
###
# op_name    threshold    min    max
data 255.0000000 0.0000000 255.0000000
data/1 2.9582434 -1.7918582 2.9582434
conv0 5.3691044 0.0000000 8.5863724
pooling0 5.3691044 0.0000000 8.5863724
stage1_unit1_conv1 2.3791487 0.0000000 4.7559743
stage1_unit1_conv2 4.7008095 -0.0000000 5.3697305
stage1_unit1_conv3 2.3164392 -5.2921329 4.4058461
stage1_unit1_sc 2.0231912 -6.4710507 4.4341292
stage1_unit1_plus 3.1299553 0.0000000 5.0054832
stage1_unit2_conv1 2.7955072 0.0000000 3.4389443
stage1_unit2_conv2 3.1413035 -0.0000000 4.1863594
stage1_unit2_conv3 3.8111143 -4.6507931 8.7068653
stage1_unit2_plus 3.2666695 0.0000000 8.7068653
stage1_unit3_conv1 1.6263547 0.0000000 2.6008971
stage1_unit3_conv2 2.2302561 -0.0000000 3.5666676
stage1_unit3_conv3 2.8925242 -3.1269293 3.0570738
stage1_unit3_plus 3.8612044 0.0000000 8.8213005
stage2_unit1_conv1 1.9149503 0.0000000 3.8280303
stage2_unit1_conv2 2.1284728 0.0000000 4.2548671
stage2_unit1_conv3 2.3055701 -3.1836658 6.1451845
stage2_unit1_sc 1.9293714 -2.8448436 2.9672601
stage2_unit1_plus 2.6824415 0.0000000 6.1283011
stage2_unit2_conv1 1.9090312 0.0000000 2.5441320
stage2_unit2_conv2 1.6059799 0.0000000 2.5683134
stage2_unit2_conv3 2.1779661 -3.4661198 2.2820859
stage2_unit2_plus 2.7054873 0.0000000 6.1809516
stage2_unit3_conv1 1.2336287 0.0000000 2.8183460
stage2_unit3_conv2 1.3248873 0.0000000 4.2375693
stage2_unit3_conv3 2.2952951 -2.3465946 2.3152473
stage2_unit3_plus 2.6577020 0.0000000 6.0717812
stage2_unit4_conv1 1.2937458 0.0000000 2.2988696
stage2_unit4_conv2 1.8487585 0.0000000 3.9687574
stage2_unit4_conv3 2.3181867 -2.7108366 2.9667573
stage2_unit4_plus 2.8178966 0.0000000 5.6330414
stage3_unit1_conv1 2.0218124 0.0000000 5.3888674
stage3_unit1_conv2 2.3182254 0.0000000 4.1192775
stage3_unit1_conv3 2.0235109 -2.3396032 4.6229095
stage3_unit1_sc 1.6829546 -1.4695157 1.7599020
stage3_unit1_plus 2.6912411 0.0000000 4.8912106
stage3_unit2_conv1 1.3218867 0.0000000 2.6424825
stage3_unit2_conv2 1.4680043 0.0000000 3.3538001
stage3_unit2_conv3 2.0809443 -3.1880434 3.4310858
stage3_unit2_plus 2.6557939 0.0000000 5.3089943
stage3_unit3_conv1 1.4425057 0.0000000 2.3068821
stage3_unit3_conv2 1.7706676 0.0000000 4.0452642
stage3_unit3_conv3 2.1401626 -2.7608476 2.5670819
stage3_unit3_plus 2.3543582 0.0000000 5.3787622
stage3_unit4_conv1 1.4101385 0.0000000 2.5056889
stage3_unit4_conv2 1.8466439 0.0000000 3.6914845
stage3_unit4_conv3 1.9434519 -2.5570264 3.8857648
stage3_unit4_plus 2.5208201 0.0000000 5.4114823
stage3_unit5_conv1 1.4793081 0.0000000 2.9949005
stage3_unit5_conv2 2.0321922 0.0000000 6.4998398
stage3_unit5_conv3 2.1258087 -3.6054604 4.8566189
stage3_unit5_plus 2.6534834 0.0000000 6.5288544
stage3_unit6_conv1 1.5896384 0.0000000 3.6316850
stage3_unit6_conv2 2.1018119 0.0000000 6.7225142
stage3_unit6_conv3 2.2901688 -4.3602991 3.9403622
stage3_unit6_plus 2.8167186 0.0000000 5.3954268
stage4_unit1_conv1 1.8422771 0.0000000 4.2088628
stage4_unit1_conv2 2.3096402 0.0000000 9.2340498
stage4_unit1_conv3 2.3882868 -6.2246599 6.3656549
stage4_unit1_sc 1.9907508 -2.0112100 2.0223155
stage4_unit1_plus 2.7059560 0.0000000 7.2123594
stage4_unit2_conv1 1.5297507 0.0000000 4.0773435
stage4_unit2_conv2 1.5518441 0.0000000 8.2724600
stage4_unit2_conv3 3.1631269 -5.6205912 5.6134443
stage4_unit2_plus 3.5506365 0.0000000 8.1117783
stage4_unit3_conv1 1.6457312 0.0000000 6.5797105
stage4_unit3_conv2 1.9756858 0.0000000 10.5318460
stage4_unit3_conv3 11.5983181 -11.1279936 46.3706207
stage4_unit3_plus 15.0910168 0.0000000 48.2676735
pool1 5.6394677 0.0000000 12.8839178
fc1 31.7718153 -9.5115795 44.1901855
prob 0.0625305 0.0000000 1.0000000
