# genetated time: 2022-12-12 11:41:00.730467
# histogram number: 2048
# sample number: 100
# tune number: 5
###
# op_name    threshold    min    max
data 150.9899902 -122.6800003 150.9899902
conv1 17.6770312 0.0000000 30.2359581
pool1 18.9067059 0.0000000 30.2359581
res2a_branch1 16.8715897 -29.9792919 17.6391716
res2a_branch2a 9.1266516 0.0000000 13.0335264
res2a_branch2b 12.2813816 0.0000000 12.2813816
res2a_branch2c 10.0654761 -13.9982529 11.0577793
res2a 11.7115276 0.0000000 17.1846867
res2b_branch2a 8.6827526 0.0000000 13.8856201
res2b_branch2b 8.9372768 0.0000000 11.9105501
res2b_branch2c 11.0165424 -17.6178627 16.2244015
res2b 11.3042469 0.0000000 18.0779648
res2c_branch2a 6.9886737 0.0000000 11.1764183
res2c_branch2b 10.5815754 0.0000000 15.3838673
res2c_branch2c 9.8992950 -16.4934540 15.9376631
res2c 11.3996745 0.0000000 20.7183990
res3a_branch1 11.9561920 -19.1205673 16.7971840
res3a_branch2a 8.5513754 0.0000000 10.5196304
res3a_branch2b 6.6259065 0.0000000 9.6329765
res3a_branch2c 11.0752106 -17.7116852 15.4907904
res3a 12.6123219 0.0000000 18.3362389
res3b_branch2a 9.3777075 0.0000000 9.3777075
res3b_branch2b 11.2935238 0.0000000 12.0405426
res3b_branch2c 10.4828424 -14.5279808 23.9490833
res3b 13.4779406 0.0000000 23.9490833
res3c_branch2a 5.5345106 0.0000000 29.5029774
res3c_branch2b 4.5392094 0.0000000 72.5918884
res3c_branch2c 15.4515095 -30.8879299 22.6351624
res3c 14.1538868 0.0000000 22.6351624
res3d_branch2a 11.4325943 0.0000000 36.5664368
res3d_branch2b 11.3327827 0.0000000 18.1235981
res3d_branch2c 10.6237518 -16.6637268 16.9950142
res3d 13.9062309 0.0000000 24.7101173
res4a_branch1 12.6708126 -20.0815296 25.3292522
res4a_branch2a 7.9807634 0.0000000 21.2716446
res4a_branch2b 6.1371088 0.0000000 16.3576317
res4a_branch2c 11.1492611 -18.5760517 18.3276711
res4a 15.0278416 0.0000000 26.7031193
res4b_branch2a 6.6475387 0.0000000 21.2617359
res4b_branch2b 4.8538070 0.0000000 38.8114967
res4b_branch2c 11.3124572 -24.1252270 16.5774269
res4b 13.0306454 0.0000000 23.1542816
res4c_branch2a 6.2944635 0.0000000 21.8849545
res4c_branch2b 6.1571860 0.0000000 32.8222923
res4c_branch2c 10.7535675 -11.0224142 19.1130962
res4c 14.5115089 0.0000000 23.2070770
res4d_branch2a 7.0361853 0.0000000 22.5047989
res4d_branch2b 8.0577183 0.0000000 42.9535141
res4d_branch2c 15.3990440 -27.3627110 21.0725994
res4d 12.0504491 0.0000000 22.9430962
res4e_branch2a 7.2842932 0.0000000 19.4152966
res4e_branch2b 10.4618492 0.0000000 33.4615707
res4e_branch2c 14.0972071 -25.0494633 15.6512823
res4e 13.8128795 0.0000000 25.1042919
res4f_branch2a 13.1320159 0.0000000 13.2143230
res4f_branch2b 13.5858583 0.0000000 43.4535179
res4f_branch2c 12.0352363 -14.7915096 26.7377129
res4f 14.0435035 0.0000000 26.7377129
res5a_branch1 22.7343474 -25.7670918 55.9375076
res5a_branch2a 9.0993013 0.0000000 9.0993013
res5a_branch2b 5.8183680 0.0000000 8.4589481
res5a_branch2c 23.6094995 -16.3551407 31.6069756
res5a 27.4430637 0.0000000 54.8593292
res5b_branch2a 10.4754667 0.0000000 10.4754667
res5b_branch2b 7.4479504 0.0000000 7.4479504
res5b_branch2c 23.9507636 -23.4298611 25.2106819
res5b 31.0381413 0.0000000 55.1519737
res5c_branch2a 9.3267794 0.0000000 9.3267794
res5c_branch2b 9.8958426 0.0000000 9.8958426
res5c_branch2c 27.1799668 -23.8895111 49.4027634
res5c 47.5566711 0.0000000 76.0535202
pool5 10.6940535 0.0000000 24.4343433
fc1000 37.0226707 -10.2470684 37.0226707
