# genetated time: 2022-12-23 16:52:56.740467
# histogram number: 2048
# sample number: 100
# tune number: 5
###
# op_name    threshold    min    max
data 255.0000000 0.0000000 255.0000000
bn_data 2.4725044 -2.0331745 2.4725044
bn0 1.4176974 0.0000000 6.6697922
pooling0 6.6697922 0.0000000 6.6697922
stage1_unit1_bn1 15.3007488 -0.0000000 15.3007488
stage1_unit1_bn2 1.8954802 0.0000000 6.0625749
stage1_unit1_sc 3.7330360 -8.5284872 4.6045046
stage1_unit1_bn3 2.9394133 0.0000000 6.7153783
stage1_unit1_conv3 2.8174645 -2.9656758 2.7057734
plus0 3.6098833 -9.6216545 5.2769537
stage1_unit2_bn1 1.4208617 -0.0000000 4.9401340
stage1_unit2_bn2 4.7437358 0.0000000 12.6437855
stage1_unit2_bn3 5.5141749 0.0000000 20.5115681
stage1_unit2_conv3 2.6478807 -3.3890092 3.0196216
plus1 4.3077073 -9.8413811 5.4936919
stage1_unit3_bn1 2.6929037 -0.0000000 7.4265728
stage1_unit3_bn2 9.5903650 0.0000000 47.2080727
stage1_unit3_bn3 7.1393056 0.0000000 28.5432777
stage1_unit3_conv3 2.9050257 -6.9873538 3.5828979
plus2 4.0848632 -13.0651789 5.0983086
stage2_unit1_bn1 0.5562754 -0.0000000 1.7792122
stage2_unit1_bn2 0.5792480 0.0000000 1.1579304
stage2_unit1_sc 0.0563163 -0.1266310 0.1286602
stage2_unit1_bn3 0.4456085 0.0000000 0.8907818
stage2_unit1_conv3 0.0428150 -0.0698279 0.0732335
plus3 0.0753886 -0.1339587 0.1237470
stage2_unit2_bn1 0.2527285 -0.0000000 0.4811750
stage2_unit2_bn2 0.3294046 0.0000000 0.4789000
stage2_unit2_bn3 0.4655275 0.0000000 0.8272004
stage2_unit2_conv3 0.0512116 -0.0548060 0.0412983
plus4 0.0828979 -0.1473021 0.1326381
stage2_unit3_bn1 0.2341304 -0.0000000 0.5348939
stage2_unit3_bn2 0.3396178 0.0000000 0.4937483
stage2_unit3_bn3 0.3221882 0.0000000 0.4684085
stage2_unit3_conv3 0.0411039 -0.0377239 0.0411039
plus5 0.0801595 -0.1602407 0.1380983
stage2_unit4_bn1 0.2255051 -0.0000000 0.5151886
stage2_unit4_bn2 0.4778979 0.0000000 1.0918047
stage2_unit4_bn3 0.4881908 0.0000000 0.8674709
stage2_unit4_conv3 0.0628349 -0.0487388 0.0837717
plus6 0.0936753 -0.1664525 0.1437239
stage3_unit1_bn1 0.3630744 -0.0000000 0.6451504
stage3_unit1_bn2 1.3338312 0.0000000 2.8078492
stage3_unit1_sc 0.0241533 -0.0386339 0.0352861
stage3_unit1_bn3 0.4852620 0.0000000 0.9700502
ssh_m1_red_conv_bn 0.5693295 0.0000000 1.5174706
stage3_unit1_conv3 0.0242673 -0.0466112 0.0970219
plus7 0.0358344 -0.0608252 0.0939580
stage3_unit2_bn1 0.1908457 -0.0000000 0.5003986
stage3_unit2_bn2 0.2435732 0.0000000 0.4869085
stage3_unit2_bn3 0.2566858 0.0000000 0.5864239
stage3_unit2_conv3 0.0264727 -0.0365073 0.0343366
plus8 0.0411438 -0.0732148 0.0939970
stage3_unit3_bn1 0.2321363 -0.0000000 0.5583491
stage3_unit3_bn2 0.2670897 0.0000000 0.7118913
stage3_unit3_bn3 0.2458450 0.0000000 0.4914500
stage3_unit3_conv3 0.0297966 -0.0433347 0.0329694
plus9 0.0461626 -0.0817992 0.0922801
stage3_unit4_bn1 0.3302895 -0.0000000 0.6365716
stage3_unit4_bn2 0.5684263 0.0000000 1.1089526
stage3_unit4_bn3 0.3574714 0.0000000 0.5716751
stage3_unit4_conv3 0.0337042 -0.0434689 0.0599049
plus10 0.0485600 -0.0905842 0.0970725
stage3_unit5_bn1 0.2814527 -0.0000000 0.6252807
stage3_unit5_bn2 0.2601771 0.0000000 0.9045990
stage3_unit5_bn3 0.3567196 0.0000000 0.8149610
stage3_unit5_conv3 0.0367480 -0.0462819 0.0544286
plus11 0.0621851 -0.0994475 0.0971588
stage3_unit6_bn1 0.2625045 -0.0000000 0.4771327
stage3_unit6_bn2 0.2788668 0.0000000 0.6861476
stage3_unit6_bn3 0.3610452 0.0000000 0.6874013
stage3_unit6_conv3 0.0424345 -0.0561218 0.0848441
plus12 0.0754415 -0.1074260 0.1340528
stage4_unit1_bn1 0.3442318 -0.0000000 0.6882620
stage4_unit1_bn2 0.3032554 0.0000000 0.4849718
stage4_unit1_sc 0.0109859 -0.0159890 0.0195210
stage4_unit1_bn3 0.2001180 0.0000000 0.4000407
ssh_c2_lateral_bn 0.6160524 0.0000000 1.4075894
stage4_unit1_conv3 0.0191012 -0.0228361 0.0381838
plus13 0.0321396 -0.0278522 0.0478211
stage4_unit2_bn1 0.1616739 -0.0000000 0.4972900
stage4_unit2_bn2 0.1963321 0.0000000 0.5414505
stage4_unit2_bn3 0.2171099 0.0000000 0.3857847
stage4_unit2_conv3 0.0228936 -0.0631368 0.0365163
plus14 0.0378647 -0.0766581 0.0619884
stage4_unit3_bn1 0.1936630 -0.0000000 0.3872124
stage4_unit3_bn2 0.1894965 0.0000000 0.4968609
stage4_unit3_bn3 0.2865660 0.0000000 0.6546881
stage4_unit3_conv3 0.0304155 -0.0535549 0.0810684
plus15 0.0429082 -0.0662928 0.0980281
bn1 0.9746681 -0.0000000 1.9732428
ssh_c3_lateral_bn 0.6429775 0.0000000 1.2853271
ssh_m3_det_conv1_bn_move_ahead_relu 1.2432184 0.0000000 3.9763565
ssh_m3_det_context_conv1_bn 0.8245491 0.0000000 1.6482930
ssh_c3_up 0.6429775 0.0000000 1.2853271
crop0 0.6429775 0.0000000 1.2853271
ssh_plus0 0.7393110 0.0000000 1.4075894
ssh_m3_det_context_conv2_bn_move_ahead_relu 1.3457904 0.0000000 5.3805332
ssh_m3_det_context_conv3_1_bn 0.9200879 0.0000000 2.1020312
ssh_c2_aggr_bn 0.7264655 0.0000000 1.1617773
ssh_m3_det_context_conv3_2_bn_move_ahead_relu 2.0316136 0.0000000 4.0612431
ssh_m2_det_conv1_bn_move_ahead_relu 2.6097509 0.0000000 3.9763007
ssh_m2_det_context_conv1_bn 0.9849703 0.0000000 1.5751830
ssh_m2_red_up 0.7264655 0.0000000 1.1617773
crop1 0.7264655 0.0000000 1.1617773
ssh_m3_det_concat/1_relu 1.6822380 0.0000000 5.3805332
ssh_plus1 0.7591060 0.0000000 1.5174706
ssh_m2_det_context_conv2_bn_move_ahead_relu 2.5146089 0.0000000 3.0946939
ssh_m2_det_context_conv3_1_bn 1.0042343 0.0000000 1.2598705
ssh_c1_aggr_bn 0.9276244 0.0000000 2.2311816
face_rpn_cls_score_stride32 5.1153336 -5.1153336 5.1070766
face_rpn_bbox_pred_stride32 0.8223052 -0.8223052 0.7453846
face_rpn_landmark_pred_stride32 0.9766359 -0.9766359 0.8353022
face_rpn_cls_score_reshape_stride32 5.1153336 -5.1153336 5.1070766
face_rpn_cls_prob_stride32 0.9999636 0.0000363 0.9999636
ssh_m2_det_context_conv3_2_bn_move_ahead_relu 2.5181915 0.0000000 7.1933265
ssh_m1_det_conv1_bn_move_ahead_relu 1.3636229 0.0000000 4.4065609
ssh_m1_det_context_conv1_bn 0.7464069 0.0000000 1.7052399
face_rpn_cls_prob_reshape_stride32 0.9999636 0.0000363 0.9999636
ssh_m2_det_concat/1_relu 4.6758379 0.0000000 7.1933265
ssh_m1_det_context_conv2_bn_move_ahead_relu 1.5180042 0.0000000 9.7135181
ssh_m1_det_context_conv3_1_bn 0.6896986 0.0000000 1.3787237
face_rpn_cls_score_stride16 4.7243666 -4.7538605 4.7535486
face_rpn_bbox_pred_stride16 0.6580266 -0.6150534 0.6580266
face_rpn_landmark_pred_stride16 0.9024644 -0.7400301 0.9024644
face_rpn_cls_score_reshape_stride16 4.7538605 -4.7538605 4.7535486
face_rpn_cls_prob_stride16 0.9999257 0.0000743 0.9999257
ssh_m1_det_context_conv3_2_bn_move_ahead_relu 1.3691058 0.0000000 5.9992719
face_rpn_cls_prob_reshape_stride16 0.9999257 0.0000743 0.9999257
ssh_m1_det_concat/1_relu 2.4286168 0.0000000 9.7135181
face_rpn_cls_score_stride8 4.3559575 -4.6440859 4.6356158
face_rpn_bbox_pred_stride8 0.5003954 -0.5238460 0.6155705
face_rpn_landmark_pred_stride8 0.7795593 -0.7837422 0.8904899
face_rpn_cls_score_reshape_stride8 4.6440859 -4.6440859 4.6356158
face_rpn_cls_prob_stride8 0.9999067 0.0000933 0.9999067
face_rpn_cls_prob_reshape_stride8 0.9999067 0.0000933 0.9999067
