# genetated time: 2023-03-25 03:06:22.553764
# histogram number: 2048
# sample number: 100
# tune number: 5
###
# op_name    threshold    min    max
data 255.0000000 0.0000000 255.0000000
mobilenet0_batchnorm0 2.5829179 0.0000000 4.5908074
mobilenet0_batchnorm1 2.7594669 -0.0000000 4.6962328
mobilenet0_batchnorm2 2.9456568 0.0000000 9.4214993
mobilenet0_batchnorm3 2.6580503 -0.0000000 4.8313169
mobilenet0_batchnorm4 2.4586382 0.0000000 6.5531673
mobilenet0_batchnorm5 2.8979292 -0.0000000 6.6206036
mobilenet0_batchnorm6 2.2948861 0.0000000 4.5875311
mobilenet0_batchnorm7 1.4392521 -0.0000000 3.0693851
mobilenet0_batchnorm8 1.0311540 0.0000000 2.0613010
mobilenet0_batchnorm9 1.7224242 -0.0000000 2.7411485
mobilenet0_batchnorm10 1.2253269 0.0000000 1.5073583
mobilenet0_batchnorm11 1.5731967 -0.0000000 3.1454713
rf_c1_red_conv_bn 2.5654807 0.0000000 3.4189708
mobilenet0_batchnorm12 1.0542018 0.0000000 1.6858994
mobilenet0_batchnorm13 1.2440102 -0.0000000 2.4868057
mobilenet0_batchnorm14 0.8866947 0.0000000 1.2891080
mobilenet0_batchnorm15 1.1616489 -0.0000000 2.1112449
mobilenet0_batchnorm16 0.8244911 0.0000000 1.1986743
mobilenet0_batchnorm17 1.5657221 -0.0000000 3.2316947
mobilenet0_batchnorm18 0.9040581 0.0000000 1.4457866
mobilenet0_batchnorm19 1.9046007 -0.0000000 3.5842037
mobilenet0_batchnorm20 0.8490710 0.0000000 1.4523067
mobilenet0_batchnorm21 1.8730375 -0.0000000 3.7449775
mobilenet0_batchnorm22 1.2064682 0.0000000 1.9294065
mobilenet0_batchnorm23 1.7293757 -0.0000000 2.9905233
rf_c2_lateral_bn 3.7871053 0.0000000 6.2452307
mobilenet0_batchnorm24 1.0312222 0.0000000 1.4992272
mobilenet0_batchnorm25 1.0776920 -0.0000000 2.2684171
mobilenet0_batchnorm26 6.0074587 0.0000000 9.6072407
rf_c3_lateral_bn 3.1248519 0.0000000 3.8440936
rf_c3_det_conv1_bn_move_ahead_relu 3.6184735 0.0000000 3.6184735
rf_c3_det_context_conv1_bn 3.7394829 0.0000000 3.7394829
rf_c3_upsampling 3.8440936 0.0000000 3.8440936
plus0 3.7877157 0.0000000 6.2452307
rf_c3_det_context_conv2_bn_move_ahead_relu 2.4181387 0.0000000 2.4181387
rf_c3_det_context_conv3_1_bn 2.7520754 0.0000000 2.7520754
rf_c2_aggr_bn 2.0907042 0.0000000 2.9720974
rf_c3_det_context_conv3_2_bn_move_ahead_relu 1.6785936 0.0000000 1.6785936
rf_c2_det_conv1_bn_move_ahead_relu 3.9581971 0.0000000 4.2200155
rf_c2_det_context_conv1_bn 2.7773211 0.0000000 3.7012866
rf_c2_upsampling 2.0443151 0.0000000 2.9720974
crop1 2.1370933 0.0000000 2.9720974
rf_c3_det_concat/1_relu 3.6184735 0.0000000 3.6184735
plus1 2.6811836 0.0000000 3.8979993
rf_c2_det_context_conv2_bn_move_ahead_relu 2.3475811 0.0000000 2.3475811
rf_c2_det_context_conv3_1_bn 2.8993669 0.0000000 3.5667090
rf_c1_aggr_bn 2.1629744 0.0000000 3.1446085
face_rpn_cls_score_stride32 6.2662535 -6.2662535 6.2612906
face_rpn_bbox_pred_stride32 0.6347160 -0.6347160 0.5073436
face_rpn_landmark_pred_stride32 0.8036055 -0.6680630 0.8036055
face_rpn_cls_score_reshape_stride32 6.2662535 -6.2662535 6.2612906
face_rpn_cls_prob_stride32 0.9999964 0.0000036 0.9999964
rf_c2_det_context_conv3_2_bn_move_ahead_relu 2.5311661 0.0000000 2.5311661
rf_c1_det_conv1_bn_move_ahead_relu 2.2690482 0.0000000 3.2988224
rf_c1_det_context_conv1_bn 2.9422181 0.0000000 3.6194234
face_rpn_cls_prob_reshape_stride32 0.9999964 0.0000036 0.9999964
rf_c2_det_concat/1_relu 3.0341024 0.0000000 4.2200155
rf_c1_det_context_conv2_bn_move_ahead_relu 2.1362228 0.0000000 2.1362228
rf_c1_det_context_conv3_1_bn 2.1791744 0.0000000 2.4892688
face_rpn_cls_score_stride16 6.8765235 -6.8731389 6.8765235
face_rpn_bbox_pred_stride16 0.8224465 -0.6051109 0.8224465
face_rpn_landmark_pred_stride16 0.9224413 -0.7587889 0.9224413
face_rpn_cls_score_reshape_stride16 6.8765235 -6.8731389 6.8765235
face_rpn_cls_prob_stride16 0.9999989 0.0000011 0.9999989
rf_c1_det_context_conv3_2_bn_move_ahead_relu 2.3564093 0.0000000 3.4258306
face_rpn_cls_prob_reshape_stride16 0.9999989 0.0000011 0.9999989
rf_c1_det_concat/1_relu 2.3564093 0.0000000 3.4258306
face_rpn_cls_score_stride8 6.1368179 -6.1368179 6.1254063
face_rpn_bbox_pred_stride8 0.5456370 -0.5060628 0.6232806
face_rpn_landmark_pred_stride8 0.8815023 -0.7595061 0.8815023
face_rpn_cls_score_reshape_stride8 6.1368179 -6.1368179 6.1254063
face_rpn_cls_prob_stride8 0.9999952 0.0000047 0.9999952
face_rpn_cls_prob_reshape_stride8 0.9999952 0.0000047 0.9999952
