# genetated time: 2022-12-15 12:39:36.093806
# histogram number: 2048
# sample number: 100
# tune number: 5
###
# op_name    threshold    min    max
data 255.0000000 0.0000000 255.0000000
mobilenet0_batchnorm0 2.7459875 0.0000000 6.1005387
mobilenet0_batchnorm1 2.9398876 -0.0000000 5.3445382
mobilenet0_batchnorm2 3.4515784 0.0000000 11.0396576
mobilenet0_batchnorm3 2.5424095 -0.0000000 4.2359695
mobilenet0_batchnorm4 2.0409355 0.0000000 5.4398375
mobilenet0_batchnorm5 3.6040542 -0.0000000 7.2045889
mobilenet0_batchnorm6 2.2060399 0.0000000 4.4099255
mobilenet0_batchnorm7 1.5493123 -0.0000000 3.0977166
mobilenet0_batchnorm8 0.9577383 0.0000000 1.7018144
mobilenet0_batchnorm9 1.5827250 -0.0000000 3.0133824
mobilenet0_batchnorm10 1.6747633 0.0000000 1.7066536
mobilenet0_batchnorm11 2.6768250 -0.0000000 2.7542591
rf_c1_red_conv_bn 2.5559921 0.0000000 3.1443002
mobilenet0_batchnorm12 0.7358119 0.0000000 1.4709052
mobilenet0_batchnorm13 1.3137215 -0.0000000 1.9099346
mobilenet0_batchnorm14 0.9801282 0.0000000 1.2057226
mobilenet0_batchnorm15 1.0305897 -0.0000000 1.8312649
mobilenet0_batchnorm16 1.0190370 0.0000000 1.0190370
mobilenet0_batchnorm17 1.5668207 -0.0000000 2.8478796
mobilenet0_batchnorm18 1.1392279 0.0000000 1.1392279
mobilenet0_batchnorm19 1.3936816 -0.0000000 3.7146697
mobilenet0_batchnorm20 0.7889051 0.0000000 1.2616320
mobilenet0_batchnorm21 1.4084798 -0.0000000 3.6930420
mobilenet0_batchnorm22 0.9444905 0.0000000 1.5104469
mobilenet0_batchnorm23 1.3865666 -0.0000000 2.9765632
rf_c2_lateral_bn 3.4409618 0.0000000 6.1142788
mobilenet0_batchnorm24 1.1470696 0.0000000 1.5286793
mobilenet0_batchnorm25 1.2600585 -0.0000000 1.9198658
mobilenet0_batchnorm26 11.4089301 0.0000000 11.6264648
rf_c3_lateral_bn 3.2841544 0.0000000 3.2841544
rf_c3_det_conv1_bn_move_ahead_relu 2.7787354 0.0000000 2.7787354
rf_c3_det_context_conv1_bn 3.1362698 0.0000000 3.1362698
rf_c3_upsampling 3.2841544 0.0000000 3.2841544
crop0 3.2841544 0.0000000 3.2841544
plus0 3.4409618 0.0000000 6.1142788
rf_c3_det_context_conv2_bn_move_ahead_relu 2.1997554 0.0000000 2.1997554
rf_c3_det_context_conv3_1_bn 2.4676673 0.0000000 2.4676673
rf_c2_aggr_bn 2.5651164 0.0000000 2.5651164
rf_c3_det_context_conv3_2_bn_move_ahead_relu 1.6247469 0.0000000 1.6247469
rf_c2_det_conv1_bn_move_ahead_relu 3.8832514 0.0000000 3.8832514
rf_c2_det_context_conv1_bn 3.2705758 0.0000000 3.2705758
rf_c2_upsampling 2.5651164 0.0000000 2.5651164
crop1 2.5651164 0.0000000 2.5651164
rf_c3_det_concat/1_relu 2.7787354 0.0000000 2.7787354
plus1 2.8135381 0.0000000 3.4611254
rf_c2_det_context_conv2_bn_move_ahead_relu 2.0165480 0.0000000 2.1578577
rf_c2_det_context_conv3_1_bn 3.2274568 0.0000000 3.2274568
rf_c1_aggr_bn 1.7189586 0.0000000 2.4990826
face_rpn_cls_score_stride32 5.6243796 -5.6039476 5.6243796
face_rpn_bbox_pred_stride32 0.6737391 -0.6737391 0.4195253
face_rpn_landmark_pred_stride32 0.6964791 -0.5943800 0.6964791
face_rpn_cls_score_reshape_stride32 5.6243796 -5.6039476 5.6243796
face_rpn_cls_prob_stride32 0.9999866 0.0000133 0.9999866
rf_c2_det_context_conv3_2_bn_move_ahead_relu 2.1124401 0.0000000 2.1124401
rf_c1_det_conv1_bn_move_ahead_relu 2.1720314 0.0000000 2.8946278
rf_c1_det_context_conv1_bn 2.8968329 0.0000000 2.8968329
face_rpn_cls_prob_reshape_stride32 0.9999866 0.0000133 0.9999866
rf_c2_det_concat/1_relu 3.6649964 0.0000000 3.8832514
rf_c1_det_context_conv2_bn_move_ahead_relu 1.8262966 0.0000000 2.0861769
rf_c1_det_context_conv3_1_bn 2.0588775 0.0000000 2.0588775
face_rpn_cls_score_stride16 5.1295509 -5.1295509 5.1188135
face_rpn_bbox_pred_stride16 0.6817403 -0.5515653 0.6817403
face_rpn_landmark_pred_stride16 0.8826257 -0.8115707 0.8826257
face_rpn_cls_score_reshape_stride16 5.1295509 -5.1295509 5.1188135
face_rpn_cls_prob_stride16 0.9999646 0.0000354 0.9999646
rf_c1_det_context_conv3_2_bn_move_ahead_relu 3.0019333 0.0000000 3.0019333
face_rpn_cls_prob_reshape_stride16 0.9999646 0.0000354 0.9999646
rf_c1_det_concat/1_relu 3.0019333 0.0000000 3.0019333
face_rpn_cls_score_stride8 6.2433338 -6.2433338 6.2311678
face_rpn_bbox_pred_stride8 0.5165446 -0.4730165 0.5900485
face_rpn_landmark_pred_stride8 0.8369482 -0.7164764 0.8369482
face_rpn_cls_score_reshape_stride8 6.2433338 -6.2433338 6.2311678
face_rpn_cls_prob_stride8 0.9999962 0.0000038 0.9999962
face_rpn_cls_prob_reshape_stride8 0.9999962 0.0000038 0.9999962
