# genetated time: 2022-12-23 18:10:00.795516
# histogram number: 2048
# sample number: 300
# tune number: 5
###
# op_name    threshold    min    max
data 255.0000000 0.0000000 255.0000000
bn_data 2.4725420475 -2.0331745 2.4725044
bn0 0.897718429565 0.0000000 6.6697922
pooling0 1.19285881519 0.0000000 6.6697922
stage1_unit1_bn1 5.32148933411 -0.0000000 17.4800262
stage1_unit1_bn2 2.37384200096 0.0000000 6.1383266
stage1_unit1_sc 3.7826359272 -11.2511358 4.6045046
stage1_unit1_bn3 3.53305888176 0.0000000 6.7153783
stage1_unit1_conv3 1.68360745907 -3.1951804 3.3153617
plus0 4.49583530426 -11.0863142 5.3299050
stage1_unit2_bn1 1.70565664768 -0.0000000 7.8268862
stage1_unit2_bn2 4.76712417603 0.0000000 17.1882381
stage1_unit2_bn3 4.86968421936 0.0000000 21.9404221
stage1_unit2_conv3 2.6478807 -3.3890092 3.3125100
plus1 3.7859049 -12.1089802 5.4936919
stage1_unit3_bn1 2.6515282 -0.0000000 7.5742092
stage1_unit3_bn2 10.2775486 0.0000000 50.5906982
stage1_unit3_bn3 7.3042183 0.0000000 29.2026062
stage1_unit3_conv3 3.0969249 -7.0772038 4.6217265
plus2 4.0848632 -13.0651789 6.8764415
stage2_unit1_bn1 0.6088663 -0.0000000 2.4342759
stage2_unit1_bn2 0.5957354 0.0000000 1.1908890
stage2_unit1_sc 0.0482177 -0.1927767 0.1362992
stage2_unit1_bn3 0.5064887 0.0000000 1.0124828
stage2_unit1_conv3 0.0423899 -0.0737307 0.0807069
plus3 0.0636257 -0.2543787 0.1600674
stage2_unit2_bn1 0.2631838 -0.0000000 0.7014809
stage2_unit2_bn2 0.3276111 0.0000000 0.7484598
stage2_unit2_bn3 0.4655275 0.0000000 0.8272004
stage2_unit2_conv3 0.0501646 -0.0697838 0.0449744
plus4 0.0725051 -0.2898787 0.1603690
stage2_unit3_bn1 0.2237307 -0.0000000 0.5963240
stage2_unit3_bn2 0.3183095 0.0000000 0.5656072
stage2_unit3_bn3 0.3627551 0.0000000 0.5801247
stage2_unit3_conv3 0.0411039 -0.0395127 0.0411039
plus5 0.0780567 -0.3120744 0.1662903
stage2_unit4_bn1 0.2580014 -0.0000000 0.5894294
stage2_unit4_bn2 0.4811548 0.0000000 1.0992453
stage2_unit4_bn3 0.5213910 0.0000000 0.9264647
stage2_unit4_conv3 0.0627625 -0.0527558 0.1068132
plus6 0.0803329 -0.3211746 0.1675519
stage3_unit1_bn1 0.3166523 -0.0000000 0.8439938
stage3_unit1_bn2 1.2456286 0.0000000 2.8881483
stage3_unit1_sc 0.0236723 -0.0430273 0.0428589
stage3_unit1_bn3 0.4873137 0.0000000 0.9741516
ssh_m1_red_conv_bn 0.6033716 0.0000000 1.9298464
stage3_unit1_conv3 0.0243499 -0.0468145 0.1066985
plus7 0.0364688 -0.0723027 0.1050915
stage3_unit2_bn1 0.1869213 -0.0000000 0.6498989
stage3_unit2_bn2 0.2540828 0.0000000 0.6772232
stage3_unit2_bn3 0.2890793 0.0000000 0.6604301
stage3_unit2_conv3 0.0265996 -0.0379914 0.0376637
plus8 0.0416988 -0.0909410 0.1025991
stage3_unit3_bn1 0.2412602 -0.0000000 0.6325858
stage3_unit3_bn2 0.2484257 0.0000000 0.7945740
stage3_unit3_bn3 0.2744788 0.0000000 0.6270738
stage3_unit3_conv3 0.0308943 -0.0595430 0.0416920
plus9 0.0472572 -0.0961519 0.1014478
stage3_unit4_bn1 0.3470401 -0.0000000 0.6530832
stage3_unit4_bn2 0.5992912 0.0000000 1.2698609
stage3_unit4_bn3 0.3410392 0.0000000 0.6817454
stage3_unit4_conv3 0.0335680 -0.0489494 0.0692853
plus10 0.0534475 -0.1068289 0.1068429
stage3_unit5_bn1 0.2857689 -0.0000000 0.6873497
stage3_unit5_bn2 0.2786218 0.0000000 1.1139429
stage3_unit5_bn3 0.3567196 0.0000000 0.8149610
stage3_unit5_conv3 0.0369233 -0.0462819 0.0694848
plus11 0.0582374 -0.1164180 0.1067748
stage3_unit6_bn1 0.2596554 -0.0000000 0.4973701
stage3_unit6_bn2 0.2735064 0.0000000 0.7289943
stage3_unit6_bn3 0.3548045 0.0000000 0.7183114
stage3_unit6_conv3 0.0424345 -0.0610291 0.0848441
plus12 0.0800772 -0.1211109 0.1600762
stage4_unit1_bn1 0.3525593 -0.0000000 0.7518767
stage4_unit1_bn2 0.3275103 0.0000000 0.5237606
stage4_unit1_sc 0.0171034 -0.0170041 0.0220658
stage4_unit1_bn3 0.2001180 0.0000000 0.4000407
ssh_c2_lateral_bn 0.5959634 0.0000000 1.5626194
stage4_unit1_conv3 0.0194072 -0.0228361 0.0387954
plus13 0.0319975 -0.0303802 0.0509223
stage4_unit2_bn1 0.1616739 -0.0000000 0.4972900
stage4_unit2_bn2 0.1889210 0.0000000 0.5810989
stage4_unit2_bn3 0.2257466 0.0000000 0.4846135
stage4_unit2_conv3 0.0228936 -0.0631368 0.0365163
plus14 0.0378647 -0.0766581 0.0674185
stage4_unit3_bn1 0.1979888 -0.0000000 0.3958616
stage4_unit3_bn2 0.1897119 0.0000000 0.4974256
stage4_unit3_bn3 0.2865660 0.0000000 0.6546881
stage4_unit3_conv3 0.0295557 -0.0535549 0.1295099
plus15 0.0368249 -0.0662928 0.1472279
bn1 1.0205737 -0.0000000 2.9409647
ssh_c3_lateral_bn 0.7719572 0.0000000 1.5431604
ssh_m3_det_conv1_bn_move_ahead_relu 0.9945748 0.0000000 3.9763565
ssh_m3_det_context_conv1_bn 0.8245491 0.0000000 1.6482930
ssh_c3_up 0.7719572 0.0000000 1.5431604
crop0 0.7719572 0.0000000 1.5431604
ssh_plus0 0.7816914 0.0000000 1.5626194
ssh_m3_det_context_conv2_bn_move_ahead_relu 1.3457904 0.0000000 5.3805332
ssh_m3_det_context_conv3_1_bn 0.9200879 0.0000000 2.1020312
ssh_c2_aggr_bn 0.7151353 0.0000000 1.3615606
ssh_m3_det_context_conv3_2_bn_move_ahead_relu 2.0316136 0.0000000 4.0612431
ssh_m2_det_conv1_bn_move_ahead_relu 2.5403530 0.0000000 4.6182084
ssh_m2_det_context_conv1_bn 0.9335057 0.0000000 1.6587553
ssh_m2_red_up 0.6811129 0.0000000 1.3615606
crop1 0.6811129 0.0000000 1.3615606
ssh_m3_det_concat/1_relu 1.5475275 0.0000000 5.3805332
ssh_plus1 0.7240460 0.0000000 1.9298464
ssh_m2_det_context_conv2_bn_move_ahead_relu 2.6030748 0.0000000 3.2792752
ssh_m2_det_context_conv3_1_bn 0.9306507 0.0000000 1.3847296
ssh_c1_aggr_bn 0.8906654 0.0000000 2.3353300
face_rpn_cls_score_stride32 5.3007907 -5.3172855 5.3046699
face_rpn_bbox_pred_stride32 0.8223052 -0.8223052 0.7453846
face_rpn_landmark_pred_stride32 0.9766359 -0.9766359 0.8423958
face_rpn_cls_score_reshape_stride32 5.3007907 -5.3172855 5.3046699
face_rpn_cls_prob_stride32 0.9999757 0.0000244 0.9999757
ssh_m2_det_context_conv3_2_bn_move_ahead_relu 2.5365075 0.0000000 8.4536486
ssh_m1_det_conv1_bn_move_ahead_relu 1.2840197 0.0000000 4.4643536
ssh_m1_det_context_conv1_bn 0.8531084 0.0000000 1.9490100
face_rpn_cls_prob_reshape_stride32 0.9999757 0.0000244 0.9999757
ssh_m2_det_concat/1_relu 4.7554354 0.0000000 8.4536486
ssh_m1_det_context_conv2_bn_move_ahead_relu 1.5180042 0.0000000 9.7135181
ssh_m1_det_context_conv3_1_bn 0.7350559 0.0000000 1.6793075
face_rpn_cls_score_stride16 4.8836393 -4.8836393 4.8808012
face_rpn_bbox_pred_stride16 0.5349078 -0.6150534 0.6580266
face_rpn_landmark_pred_stride16 0.9153719 -0.7400301 0.9153719
face_rpn_cls_score_reshape_stride16 4.8836393 -4.8836393 4.8808012
face_rpn_cls_prob_stride16 0.9999425 0.0000575 0.9999425
ssh_m1_det_context_conv3_2_bn_move_ahead_relu 1.2741809 0.0000000 6.7923131
face_rpn_cls_prob_reshape_stride16 0.9999425 0.0000575 0.9999425
ssh_m1_det_concat/1_relu 8.8636446 0.0000000 9.7135181
face_rpn_cls_score_stride8 4.9122478 -4.9430361 4.9348178
face_rpn_bbox_pred_stride8 0.5465162 -0.5547469 0.6242849
face_rpn_landmark_pred_stride8 0.7964139 -0.8221173 0.9097429
face_rpn_cls_score_reshape_stride8 4.9430361 -4.9430361 4.9348178
face_rpn_cls_prob_stride8 0.9999486 0.0000514 0.9999486
face_rpn_cls_prob_reshape_stride8 0.9999486 0.0000514 0.9999486
