# genetated time: 2022-12-09 16:07:11.718839
# histogram number: 2048
# sample number: 1000
# tune number: 5
###
# op_name    threshold    min    max
data 2.5680201 -2.1025600 2.5680201
conv1 15.2972892 0.0000000 32.8389206
pool1 16.4274807 0.0000000 32.8389206
conv2_1/prj 12.0302668 -32.0650482 19.0389423
conv2_1/x1 9.5303659 0.0000000 16.9346008
conv2_1/x2 11.2756062 0.0000000 11.2756062
conv2_1/x3 16.7555000 -17.9315166 16.7257252
pool2_1/gap 6.4694748 -6.4694748 6.2564192
fc2_1/sqz 14.3038216 0.0000000 14.3038216
fc2_1/exc/1 4.6367650 -4.6367650 4.3227930
fc2_1/exc 0.9869108 0.0095960 0.9869108
fc2_1/exc_reshape 0.9869108 0.0095960 0.9869108
scale2_1 9.3887802 -11.9223461 14.7968073
block_2_1 9.8478880 0.0000000 19.6861591
conv2_2/x1 4.4442563 0.0000000 6.4612164
conv2_2/x2 11.4696178 0.0000000 18.3424282
conv2_2/x3 28.1490863 -29.0568466 27.7434673
pool2_2/gap 8.4691961 -6.9094334 8.7141895
fc2_2/sqz 13.9029741 0.0000000 13.9029741
fc2_2/exc/1 6.9095654 -6.9095654 3.1557426
fc2_2/exc 0.9591345 0.0009972 0.9591345
fc2_2/exc_reshape 0.9591345 0.0009972 0.9591345
scale2_2 7.6441614 -14.9131269 12.6907997
block_2_2 9.8101536 0.0000000 19.6145573
conv2_3/x1 9.0515156 0.0000000 14.4753532
conv2_3/x2 12.2672901 0.0000000 24.5226002
conv2_3/x3 77.7600360 -71.9406891 89.5070114
pool2_3/gap 7.4643849 -6.0800657 7.7050986
fc2_3/sqz 15.8080997 0.0000000 15.8080997
fc2_3/exc/1 7.3785621 -7.4248085 4.2170029
fc2_3/exc 0.9854715 0.0005959 0.9854715
fc2_3/exc_reshape 0.9854715 0.0005959 0.9854715
scale2_3 7.1374151 -16.4718647 24.8157768
block_2_3 9.3104630 0.0000000 24.8157768
conv3_1/prj 7.8135882 -16.7735462 16.1330643
conv3_1/x1 6.5590782 0.0000000 13.1117516
conv3_1/x2 10.5168447 0.0000000 18.6874847
conv3_1/x3 48.4143278 -50.1253662 52.3391228
pool3_1/gap 6.5755340 -6.7009101 6.4024172
fc3_1/sqz 11.3856980 0.0000000 12.0637302
fc3_1/exc/1 5.3833976 -5.3833976 3.8702669
fc3_1/exc 0.9795731 0.0045712 0.9795731
fc3_1/exc_reshape 0.9795731 0.0045712 0.9795731
scale3_1 9.1627731 -18.7474155 24.4221325
block_3_1 10.2156048 0.0000000 23.3385525
conv3_2/x1 7.4409685 0.0000000 10.8179426
conv3_2/x2 8.6744175 0.0000000 13.8722916
conv3_2/x3 45.9360354 -30.4896832 56.5345345
pool3_2/gap 8.2900391 -6.4716253 8.5024977
fc3_2/sqz 10.1880560 0.0000000 10.1880560
fc3_2/exc/1 4.9084930 -4.9084930 3.9749255
fc3_2/exc 0.9815655 0.0073295 0.9815655
fc3_2/exc_reshape 0.9815655 0.0073295 0.9815655
scale3_2 8.0273319 -19.3078537 18.5384884
block_3_2 8.7530804 0.0000000 23.3301525
conv3_3/x1 7.9707284 0.0000000 14.1632652
conv3_3/x2 8.2252617 0.0000000 13.1539936
conv3_3/x3 31.9574589 -38.3707466 54.3871956
pool3_3/gap 6.8958015 -4.9342279 6.8958015
fc3_3/sqz 9.8720093 0.0000000 9.8720093
fc3_3/exc/1 5.6751242 -5.6751242 3.0531485
fc3_3/exc 0.9549182 0.0034185 0.9549182
fc3_3/exc_reshape 0.9549182 0.0034185 0.9549182
scale3_3 7.5397779 -20.7934322 9.9647846
block_3_3 10.1259178 0.0000000 24.9146633
conv3_4/x1 9.9554453 0.0000000 15.9209347
conv3_4/x2 11.0662575 0.0000000 17.6973667
conv3_4/x3 68.3075832 -60.6166611 74.3476486
pool3_4/gap 5.9017807 -4.6775732 5.9953575
fc3_4/sqz 12.0374680 0.0000000 12.0374680
fc3_4/exc/1 6.4546032 -6.4546032 4.3670368
fc3_4/exc 0.9874702 0.0015708 0.9874702
fc3_4/exc_reshape 0.9874702 0.0015708 0.9874702
scale3_4 7.4855396 -23.0246429 14.7218122
block_3_4 9.7837016 0.0000000 28.1934795
conv4_1/prj 7.9591854 -13.1232004 11.7938290
conv4_1/x1 11.4984493 0.0000000 18.3885345
conv4_1/x2 10.9071922 0.0000000 21.8037338
conv4_1/x3 18.3487708 -33.3290672 52.8752518
pool4_1/gap 5.4553933 -4.9232073 5.4723692
fc4_1/sqz 15.8305035 0.0000000 15.8305035
fc4_1/exc/1 6.7061377 -6.4656115 8.9371510
fc4_1/exc 0.9998686 0.0015536 0.9998686
fc4_1/exc_reshape 0.9998686 0.0015536 0.9998686
scale4_1 8.1582449 -22.7884159 28.3650570
block_4_1 11.2494894 0.0000000 32.4174080
conv4_2/x1 9.3105564 0.0000000 18.6120205
conv4_2/x2 7.3102531 0.0000000 14.6133671
conv4_2/x3 12.5893040 -47.4993210 67.1101685
pool4_2/gap 7.7653303 -5.8234735 7.7653303
fc4_2/sqz 14.0822582 0.0000000 14.0822582
fc4_2/exc/1 6.7736707 -6.7736707 3.6691909
fc4_2/exc 0.9751369 0.0011422 0.9751369
fc4_2/exc_reshape 0.9751369 0.0011422 0.9751369
scale4_2 8.5828051 -23.6699257 11.7647696
block_4_2 9.0970115 0.0000000 31.6290150
conv4_3/x1 9.5164967 0.0000000 21.7413692
conv4_3/x2 8.5621309 0.0000000 17.1159000
conv4_3/x3 13.8831911 -28.4832783 37.0037651
pool4_3/gap 5.2023413 -5.2185297 4.5254340
fc4_3/sqz 20.2498703 0.0000000 20.2498703
fc4_3/exc/1 8.9217815 -8.9217815 6.1015110
fc4_3/exc 0.9977655 0.0001334 0.9977655
fc4_3/exc_reshape 0.9977655 0.0001334 0.9977655
scale4_3 8.2120064 -25.2591686 23.7668400
block_4_3 8.7642231 0.0000000 35.0397758
conv4_4/x1 8.2581110 0.0000000 16.5081577
conv4_4/x2 9.1542702 0.0000000 24.3994694
conv4_4/x3 12.8352175 -33.8971748 41.0526428
pool4_4/gap 4.9354472 -4.9354472 3.8334177
fc4_4/sqz 14.5945644 0.0000000 14.5945644
fc4_4/exc/1 5.6584654 -5.6584654 3.7706542
fc4_4/exc 0.9774818 0.0034757 0.9774818
fc4_4/exc_reshape 0.9774818 0.0034757 0.9774818
scale4_4 7.5718008 -19.8533058 15.4097853
block_4_4 8.3994045 0.0000000 33.5812149
conv4_5/x1 9.0439119 0.0000000 20.6617050
conv4_5/x2 10.4059601 0.0000000 18.4904518
conv4_5/x3 19.6735472 -51.5841560 51.4760590
pool4_5/gap 5.0365777 -5.0365777 4.7184048
fc4_5/sqz 23.9227505 0.0000000 23.9227505
fc4_5/exc/1 9.8199065 -8.1009703 10.0713205
fc4_5/exc 0.9999577 0.0003032 0.9999577
fc4_5/exc_reshape 0.9999577 0.0003032 0.9999577
scale4_5 7.4413848 -32.6073303 21.8117085
block_4_5 9.7542617 0.0000000 33.9141808
conv4_6/x1 9.8881655 0.0000000 22.5904846
conv4_6/x2 10.3104420 0.0000000 27.4810867
conv4_6/x3 19.1878719 -40.2716904 61.3712082
pool4_6/gap 6.2131720 -6.2131720 6.0118098
fc4_6/sqz 24.4353237 0.0000000 24.4353237
fc4_6/exc/1 9.5464144 -9.5464144 8.1454544
fc4_6/exc 0.9997100 0.0000715 0.9997100
fc4_6/exc_reshape 0.9997100 0.0000715 0.9997100
scale4_6 8.4442741 -37.0018806 33.9654846
block_4_6 9.2732725 0.0000000 37.0749779
conv5_1/prj 26.1084498 -27.0194054 62.7977180
conv5_1/x1 7.9488330 0.0000000 21.1865387
conv5_1/x2 8.1072235 0.0000000 16.2065296
conv5_1/x3 28.8514652 -46.7547989 153.7993469
pool5_1/gap 22.6154620 -7.9590855 23.3447723
fc5_1/sqz 43.2460861 0.0000000 43.2460861
fc5_1/exc/1 14.8599682 -14.8599682 14.5746517
fc5_1/exc 0.9999995 0.0000004 0.9999995
fc5_1/exc_reshape 0.9999995 0.0000004 0.9999995
scale5_1 25.9617431 -43.8577919 153.7944946
block_5_1 45.9234484 0.0000000 201.2315063
conv5_2/x1 7.0281715 0.0000000 12.4884262
conv5_2/x2 5.5787544 0.0000000 11.1542397
conv5_2/x3 15.9169804 -46.3629417 69.7464600
pool5_2/gap 7.5036726 -7.5036726 7.1447811
fc5_2/sqz 67.8964462 0.0000000 67.8964462
fc5_2/exc/1 8.4438753 0.4758208 8.4438753
fc5_2/exc 0.9997849 0.6167606 0.9997849
fc5_2/exc_reshape 0.9997849 0.6167606 0.9997849
scale5_2 35.7110128 -46.3446884 69.6725540
block_5_2 50.3724350 0.0000000 220.7264709
conv5_3/x1 7.6168709 0.0000000 17.4014893
conv5_3/x2 7.3284636 0.0000000 16.7425957
conv5_3/x3 19.4887581 -31.3953362 77.9169693
pool5_3/gap 11.8667402 -11.8667402 11.6741123
fc5_3/sqz 41.8385353 0.0000000 41.8385353
fc5_3/exc/1 14.6138534 -11.4855614 16.4632549
fc5_3/exc 0.9999999 0.0000103 0.9999999
fc5_3/exc_reshape 0.9999999 0.0000103 0.9999999
scale5_3 39.9311953 -31.3787098 77.9061737
block_5_3 60.3970775 0.0000000 224.6643982
pool5 28.4003595 0.0000000 35.7779160
fc6 38.8249626 -10.5243893 47.7612381
