# genetated time: 2023-03-25 06:43:29.169243
# histogram number: 2048
# sample number: 100
# tune number: 5
###
# op_name    threshold    min    max
data 0.9996000 0.0000000 0.9996000
data/1 5.3311038 -5.3311038 4.6947551
stage1/conv 10.2488546 0.0000000 20.4877014
stage1/pool 10.2488546 0.0000000 20.4877014
stage_2_1/conv4 6.1539914 -6.8373971 6.6143093
stage_2_1/conv5 3.8159347 0.0000000 4.7681713
stage_2_1/conv1 2.8175178 0.0000000 5.0064750
stage_2_1/conv2 6.0480846 -9.6752338 8.8304234
stage_2_1/conv3 5.1822433 0.0000000 5.1822433
stage_2_1/concat 5.1822433 0.0000000 5.1822433
stage_2_1/shuffle 5.1822433 0.0000000 5.1822433
stage_2_2/slice1 5.1822433 0.0000000 5.1822433
stage_2_2/slice2 5.1412354 0.0000000 5.1412354
stage_2_2/conv1 3.1054108 0.0000000 4.1385260
stage_2_2/conv2 4.5787917 -6.0639296 6.2081714
stage_2_2/conv3 4.4956007 0.0000000 4.4956007
stage_2_2/concat 5.1822433 0.0000000 5.1822433
stage_2_2/shuffle 5.1822433 0.0000000 5.1822433
stage_2_3/slice1 4.4956007 0.0000000 4.4956007
stage_2_3/slice2 5.1822433 0.0000000 5.1822433
stage_2_3/conv1 3.7289767 0.0000000 4.9695415
stage_2_3/conv2 4.3337396 -7.7808776 8.3524761
stage_2_3/conv3 5.4481959 0.0000000 5.4481959
stage_2_3/concat 5.4481959 0.0000000 5.4481959
stage_2_3/shuffle 5.4481959 0.0000000 5.4481959
stage_2_4/slice1 5.4481959 0.0000000 5.4481959
stage_2_4/slice2 4.6790867 0.0000000 4.6790867
stage_2_4/conv1 4.2588921 0.0000000 5.2391539
stage_2_4/conv2 4.5455199 -6.3682370 7.8603415
stage_2_4/conv3 6.8684130 0.0000000 7.8457823
stage_2_4/concat 6.8684130 0.0000000 7.8457823
stage_2_4/shuffle 7.0638869 0.0000000 7.8457823
stage_3_1/conv4 5.2158488 -7.1936684 4.2623119
stage_3_1/conv5 3.3822372 0.0000000 3.3822372
stage_3_1/conv1 3.6811552 0.0000000 3.6811552
stage_3_1/conv2 5.1784675 -7.0200815 6.1771173
stage_3_1/conv3 4.0542607 0.0000000 4.0542607
stage_3_1/concat 4.0542607 0.0000000 4.0542607
stage_3_1/shuffle 4.0542607 0.0000000 4.0542607
stage_3_2/slice1 4.0542607 0.0000000 4.0542607
stage_3_2/slice2 3.6965942 0.0000000 3.6965942
stage_3_2/conv1 3.2902248 0.0000000 3.2902248
stage_3_2/conv2 4.2818873 -5.0370803 4.7873044
stage_3_2/conv3 4.1424241 0.0000000 4.1424241
stage_3_2/concat 4.1424241 0.0000000 4.1424241
stage_3_2/shuffle 4.1424241 0.0000000 4.1424241
stage_3_3/slice1 4.0542607 0.0000000 4.0542607
stage_3_3/slice2 3.6263919 0.0000000 4.1424241
stage_3_3/conv1 2.7356920 0.0000000 2.7356920
stage_3_3/conv2 4.6582789 -6.0822816 5.0638208
stage_3_3/conv3 4.4986863 0.0000000 4.4986863
stage_3_3/concat 4.4986863 0.0000000 4.4986863
stage_3_3/shuffle 4.4986863 0.0000000 4.4986863
stage_3_4/slice1 3.4981169 0.0000000 3.8993902
stage_3_4/slice2 4.4986863 0.0000000 4.4986863
stage_3_4/conv1 3.1450973 0.0000000 3.1450973
stage_3_4/conv2 3.5756309 -5.7193332 4.8957510
stage_3_4/conv3 4.5384812 0.0000000 4.5384812
stage_3_4/concat 4.5384812 0.0000000 4.5384812
stage_3_4/shuffle 4.5384812 0.0000000 4.5384812
stage_3_5/slice1 4.5384812 0.0000000 4.5384812
stage_3_5/slice2 3.5904956 0.0000000 3.5904956
stage_3_5/conv1 2.3969574 0.0000000 2.3969574
stage_3_5/conv2 3.4345801 -4.4298091 5.6638889
stage_3_5/conv3 4.2414494 0.0000000 4.5220037
stage_3_5/concat 4.5384812 0.0000000 4.5384812
stage_3_5/shuffle 4.5384812 0.0000000 4.5384812
stage_3_6/slice1 4.5384812 0.0000000 4.5384812
stage_3_6/slice2 3.8993902 0.0000000 3.8993902
stage_3_6/conv1 2.7999992 0.0000000 2.7999992
stage_3_6/conv2 3.3416564 -4.6683984 4.5283117
stage_3_6/conv3 3.7299840 0.0000000 3.7299840
stage_3_6/concat 4.5384812 0.0000000 4.5384812
stage_3_6/shuffle 4.5384812 0.0000000 4.5384812
stage_3_7/slice1 4.5384812 0.0000000 4.5384812
stage_3_7/slice2 3.0892310 0.0000000 3.5288258
stage_3_7/conv1 3.6364975 0.0000000 3.6364975
stage_3_7/conv2 3.6057062 -4.7473102 4.5757785
stage_3_7/conv3 4.3702102 0.0000000 4.3702102
stage_3_7/concat 4.5384812 0.0000000 4.5384812
stage_3_7/shuffle 4.5384812 0.0000000 4.5384812
stage_3_8/slice1 4.5384812 0.0000000 4.5384812
stage_3_8/slice2 2.8050855 0.0000000 3.4114666
stage_3_8/conv1 2.8555069 0.0000000 2.8555069
stage_3_8/conv2 4.8065184 -6.0541754 5.7317190
stage_3_8/conv3 5.2194304 0.0000000 5.2194304
stage_3_8/concat 5.2194304 0.0000000 5.2194304
stage_3_8/shuffle 5.2194304 0.0000000 5.2194304
stage_4_1/conv4 6.6012317 -8.2186670 5.2113457
stage_4_1/conv5 3.5028323 0.0000000 4.7679605
stage_4_1/conv1 2.7458889 0.0000000 2.7458889
stage_4_1/conv2 6.9237830 -8.2055197 7.4344010
stage_4_1/conv3 3.5185956 0.0000000 4.0785780
stage_4_1/concat 4.1740036 0.0000000 4.7679605
stage_4_1/shuffle 4.1740036 0.0000000 4.7679605
stage_4_2/slice1 3.6720662 0.0000000 3.6720662
stage_4_2/slice2 4.7679605 0.0000000 4.7679605
stage_4_2/conv1 3.0979338 0.0000000 3.0979338
stage_4_2/conv2 3.0612579 -5.5636997 4.4250884
stage_4_2/conv3 4.5073380 0.0000000 4.5073380
stage_4_2/concat 3.6640012 0.0000000 4.5073380
stage_4_2/shuffle 3.6640012 0.0000000 4.5073380
stage_4_3/slice1 3.6611228 0.0000000 3.6611228
stage_4_3/slice2 4.5073380 0.0000000 4.5073380
stage_4_3/conv1 3.9192686 0.0000000 3.9192686
stage_4_3/conv2 4.9471587 -5.4695001 5.9957571
stage_4_3/conv3 3.4321802 0.0000000 4.2221589
stage_4_3/concat 3.4321802 0.0000000 4.2221589
stage_4_3/shuffle 3.4321802 0.0000000 4.2221589
stage_4_4/slice1 3.6611228 0.0000000 3.6611228
stage_4_4/slice2 3.4321802 0.0000000 4.2221589
stage_4_4/conv1 3.1109374 0.0000000 3.1109374
stage_4_4/conv2 4.7514740 -5.5817313 5.9153214
stage_4_4/conv3 4.2291927 0.0000000 4.2291927
stage_4_4/concat 4.2291927 0.0000000 4.2291927
stage_4_4/shuffle 4.2291927 0.0000000 4.2291927
conv5 19.7873577 0.0000000 28.1292553
pool 9.2033005 0.0000000 9.2033005
fc 23.2324600 -14.2212057 23.2324600
