# genetated time: 2022-12-23 10:44:05.987001
# histogram number: 2048
# sample number: 100
# tune number: 5
###
# op_name    threshold    min    max
data 151.0000000 -123.0000000 151.0000000
conv1_1 661.3481171 0.0000000 795.4752808
conv1_2 1600.3039551 0.0000000 2843.5957031
pool1 1600.3039551 0.0000000 2843.5957031
conv2_1 1840.3477783 0.0000000 4204.4550781
conv2_2 2208.8356934 0.0000000 5046.3017578
pool2 2524.3835449 0.0000000 5046.3017578
conv3_1 2169.4089355 0.0000000 5782.2656250
conv3_2 1924.7148438 0.0000000 3420.0446777
conv3_3 1605.3601562 0.0000000 2646.9370117
pool3 1820.6580811 0.0000000 2646.9370117
conv4_1 1076.1058655 0.0000000 2588.3188477
conv4_2 517.6087418 0.0000000 991.4799805
conv4_3 379.0087342 0.0000000 455.9151917
conv4_3_norm_square 42226.6842285 0.0000000 207858.6562500
conv4_3_norm_conv 848382.5000000 498.2210083 848382.5000000
conv4_3_norm_sqrt 840.6007264 22.3208656 921.0768433
conv4_3_norm_reciprocal 0.0448011 0.0010857 0.0448011
conv4_3_norm_mul 0.7297189 0.0000000 0.7297189
conv4_3_norm_scale 3.4458694 0.0000000 3.4673817
pool4 316.3788605 0.0000000 455.9151917
conv5_1 163.6019371 0.0000000 313.3796387
conv5_2 83.9708862 0.0000000 149.2086792
conv5_3 68.8102341 0.0000000 110.0426178
pool5 77.0567108 0.0000000 110.0426178
fc6 24.2652725 -0.0000000 32.3421097
fc7 5.5353334 0.0000000 10.0602217
conv6_1 6.9491213 0.0000000 8.1733227
conv6_2 8.1353850 0.0000000 11.9373016
conv7_1 15.3492184 0.0000000 15.3492184
conv7_2 17.1818180 0.0000000 17.1818180
conv8_1 18.4650230 0.0000000 18.4650230
conv8_2 17.0334797 0.0000000 17.0334797
conv9_1 20.5241108 0.0000000 20.5241108
conv9_2 27.8403568 0.0000000 27.8403568
conv4_3_norm_mbox_loc 15.5515642 -16.5802345 4.9999189
conv4_3_norm_mbox_loc_perm 15.5515642 -16.5802345 4.9999189
conv4_3_norm_mbox_loc_flat 15.5515642 -16.5802345 4.9999189
conv4_3_norm_mbox_conf 10.1459112 -3.6845019 10.8170214
conv4_3_norm_mbox_conf_perm 10.1459112 -3.6845019 10.8170214
conv4_3_norm_mbox_conf_flat 10.8170214 -3.6845019 10.8170214
fc7_mbox_loc 4.6499443 -4.6499443 3.9741254
fc7_mbox_loc_perm 4.6499443 -4.6499443 3.9741254
fc7_mbox_loc_flat 4.6499443 -4.6499443 3.9741254
fc7_mbox_conf 17.1764011 -7.8918028 18.3125496
fc7_mbox_conf_perm 17.1764011 -7.8918028 18.3125496
fc7_mbox_conf_flat 17.1764011 -7.8918028 18.3125496
conv6_2_mbox_loc 4.1744218 -3.9826305 4.1744218
conv6_2_mbox_loc_perm 4.1744218 -3.9826305 4.1744218
conv6_2_mbox_loc_flat 4.1744218 -3.9826305 4.1744218
conv6_2_mbox_conf 20.6214943 -9.2099791 21.9855194
conv6_2_mbox_conf_perm 20.6214943 -9.2099791 21.9855194
conv6_2_mbox_conf_flat 20.6214943 -9.2099791 21.9855194
conv7_2_mbox_loc 3.7502251 -3.7022924 3.7502251
conv7_2_mbox_loc_perm 3.7502251 -3.7022924 3.7502251
conv7_2_mbox_loc_flat 3.7502251 -3.7022924 3.7502251
conv7_2_mbox_conf 22.4229259 -11.3703356 22.4229259
conv7_2_mbox_conf_perm 22.4229259 -11.3703356 22.4229259
conv7_2_mbox_conf_flat 22.4229259 -11.3703356 22.4229259
conv8_2_mbox_loc 4.0147643 -3.6920230 4.0147643
conv8_2_mbox_loc_perm 4.0147643 -3.6920230 4.0147643
conv8_2_mbox_loc_flat 4.0147643 -3.6920230 4.0147643
conv8_2_mbox_conf 20.3442459 -14.9643345 20.3442459
conv8_2_mbox_conf_perm 20.3442459 -14.9643345 20.3442459
conv8_2_mbox_conf_flat 20.3442459 -14.9643345 20.3442459
conv9_2_mbox_loc 3.0387571 -3.0387571 2.7183268
conv9_2_mbox_loc_perm 3.0387571 -3.0387571 2.7183268
conv9_2_mbox_loc_flat 3.0387571 -3.0387571 2.7183268
conv9_2_mbox_conf 17.5275574 -12.9750366 17.5275574
conv9_2_mbox_conf_perm 17.5275574 -12.9750366 17.5275574
conv9_2_mbox_conf_flat 17.5275574 -12.9750366 17.5275574
mbox_loc 16.5802345 -16.5802345 4.9999189
mbox_conf 15.4232922 -14.9643345 22.4229259
mbox_conf_reshape 15.7732739 -14.9643345 22.4229259
mbox_conf_softmax 0.9999609 0.0000000 0.9999609
mbox_conf_flatten 0.9530893 0.0000000 0.9999609
detection_out 4.8773813 -1.0000000 78.0000000
