# genetated time: 2022-12-23 09:43:16.090776
# histogram number: 2048
# sample number: 100
# tune number: 5
###
# op_name    threshold    min    max
input1 0.9996000 0.0000000 0.9996000
357_Relu 1.2041923 0.0000000 1.6048058
358_MaxPool 1.2041923 0.0000000 1.6048058
361_Relu 0.7440766 0.0000000 0.7440766
364_Relu 1.6698484 0.0000000 1.9789722
811_Conv 0.9113176 -0.8757232 1.7779901
814_Conv 0.9359014 -1.5928416 1.3248876
370_Relu 1.1057933 0.0000000 2.2109387
373_Relu 0.8711898 0.0000000 0.9951594
376_Relu 2.8181694 0.0000000 3.7263696
823_Conv 1.0400395 -1.6637706 1.5379149
380_Relu 1.5377096 0.0000000 3.2583113
383_Relu 1.2176445 0.0000000 1.6227331
386_Relu 2.7821965 0.0000000 3.6635401
832_Conv 1.3281032 -1.9685838 2.1245916
390_Relu 1.6596148 0.0000000 3.2377713
393_Relu 1.1895634 0.0000000 2.3779652
396_Relu 1.2433921 0.0000000 1.8076873
841_Conv 1.3678488 -2.5726688 3.5010772
844_Conv 1.3724474 -1.0399833 1.3724474
402_Relu 1.8054490 0.0000000 3.6091349
405_Relu 0.6649289 0.0000000 0.8861389
408_Relu 1.5957989 0.0000000 1.8228797
853_Conv 1.7675764 -1.5165066 3.4483953
412_Relu 2.2531985 0.0000000 4.0047731
415_Relu 1.0505301 0.0000000 1.5272976
418_Relu 0.9554117 0.0000000 1.2732602
862_Conv 1.8349468 -1.5857304 2.1664808
422_Relu 2.0528207 0.0000000 4.1036367
425_Relu 1.0345097 0.0000000 1.6544073
428_Relu 1.1798108 0.0000000 2.3584692
871_Conv 1.8251054 -2.2054374 3.8416357
432_Relu 3.0943113 0.0000000 4.2672248
435_Relu 1.5605937 0.0000000 2.7730341
438_Relu 1.0103616 0.0000000 2.3082702
880_Conv 1.1714700 -1.9823084 2.8176947
883_Conv 1.1798686 -1.0818607 1.2179174
444_Relu 1.6761224 0.0000000 3.3506081
447_Relu 1.1149288 0.0000000 1.7743511
450_Relu 1.3801934 0.0000000 1.5765936
892_Conv 1.4042707 -1.4658871 2.9947829
454_Relu 2.1469622 0.0000000 3.7126350
457_Relu 1.1014977 0.0000000 1.6013960
460_Relu 0.8384571 0.0000000 1.3408763
901_Conv 1.4602891 -1.4202728 1.4602891
464_Relu 2.3609874 0.0000000 3.5630648
467_Relu 1.1576529 0.0000000 2.3141751
470_Relu 1.0972860 0.0000000 1.4623336
910_Conv 1.4249982 -1.8385046 1.7732096
474_Relu 2.4541663 0.0000000 4.1325040
477_Relu 1.0244594 0.0000000 2.5206666
480_Relu 0.9584957 0.0000000 1.9160553
919_Conv 1.5359543 -1.9625137 2.7299631
484_Relu 3.6434866 0.0000000 5.8290091
487_Relu 1.1888014 0.0000000 2.1123929
490_Relu 1.7624187 0.0000000 3.3967338
928_Conv 1.8014829 -2.7599473 3.2563341
494_Relu 3.0224098 0.0000000 4.6048698
497_Relu 1.4257862 0.0000000 3.7384200
500_Relu 1.1306136 0.0000000 1.6437259
937_Conv 1.3008870 -2.5763299 2.6005037
940_Conv 1.1172233 -2.3566194 2.9778070
506_Relu 1.6102002 0.0000000 2.8611803
509_Relu 0.9786617 0.0000000 2.2358487
512_Relu 0.7036392 0.0000000 1.5105127
949_Conv 1.3407166 -1.8489217 1.8401669
516_Relu 1.5498446 0.0000000 3.5407722
519_Relu 1.2588712 0.0000000 4.0680547
522_Relu 0.6883966 0.0000000 1.8348279
958_Conv 1.5174054 -2.3687484 2.9065914
526_Relu 2.1864886 0.0000000 4.3708420
527_Conv 2.5675967 -4.0428996 4.1061487
529_Add 2.5675967 -4.0428996 4.1061487
548_Resize 2.3571162 -3.7186933 3.7695446
549_Conv 1.2590405 -1.5122077 1.5143849
550_Add 2.1331375 -3.7465255 3.7903926
569_Resize 2.2651968 -3.6187673 3.6225450
570_Conv 1.3556561 -1.4675916 1.6305950
571_Add 2.5682898 -3.7338700 3.4921715
573_Relu 5.0285969 0.0000000 5.0285969
575_Relu 4.4349457 0.0000000 5.8628526
577_Relu 11.7734241 0.0000000 18.8282814
578_Conv 4.3924470 -2.3649354 4.4478550
579_Conv 5.1572095 -2.9443028 5.1895332
581_Relu 8.9329519 0.0000000 12.9870396
583_Relu 3.9792390 0.0000000 6.3636732
585_Relu 2.8532503 0.0000000 4.1481557
590_Resize 1.8885310 0.0000000 3.7752178
591_Relu 1.9828653 0.0000000 3.7752178
593_Relu 3.7990980 0.0000000 6.7506542
595_Relu 16.9688969 0.0000000 27.1369801
596_Transpose 16.9688969 0.0000000 27.1369801
598_Relu 7.7068434 0.0000000 10.2707739
599_Conv 10.4691982 -12.8788757 9.5242691
600_Transpose 10.4691982 -12.8788757 9.5242691
610_Reshape 10.4691982 -12.8788757 9.5242691
611_Conv 19.8169937 -12.2584600 22.6369343
612_Transpose 19.8169937 -12.2584600 22.6369343
622_Reshape 19.8169937 -12.2584600 22.6369343
623_Conv 7.1119671 -8.7489157 7.7376761
624_Transpose 7.1119671 -8.7489157 7.7376761
634_Reshape 7.1119671 -8.7489157 7.7376761
635_Tanh 0.9999999 -0.9999999 0.9999996
637_Relu 5.5094494 0.0000000 6.4098682
638_Conv 7.5542937 -7.6759820 8.3904715
639_Transpose 7.5542937 -7.6759820 8.3904715
649_Reshape 8.2859493 -7.6759820 8.3904715
650_Conv 14.9691229 -11.7385406 18.4145412
651_Transpose 14.9691229 -11.7385406 18.4145412
661_Reshape 14.9691229 -11.7385406 18.4145412
662_Conv 4.9228606 -3.7692287 6.0559473
663_Transpose 4.9228606 -3.7692287 6.0559473
673_Reshape 4.9228606 -3.7692287 6.0559473
674_Tanh 0.9999890 -0.9989361 0.9999890
676_Relu 6.4806408 0.0000000 6.7322364
677_Conv 7.7745323 -7.1920094 7.7745323
678_Transpose 7.7745323 -7.1920094 7.7745323
688_Reshape 7.7745323 -7.1920094 7.7745323
689_Conv 17.3717613 -12.9581232 18.5208302
690_Transpose 17.3717613 -12.9581232 18.5208302
700_Reshape 17.3717613 -12.9581232 18.5208302
701_Conv 5.6877851 -3.8812585 6.0640082
702_Transpose 5.6877851 -3.8812585 6.0640082
712_Reshape 5.6877851 -3.8812585 6.0640082
713_Tanh 0.9999892 -0.9991496 0.9999892
715_Relu 6.9036260 0.0000000 6.9036260
716_Conv 5.5754404 -5.5754404 5.2879910
717_Transpose 5.5754404 -5.5754404 5.2879910
727_Reshape 5.5754404 -5.5754404 5.2879910
728_Conv 21.1300659 -11.6293840 21.1300659
729_Transpose 21.1300659 -11.6293840 21.1300659
739_Reshape 21.1300659 -11.6293840 21.1300659
740_Conv 4.5549951 -4.2150483 4.5549951
741_Transpose 4.5549951 -4.2150483 4.5549951
751_Reshape 4.5549951 -4.2150483 4.5549951
752_Tanh 0.9997789 -0.9995637 0.9997789
754_Relu 7.7864304 0.0000000 7.7864304
755_Conv 3.9659650 -3.9390776 3.9659650
756_Transpose 3.9659650 -3.9390776 3.9659650
766_Reshape 3.9659650 -3.9390776 3.9659650
767_Conv 17.1318188 -9.6151896 19.5696621
768_Transpose 17.1318188 -9.6151896 19.5696621
778_Reshape 17.1318188 -9.6151896 19.5696621
779_Conv 4.2715673 -4.0973053 4.2715673
780_Transpose 4.2715673 -4.0973053 4.2715673
790_Reshape 4.2715673 -4.0973053 4.2715673
791_Tanh 0.9996103 -0.9994479 0.9996103
792_Concat 10.4691982 -12.8788757 9.5242691
793_Concat 22.4251623 -12.9581232 22.6369343
794_Concat 0.9999999 -0.9999999 0.9999996
801_Softmax 0.0625282 0.0000000 0.9999630
