# genetated time: 2022-12-09 17:21:25.780500
# histogram number: 2048
# sample number: 100
# tune number: 5
###
# op_name    threshold    min    max
data 255.0000000 0.0000000 255.0000000
layer1-conv/1 5359.7724610 -13718.6044922 10694.1201172
layer1-conv 5080.0989014 -1371.8604736 10694.1201172
layer2-conv/1 3715.3468750 -14859.9355469 10329.9443359
layer2-conv 3551.1391235 -1485.9935303 10329.9443359
layer3-conv/1 5803.9281006 -9286.1035156 6508.1186523
layer3-conv 5369.2773681 -928.6103516 6508.1186523
layer4-conv/1 9501.5874633 -9148.0585938 10412.6289062
layer4-conv 8948.4006561 -914.8058472 10412.6289062
layer5-shortcut 9023.6614075 -1633.3846436 10386.8388672
layer6-conv/1 6601.8951538 -9224.9423828 4731.8037109
layer6-conv 2040.8937377 -922.4942627 4731.8037109
layer7-conv/1 2734.1060547 -2202.3989258 3216.5029297
layer7-conv 2693.8801270 -220.2398987 3216.5029297
layer8-conv/1 2809.8106079 -4495.2578125 2814.6379395
layer8-conv 2023.0468003 -449.5257874 2814.6379395
layer9-shortcut 1848.6696472 -676.1552734 4731.7622070
layer10-conv/1 1531.8096191 -3828.5888672 2357.7172852
layer10-conv 1304.2311585 -382.8588867 2357.7172852
layer11-conv/1 1297.8820800 -3243.9128418 2758.8999023
layer11-conv 1853.6653518 -324.3912964 2758.8999023
layer12-shortcut 1848.6542206 -675.9753418 4731.7226562
layer13-conv/1 1117.5161774 -2687.9216309 1733.8751221
layer13-conv 888.7062927 -268.7921753 1733.8751221
layer14-conv/1 752.0726777 -1924.9675293 1772.3128662
layer14-conv 692.4314728 -192.4967499 1772.3128662
layer15-conv/1 599.3259003 -2338.3591309 1535.5468750
layer15-conv 887.7591343 -233.8359222 1535.5468750
layer16-shortcut 935.7270935 -276.7892151 1701.0953369
layer17-conv/1 881.6200317 -1880.1647949 1280.2930908
layer17-conv 796.2897674 -188.0164795 1280.2930908
layer18-conv/1 706.2341309 -1765.1541748 982.0244141
layer18-conv 862.3536812 -176.5154266 982.0244141
layer19-shortcut 922.9655518 -300.2780762 1677.8956299
layer20-conv/1 927.4844971 -1838.4118652 1854.4254150
layer20-conv 637.5436630 -183.8411865 1854.4254150
layer21-conv/1 586.9306443 -1896.6722412 1112.6170654
layer21-conv 869.2490692 -189.6672211 1112.6170654
layer22-shortcut 903.7689713 -298.0316162 1633.6395264
layer23-conv/1 910.7283295 -1744.5009766 1309.6395264
layer23-conv 769.5331787 -174.4501038 1309.6395264
layer24-conv/1 884.6411972 -1599.0644531 1050.5981445
layer24-conv 853.6174072 -159.9064484 1050.5981445
layer25-shortcut 902.1550049 -355.4486389 1630.7221680
layer26-conv/1 801.0273834 -1708.2908936 883.5597534
layer26-conv 519.1507057 -170.8290863 883.5597534
layer27-conv/1 721.8927490 -1603.7708740 785.2200928
layer27-conv 785.2200928 -160.3770905 785.2200928
layer28-shortcut 843.6033722 -415.7978516 1625.8884277
layer29-conv/1 733.7733886 -1923.9581299 864.5843506
layer29-conv 475.5847473 -192.3958130 864.5843506
layer30-conv/1 702.8739501 -1605.9637451 1169.5700684
layer30-conv 840.6392006 -160.5963745 1169.5700684
layer31-shortcut 1069.0813843 -426.2641296 1943.5253906
layer32-conv/1 685.3028259 -1686.1768799 946.3911743
layer32-conv 331.3062622 -168.6176910 946.3911743
layer33-conv/1 734.7377686 -1632.3076172 936.3011475
layer33-conv 936.3011475 -163.2307587 936.3011475
layer34-shortcut 1037.0979492 -433.5917358 2304.0368652
layer35-conv/1 795.7063782 -1818.0722656 1054.8865967
layer35-conv 497.8374298 -181.8072357 1054.8865967
layer36-conv/1 801.1068054 -1621.8629150 912.1771851
layer36-conv 912.1771851 -162.1862946 912.1771851
layer37-shortcut 1164.9024292 -499.5665894 2245.1325684
layer38-conv/1 965.1215088 -1754.2210693 701.6033936
layer38-conv 405.7269287 -175.4221039 701.6033936
layer39-conv/1 577.5748901 -952.2208252 1026.2984619
layer39-conv 513.2996338 -95.2220840 1026.2984619
layer40-conv/1 358.4304031 -831.0194092 586.0727539
layer40-conv 393.7738947 -83.1019440 586.0727539
layer41-shortcut 434.9452728 -171.1229706 732.3925171
layer42-conv/1 533.7044678 -948.3447266 607.7557983
layer42-conv 395.1451752 -94.8344727 607.7557983
layer43-conv/1 278.9779297 -594.9552612 427.6105652
layer43-conv 427.6105652 -59.4955254 427.6105652
layer44-shortcut 447.5424072 -144.8856659 813.4605713
layer45-conv/1 646.9375000 -1034.5946045 739.0247192
layer45-conv 358.0497131 -103.4594650 739.0247192
layer46-conv/1 395.9719238 -720.0827026 904.6367188
layer46-conv 429.7797837 -72.0082703 904.6367188
layer47-shortcut 634.9405106 -165.4251404 1069.1590576
layer48-conv/1 725.4156494 -1054.6347656 685.9345703
layer48-conv 396.6658783 -105.4634781 685.9345703
layer49-conv/1 585.4319458 -1170.2922363 419.0360413
layer49-conv 419.0360413 -117.0292282 419.0360413
layer50-shortcut 631.0627380 -163.3922577 1040.6713867
layer51-conv/1 741.2271118 -1185.3842773 474.0996704
layer51-conv 349.7266723 -118.5384293 474.0996704
layer52-conv/1 469.8843384 -751.4478149 494.1434326
layer52-conv 494.1434326 -75.1447830 494.1434326
layer53-shortcut 609.7840332 -209.0164185 1015.9758301
layer54-conv/1 753.7841797 -861.0469971 449.3471985
layer54-conv 310.3832314 -86.1046982 449.3471985
layer55-conv/1 739.8548584 -1183.1898193 635.4008179
layer55-conv 581.8092438 -118.3189850 635.4008179
layer56-shortcut 565.2971161 -270.1745300 966.9213867
layer57-conv/1 587.1763916 -705.3623657 722.3258057
layer57-conv 519.2312119 -70.5362396 722.3258057
layer58-conv/1 485.6311554 -882.6129761 601.7419434
layer58-conv 556.6186463 -88.2612991 601.7419434
layer59-shortcut 684.9835693 -294.7897949 978.2066650
layer60-conv/1 695.2761841 -926.5822754 416.8185120
layer60-conv 311.3514099 -92.6582260 416.8185120
layer61-conv/1 907.8647461 -1451.8743896 524.2506104
layer61-conv 524.2506104 -145.1874390 524.2506104
layer62-shortcut 687.4390411 -372.7586975 960.3737793
layer63-conv/1 831.6043701 -1209.0157471 568.3073730
layer63-conv 397.8984558 -120.9015732 568.3073730
layer64-conv/1 1011.8865967 -1618.2280273 879.6746826
layer64-conv 558.1658340 -161.8227997 879.6746826
layer65-conv/1 592.5636352 -670.2882080 817.2603149
layer65-conv 485.2857360 -67.0288239 817.2603149
layer66-shortcut 563.7752808 -126.1381683 805.2246704
layer67-conv/1 889.3584595 -1185.2322998 464.0491638
layer67-conv 290.1723938 -118.5232315 464.0491638
layer68-conv/1 570.0294419 -911.7798462 792.3182373
layer68-conv 502.6595421 -91.1779861 792.3182373
layer69-shortcut 709.0586334 -149.2275238 1050.2102051
layer70-conv/1 843.1667480 -843.1667480 396.4288940
layer70-conv 297.4669189 -84.3166733 396.4288940
layer71-conv/1 468.9489853 -1127.9461670 433.0386353
layer71-conv 433.0386353 -112.7946167 433.0386353
layer72-shortcut 721.7778168 -174.0231476 1008.3461304
layer73-conv/1 821.3394165 -821.3394165 227.0749817
layer73-conv 184.5885620 -82.1339417 227.0749817
layer74-conv/1 581.5039673 -1033.2800293 822.5620728
layer74-conv 588.7929092 -103.3280029 822.5620728
layer75-shortcut 795.4719849 -192.8090210 978.5643921
layer76-conv/1 787.5805054 -899.6524658 676.5252686
layer76-conv 507.6418457 -89.9652481 676.5252686
layer77-conv/1 795.6846924 -908.9099121 885.9931641
layer77-conv 570.6150818 -90.8909912 885.9931641
layer78-conv/1 659.8778687 -738.0837402 811.7608643
layer78-conv 510.0768814 -73.8083725 811.7608643
layer79-conv/1 932.1826782 -958.9661255 1146.7415771
layer79-conv 820.8417572 -95.8966141 1146.7415771
layer80-conv/1 931.3256226 -1145.6872559 875.1671143
layer80-conv 612.8307373 -114.5687256 875.1671143
layer81-conv/1 1393.3787842 -1714.0903320 1671.4418945
layer81-conv 961.4261139 -171.4090424 1671.4418945
layer82-conv 2876.0065918 -3537.9721680 242.0320435
layer85-conv/1 987.9974976 -982.6040039 1436.3856201
layer85-conv 911.4066772 -98.2603989 1436.3856201
layer86-upsample 790.2576904 -98.2603989 1436.3856201
layer87-route 790.2576904 -372.7586975 1436.3856201
layer88-conv/1 529.0372925 -575.6661987 705.0386353
layer88-conv 427.5351623 -57.5666199 705.0386353
layer89-conv/1 448.8289490 -548.9346924 598.1463623
layer89-conv 295.4498413 -54.8934708 598.1463623
layer90-conv/1 414.5009155 -602.6160278 385.3556824
layer90-conv 240.9179001 -60.2616043 385.3556824
layer91-conv/1 405.1267090 -542.4882202 588.9874878
layer91-conv 312.9805298 -54.2488213 588.9874878
layer92-conv/1 349.0805359 -429.4277954 257.4035950
layer92-conv 170.6006027 -42.9427795 257.4035950
layer93-conv/1 408.2583008 -591.0026855 593.5402832
layer93-conv 343.2356338 -59.1002693 593.5402832
layer94-conv 821.7322388 -1010.8688965 161.9129791
layer97-conv/1 352.4362488 -384.1645508 433.5559082
layer97-conv 253.4724029 -38.4164543 433.5559082
layer98-upsample 433.5559082 -38.4164543 433.5559082
layer99-route 1066.6298889 -499.5665894 2245.1325684
layer100-conv/1 489.9705505 -783.5700684 585.7672729
layer100-conv 219.7700195 -78.3570099 585.7672729
layer101-conv/1 248.2577362 -441.1315613 339.3337708
layer101-conv 169.7497711 -44.1131554 339.3337708
layer102-conv/1 274.0035095 -398.3559570 247.5703430
layer102-conv 139.3263550 -39.8355980 247.5703430
layer103-conv/1 191.2703400 -254.9025879 229.4156952
layer103-conv 139.1175858 -25.4902592 229.4156952
layer104-conv/1 153.9039307 -223.7509460 195.6211548
layer104-conv 97.8583603 -22.3750954 195.6211548
layer105-conv/1 207.9276733 -302.2925720 209.7666779
layer105-conv 120.6593929 -30.2292576 209.7666779
layer106-conv 328.5321350 -437.8289490 126.8892059
