# genetated time: 2022-12-21 22:27:09.744821
# histogram number: 2048
# sample number: 100
# tune number: 5
###
# op_name    threshold    min    max
input 0.9999999 0.0000000 0.9999999
708_Conv 8.3905096 -33.3463287 33.4293022
405_LeakyRelu 8.3736811 -3.3346329 33.4293022
711_Conv 6.0270977 -33.8338013 21.1806622
408_LeakyRelu 6.0584455 -3.3833802 21.1806622
714_Conv 7.8902559 -34.6017609 32.9316826
411_LeakyRelu 8.2369423 -3.4601762 32.9316826
717_Conv 14.4161520 -68.4757233 51.2187729
414_LeakyRelu 14.7091951 -6.8475723 51.2187729
415_Add 26.2470495 -7.3825450 51.2082634
720_Conv 24.7868397 -27.9274883 23.3044949
418_LeakyRelu 22.4307187 -2.7927489 23.3044949
723_Conv 8.8327818 -17.0235424 13.2600670
421_LeakyRelu 8.9118400 -1.7023543 13.2600670
726_Conv 8.8704895 -9.1270914 8.0331011
424_LeakyRelu 6.1005654 -0.9127092 8.0331011
729_Conv 15.9375990 -17.7696915 12.6633186
427_LeakyRelu 10.0520891 -1.7769692 12.6633186
732_Conv 20.7234612 -22.1045933 17.0664730
430_LeakyRelu 9.0689086 -2.2104595 17.0664730
431_Add 18.3018727 -2.4277720 19.5216160
735_Conv 19.6450850 -15.0215082 23.7212734
434_LeakyRelu 9.0469950 -1.5021509 23.7212734
435_Concat 22.0907980 -1.7023543 23.7212734
738_Conv 8.6734813 -19.4593582 26.6786118
438_LeakyRelu 16.9253441 -1.9459358 26.6786118
741_Conv 7.8032828 -12.8769245 17.8293552
441_LeakyRelu 17.8293552 -1.2876924 17.8293552
744_Conv 12.2375458 -11.4443026 12.6321859
444_LeakyRelu 7.1072244 -1.1444303 12.6321859
747_Conv 2.9059416 -6.1972833 5.6628828
447_LeakyRelu 5.3798770 -0.6197283 5.6628828
750_Conv 10.3420890 -8.7091188 12.4879847
450_LeakyRelu 12.4879847 -0.8709119 12.4879847
753_Conv 12.0727068 -16.8823338 17.3972759
453_LeakyRelu 12.5057262 -1.6882334 17.3972759
454_Add 10.0667958 -1.6596332 17.8924465
756_Conv 8.9830782 -17.2070942 14.8346004
457_LeakyRelu 7.4194744 -1.7207094 14.8346004
458_Concat 11.5904828 -1.7207094 14.8346004
759_Conv 9.1880283 -15.0347919 24.4894466
461_LeakyRelu 7.5783291 -1.5034792 24.4894466
762_Conv 8.0206318 -14.5015926 16.0334301
464_LeakyRelu 6.6659749 -1.4501593 16.0334301
765_Conv 8.0568930 -11.1839600 13.5667830
467_LeakyRelu 7.4627248 -1.1183960 13.5667830
768_Conv 3.9992797 -9.1987877 11.5246372
470_LeakyRelu 3.5663319 -0.9198788 11.5246372
771_Conv 9.6706039 -11.5567017 27.6245136
473_LeakyRelu 8.2887035 -1.1556702 27.6245136
774_Conv 9.5010875 -12.3557739 14.7523241
476_LeakyRelu 7.8391993 -1.2355775 14.7523241
477_Add 8.6727394 -1.3140653 17.3403969
777_Conv 8.5383041 -14.2060413 18.3293037
480_LeakyRelu 7.3335125 -1.4206041 18.3293037
481_Concat 7.3335125 -1.4206041 18.3293037
780_Conv 7.9406258 -11.2527542 15.1183195
484_LeakyRelu 6.6156495 -1.1252755 15.1183195
783_Conv 7.5471783 -10.6889505 15.0869865
487_LeakyRelu 6.6019385 -1.0688951 15.0869865
786_Conv 7.1298347 -9.7113342 10.3656044
490_LeakyRelu 5.7345035 -0.9711334 10.3656044
789_Conv 4.5346088 -9.1784868 10.3597593
493_LeakyRelu 3.6266749 -0.9178487 10.3597593
792_Conv 8.6497379 -12.3815365 21.2825451
496_LeakyRelu 7.4504503 -1.2381537 21.2825451
795_Conv 10.0389471 -12.8968067 14.5949755
499_LeakyRelu 5.9317488 -1.2896807 14.5949755
500_Add 6.6081713 -1.7164388 17.3266640
798_Conv 7.6510091 -10.6511602 15.2945461
503_LeakyRelu 5.8331474 -1.0651160 15.2945461
504_Concat 6.1193128 -1.0651160 15.2945461
801_Conv 6.9308524 -11.0839491 8.3456993
507_LeakyRelu 4.8261952 -1.1083950 8.3456993
804_Conv 6.1319485 -7.6886353 8.9148426
510_LeakyRelu 5.2942495 -0.7688636 8.9148426
807_Conv 6.6575084 -6.1525049 8.1898556
513_LeakyRelu 6.3994498 -0.6152505 8.1898556
514_MaxPool 6.6575084 -0.2596279 8.1898556
515_MaxPool 8.1898556 -0.1501353 8.1898556
516_MaxPool 8.1898556 -0.0762155 8.1898556
517_Concat 7.9600035 -0.6152505 8.1898556
810_Conv 5.7707443 -7.0989866 6.8282795
520_LeakyRelu 3.3727766 -0.7098987 6.8282795
813_Conv 10.2884111 -10.2884111 9.8722639
523_LeakyRelu 5.4319154 -1.0288411 9.8722639
524_Concat 5.4314329 -1.0288411 9.8722639
816_Conv 7.8957138 -10.6961327 14.0299702
527_LeakyRelu 5.3508538 -1.0696133 14.0299702
819_Conv 10.4881630 -9.9407768 11.9806194
530_LeakyRelu 7.6018698 -0.9940777 11.9806194
535_Resize 7.2650429 -0.9940777 11.9806194
822_Conv 6.2036142 -12.4666786 16.5348930
538_LeakyRelu 7.4427212 -1.2466679 16.5348930
539_Concat 6.8744604 -1.2466679 16.5348930
825_Conv 8.0512314 -9.5707922 10.7297344
542_LeakyRelu 4.3608216 -0.9570792 10.7297344
828_Conv 6.2902141 -9.5499496 10.0594282
545_LeakyRelu 4.8736873 -0.9549950 10.0594282
831_Conv 5.6227484 -8.9920044 8.4085493
548_LeakyRelu 4.3897390 -0.8992004 8.4085493
834_Conv 7.4867234 -13.3032312 10.4327297
551_LeakyRelu 4.8919665 -1.3303231 10.4327297
552_Concat 4.8919665 -1.3303231 10.4327297
837_Conv 7.0563931 -11.9118929 12.5385733
555_LeakyRelu 5.0959774 -1.1911893 12.5385733
840_Conv 6.2223921 -7.8817444 9.9509668
558_LeakyRelu 5.9725245 -0.7881745 9.9509668
563_Resize 5.9725245 -0.7881745 9.9509668
843_Conv 6.6700662 -13.5700855 14.2247486
566_LeakyRelu 6.2263680 -1.3570086 14.2247486
567_Concat 6.2263680 -1.3570086 14.2247486
846_Conv 7.2346592 -12.8553362 8.1256895
570_LeakyRelu 4.7505710 -1.2855337 8.1256895
849_Conv 5.6207461 -8.9888020 8.1173925
573_LeakyRelu 4.6941687 -0.8988802 8.1173925
852_Conv 6.4860907 -9.4297075 8.0339470
576_LeakyRelu 4.0189357 -0.9429708 8.0339470
855_Conv 9.0394516 -20.6515160 11.8772373
579_LeakyRelu 4.8271945 -2.0651517 11.8772373
580_Concat 5.1982494 -2.0651517 11.8772373
858_Conv 7.2245688 -16.5052376 13.9099569
583_LeakyRelu 4.8270333 -1.6505238 13.9099569
861_Conv 7.8975010 -14.0331469 9.8430023
586_LeakyRelu 5.1386051 -1.4033147 9.8430023
587_Concat 5.2129717 -1.4033147 12.5385733
864_Conv 8.0563335 -11.0742989 11.7125816
590_LeakyRelu 5.7853400 -1.1074299 11.7125816
867_Conv 5.5758781 -9.9078321 9.3393412
593_LeakyRelu 5.1667498 -0.9907832 9.3393412
870_Conv 7.3953042 -9.7276354 10.7515545
596_LeakyRelu 4.8395124 -0.9727635 10.7515545
873_Conv 8.6382189 -15.3493347 11.3450632
599_LeakyRelu 4.9653360 -1.5349334 11.3450632
600_Concat 5.4965640 -1.5349334 11.3450632
876_Conv 8.2788963 -16.5497074 13.4767036
603_LeakyRelu 5.6030037 -1.6549708 13.4767036
879_Conv 6.5119009 -11.5710602 9.6886978
606_LeakyRelu 4.8457688 -1.1571060 9.6886978
607_Concat 5.0873207 -1.1571060 14.0299702
882_Conv 7.9458213 -11.5519152 10.8631506
610_LeakyRelu 5.4331675 -1.1551915 10.8631506
885_Conv 5.3274021 -10.5910282 10.6496019
613_LeakyRelu 5.0594713 -1.0591029 10.6496019
888_Conv 6.3840265 -14.5849352 10.3482552
616_LeakyRelu 4.8523561 -1.4584936 10.3482552
891_Conv 7.9668436 -12.7407265 11.2244062
619_LeakyRelu 5.2286434 -1.2740726 11.2244062
620_Concat 5.6138483 -1.2740726 11.2244062
894_Conv 8.6782808 -12.9556484 13.8784695
623_LeakyRelu 5.2930733 -1.2955649 13.8784695
897_Conv 20.8792706 -41.7381516 36.7623253
626_LeakyRelu 16.5475365 -4.1738153 36.7623253
627_Conv 25.2118530 -40.3192711 11.3356304
650_Reshape 25.2118530 -40.3192711 11.3356304
651_Transpose 25.2118530 -40.3192711 11.3356304
900_Conv 17.0028248 -33.9890442 25.2839775
654_LeakyRelu 14.2254800 -3.3989046 25.2839775
655_Conv 25.5686035 -37.1725388 14.0682507
678_Reshape 25.5686035 -37.1725388 14.0682507
679_Transpose 25.5686035 -37.1725388 14.0682507
903_Conv 10.7757950 -24.6183624 18.7686214
682_LeakyRelu 10.5597563 -2.4618363 18.7686214
683_Conv 24.8277779 -30.5423431 16.4793510
706_Reshape 24.8277779 -30.5423431 16.4793510
707_Transpose 24.8277779 -30.5423431 16.4793510
