# genetated time: 2022-12-21 15:33:36.286318
# histogram number: 2048
# sample number: 100
# tune number: 5
###
# op_name    threshold    min    max
images 0.9996000 0.0000000 0.9996000
187_Conv 30.5075339 -60.3755112 65.4909821
189_Mul 29.4789399 -0.2784646 65.4909821
190_Conv 45.6000175 -121.5406723 83.9672775
192_Mul 30.4468555 -0.2784646 83.9672775
193_Conv 24.9342899 -66.4589767 38.3859825
195_Mul 25.4328231 -0.2784646 38.3859825
196_Conv 13.3567600 -30.5148296 18.6241741
198_Mul 15.8319127 -0.2784646 18.6241741
199_Conv 9.9818926 -17.7369213 9.1379118
201_Mul 8.1094155 -0.2784646 9.1369295
202_Conv 10.0052042 -17.7783451 10.9713793
204_Mul 10.4915032 -0.2784646 10.9711914
205_Conv 9.7173710 -15.5402021 10.3473005
207_Mul 8.3106833 -0.2784646 10.3469687
208_Conv 8.5687828 -13.7033577 10.1831999
210_Mul 8.4658645 -0.2784646 10.1828156
211_Conv 8.0898876 -14.3749990 6.5841875
213_Mul 5.8355225 -0.2784646 6.5751009
214_Conv 7.5143976 -10.0143042 9.2130852
216_Mul 8.1761909 -0.2784646 9.2121658
217_Concat 10.9711914 -0.2784646 10.9711914
218_Conv 8.6616049 -13.8518000 10.2891388
220_Mul 8.3599550 -0.2784646 10.2887888
221_MaxPool 5.1469073 -0.2784645 10.2887888
222_Conv 8.0451527 -10.7216320 9.4728851
224_Mul 8.1406406 -0.2784646 9.4721565
225_Conv 7.9633336 -14.1501255 12.2990532
227_Mul 10.9155859 -0.2784646 12.2989979
228_Conv 6.2702923 -9.4707117 12.5344610
230_Mul 10.5764878 -0.2784646 12.5344162
231_Concat 10.9680735 -0.2784646 12.5344162
232_Conv 6.0209360 -10.6986599 9.9261208
234_Mul 8.3752093 -0.2784646 9.9256353
235_Conv 7.1717253 -12.7435083 11.8845530
237_Mul 10.8820997 -0.2784646 11.8844709
238_Conv 7.0498695 -9.3952360 8.4352322
240_Mul 8.4334011 -0.2784646 8.4334011
241_Conv 7.7767758 -12.0692368 12.4367657
243_Mul 11.0378142 -0.2784646 12.4367170
244_Conv 7.2723727 -19.3835239 14.9299955
246_Mul 14.9299898 -0.2784646 14.9299898
247_Conv 8.0626745 -12.8939800 12.6809568
249_Mul 10.7001052 -0.2784646 12.6809177
250_Concat 11.0166634 -0.2784646 12.6809177
251_Conv 6.6057420 -13.4267435 15.0914660
253_Mul 15.0914621 -0.2784646 15.0914621
254_MaxPool 5.4722217 -0.2784642 15.0914621
255_Conv 7.2054167 -9.4699945 12.8033743
257_Mul 10.7230310 -0.2784646 12.8033390
258_Conv 8.4277077 -13.4777489 13.0598278
260_Mul 10.9378218 -0.2784646 13.0598001
261_Conv 8.2067690 -11.7647085 14.5826874
263_Mul 14.5826807 -0.2784646 14.5826807
264_Concat 11.3021118 -0.2784646 14.5826807
265_Conv 7.5822334 -11.8609333 12.1256504
267_Mul 10.7616793 -0.2784646 12.1255856
268_Conv 7.4226336 -8.8483419 14.8380184
270_Mul 14.8380127 -0.2784646 14.8380127
271_Conv 7.3197794 -9.3498869 13.0065870
273_Mul 11.4215620 -0.2784646 13.0065575
274_Conv 8.7340288 -10.3312349 15.5195808
276_Mul 15.5195770 -0.2784646 15.5195770
277_Conv 8.3768253 -12.5016174 16.7454700
279_Mul 16.1699723 -0.2784646 16.7454700
280_Conv 10.1016846 -15.2266617 16.1548023
282_Mul 16.1548004 -0.2784646 16.1548004
283_Concat 16.1548004 -0.2784646 16.1548004
284_Conv 7.7269869 -12.0970087 15.4464283
286_Mul 15.4464245 -0.2784646 15.4464245
287_MaxPool 5.7952385 -0.2784639 15.4464245
288_Conv 7.4735065 -9.0091305 13.2797461
290_Mul 10.7901813 -0.2784646 13.2797241
291_Conv 7.4567685 -12.0138474 17.0357208
293_Mul 16.2904600 -0.2784646 17.0357208
294_Conv 8.5051661 -10.8906822 15.1129122
296_Mul 15.1129084 -0.2784646 15.1129084
297_Concat 15.1129084 -0.2784646 15.1129084
298_Conv 10.2384100 -8.6115532 16.3734570
300_Mul 15.7595504 -0.2784646 16.3734550
301_Conv 8.6602821 -8.3260746 13.8496857
303_Mul 13.8496723 -0.2784646 13.8496723
304_Conv 7.3299594 -10.7378006 11.7222080
306_Mul 11.3192546 -0.2784646 11.7221127
307_Conv 8.6083736 -11.6696873 13.7666721
309_Mul 13.7666578 -0.2784646 13.7666578
310_Conv 7.8619103 -10.3482933 12.5729151
312_Mul 11.0017229 -0.2784646 12.5728712
313_Conv 8.7733784 -10.2259712 14.0305510
315_Mul 10.9622587 -0.2784646 14.0305395
316_Concat 16.3734550 -0.2784646 16.3734550
317_Conv 8.1060143 -10.0098848 14.4036551
319_Mul 11.1633538 -0.2784646 14.4036465
320_Conv 9.5893126 -9.6082554 19.1692600
322_Mul 16.2943393 -0.2784646 19.1692600
323_Conv 8.0195236 -12.8249722 11.8580694
325_Mul 11.1912282 -0.2784646 11.8579865
326_Conv 6.0167947 -8.0209303 12.0277138
328_Mul 6.7670913 -0.2784646 12.0276423
329_MaxPool 9.7772331 -0.2737637 12.0276423
330_MaxPool 9.7772331 -0.2555093 12.0276423
331_MaxPool 12.0276423 -0.2298776 12.0276423
332_Concat 6.6178472 -0.2784646 12.0276423
333_Conv 7.8727255 -9.6847773 9.3708668
335_Mul 8.5797703 -0.2784646 9.3700695
336_Conv 9.2359524 -9.3682022 10.5502205
338_Mul 10.5499439 -0.2784646 10.5499439
339_Conv 8.1072245 -12.9652262 12.4821606
341_Mul 10.9223061 -0.2784646 12.4821129
342_Concat 10.9223061 -0.2784646 12.4821129
343_Conv 7.6624880 -8.2689333 11.1399956
345_Mul 11.1398335 -0.2784646 11.1398335
346_Conv 7.0075889 -7.7214699 10.1878796
348_Mul 8.5322147 -0.2784646 10.1874962
353_Resize 8.5322147 -0.2784646 10.1874962
354_Conv 8.0422974 -10.1821518 18.3734188
356_Mul 15.6178548 -0.2784646 18.3734188
357_Concat 16.3067458 -0.2784646 18.3734188
358_Conv 8.5292530 -10.8141499 12.4001284
360_Mul 10.8505216 -0.2784646 12.4000769
361_Conv 6.7835970 -8.9954834 18.0807590
363_Mul 16.4988030 -0.2784646 18.0807590
364_Conv 8.7405167 -11.1822395 19.9685688
366_Mul 16.7240421 -0.2784646 19.9685688
367_Conv 8.1694641 -14.5164003 13.7102776
369_Mul 13.7102633 -0.2784646 13.7102633
370_Conv 8.0116930 -14.2360563 14.0164957
372_Mul 11.1697069 -0.2784646 14.0164843
373_Conv 9.7851963 -15.6486702 13.4436436
375_Mul 10.9233553 -0.2784646 13.4436245
376_Concat 15.9129105 -0.2784646 19.9685688
377_Conv 7.8688726 -15.0250168 17.9772129
379_Mul 15.7864871 -0.2784646 17.9772129
380_Conv 5.6818409 -8.2604609 7.7894993
382_Mul 7.3031998 -0.2784646 7.7862759
387_Resize 7.3031998 -0.2784646 7.7862759
388_Conv 6.2155495 -8.2580547 9.0363846
390_Mul 8.1322202 -0.2784646 9.0353098
391_Concat 8.3579926 -0.2784646 9.0353098
392_Conv 5.7394476 -10.1984806 7.9833117
394_Mul 7.9805899 -0.2784646 7.9805899
395_Conv 5.7037778 -9.1215878 5.5890965
397_Mul 5.5682802 -0.2784646 5.5682802
398_Conv 5.5036736 -7.3346481 5.7580032
400_Mul 5.7398801 -0.2784646 5.7398801
401_Conv 5.7125978 -10.1507702 7.4165502
403_Mul 6.7174140 -0.2784646 7.4120941
404_Conv 6.6597109 -13.3129177 8.2083607
406_Mul 8.2061253 -0.2784646 8.2061253
407_Conv 10.0598011 -20.1097775 11.0384617
409_Mul 11.0382843 -0.2784646 11.0382843
410_Concat 11.0382843 -0.2784646 11.0382843
411_Conv 9.1610193 -20.9292469 10.3794479
413_Mul 8.3365110 -0.2784646 10.3791246
414_MaxPool 7.1391344 -0.2784595 10.3791246
415_Conv 5.9983764 -10.6585732 7.3156772
417_Mul 6.7627716 -0.2784646 7.3108149
418_Conv 7.3358617 -13.0351639 9.8629627
420_Mul 8.3218927 -0.2784646 9.8624487
421_Conv 7.9240890 -15.2497492 15.8404398
423_Mul 15.8404379 -0.2784646 15.8404379
424_Concat 16.5167290 -0.2784646 17.9772129
425_Conv 7.9626937 -25.4681778 14.1029091
427_Mul 11.0187938 -0.2784646 14.1028986
428_Conv 6.8164520 -18.1683311 10.0220146
430_Mul 8.2679171 -0.2784646 10.0215693
431_Conv 7.7259607 -12.3555012 8.1516438
433_Mul 8.1492949 -0.2784646 8.1492949
434_Conv 6.8995194 -10.0307646 9.8358564
436_Mul 9.8353300 -0.2784646 9.8353300
437_Conv 7.5279875 -10.6681614 13.3765545
439_Mul 11.3703802 -0.2784646 13.3765335
440_Conv 12.4470701 -24.8819847 18.2448597
442_Mul 15.5085764 -0.2784646 18.2448597
443_Concat 15.8503890 -0.2784646 18.2448597
444_Conv 9.5487280 -25.4508400 12.2520428
446_Mul 11.1036977 -0.2784646 12.2519846
447_MaxPool 6.1289849 -0.2784579 12.2519846
448_Conv 7.3115950 -10.4302101 12.9920444
450_Mul 10.7595081 -0.2784646 12.9920149
451_Conv 7.7063866 -15.4052477 11.4296188
453_Mul 10.9652240 -0.2784646 11.4294949
454_Conv 8.1338277 -12.3583860 13.9126339
456_Mul 10.8701268 -0.2784646 13.9126205
457_Concat 11.3047688 -0.2784646 13.9126205
458_Conv 7.7720795 -9.6369629 12.4292555
460_Mul 10.5657350 -0.2784646 12.4292049
461_Conv 6.8844070 -10.8648024 11.0096722
463_Mul 11.0094900 -0.2784646 11.0094900
464_Conv 9.7844601 -10.6882925 13.0395756
466_Mul 11.2470082 -0.2784646 13.0395479
467_Conv 7.8702517 -12.5862541 11.6560116
469_Mul 11.2553276 -0.2784646 11.6559105
470_Conv 8.8436966 -14.1430044 13.2401581
472_Mul 11.2544375 -0.2784646 13.2401342
473_Conv 12.0019197 -23.9921188 21.8618965
475_Mul 14.7575811 -0.2784646 21.8618965
476_Concat 15.6456206 -0.2784646 21.8618965
477_Conv 10.4980164 -27.9810410 14.8437271
479_Mul 14.8437214 -0.2784646 14.8437214
480_Conv 17.4832859 -46.5993309 30.6604958
482_Mul 28.5530547 -0.2784646 30.6604958
483_Conv 17.7218418 -31.3741207 35.4263763
485_Mul 29.8926277 -0.2784646 35.4263763
486_Conv 15.2568121 -30.4987259 28.8829727
488_Mul 28.8829727 -0.2784646 28.8829727
489_Conv 25.8767967 -34.4855499 10.9369850
507_Reshape 25.8767967 -34.4855499 10.9369850
output_Transpose 25.8767967 -34.4855499 10.9369850
509_Conv 25.3154984 -33.7375145 13.0479450
527_Reshape 25.3154984 -33.7375145 13.0479450
528_Transpose 25.3154984 -33.7375145 13.0479450
529_Conv 19.3701820 -28.1610527 12.7111416
547_Reshape 19.3701820 -28.1610527 12.7111416
548_Transpose 19.3701820 -28.1610527 12.7111416
