# genetated time: 2022-12-16 15:07:59.789640
# histogram number: 2048
# sample number: 100
# tune number: 5
###
# op_name    threshold    min    max
data 0.9996000 0.0000000 0.9996000
layer1-conv/1 42.7519615 -59.7380562 46.9580460
layer1-conv 42.8495037 -5.9738059 46.9580460
layer2-conv/1 13.1810217 -49.0306206 36.7659531
layer2-conv 11.0315819 -4.9030623 36.7659531
layer3-conv/1 39.8399737 -52.6790428 24.8498020
layer3-conv 20.8121645 -5.2679043 24.8498020
layer4-conv/1 23.9008156 -57.4877739 36.2058983
layer4-conv 14.1454165 -5.7487774 36.2058983
layer5-shortcut 40.4495557 -7.6560774 43.7286720
layer6-conv/1 9.8843003 -34.3663063 23.2595711
layer6-conv 22.3874792 -3.4366307 23.2595711
layer7-conv/1 16.7324028 -16.7324028 12.4822712
layer7-conv 11.5462533 -1.6732403 12.4822712
layer8-conv/1 16.3366239 -21.8704872 17.4599838
layer8-conv 8.2949850 -2.1870487 17.4599838
layer9-shortcut 24.6145344 -3.6761057 24.6145344
layer10-conv/1 10.7896814 -28.7584343 14.4822617
layer10-conv 11.9936758 -2.8758435 14.4822617
layer11-conv/1 12.1735110 -26.1330585 23.9344082
layer11-conv 9.3510225 -2.6133058 23.9344082
layer12-shortcut 23.8662117 -3.7357495 27.6699905
layer13-conv/1 6.7473116 -15.4148960 13.9310560
layer13-conv 6.7494504 -1.5414896 13.9310560
layer14-conv/1 14.0846587 -14.4920940 9.0064383
layer14-conv 7.2339696 -1.4492095 9.0064383
layer15-conv/1 5.0178876 -12.0693445 8.7731552
layer15-conv 5.9222012 -1.2069345 8.7731552
layer16-shortcut 13.4833753 -1.6581900 13.8734169
layer17-conv/1 8.9624748 -17.9161968 10.3282728
layer17-conv 5.6823160 -1.7916197 10.3282728
layer18-conv/1 5.8182645 -11.6308470 7.4780769
layer18-conv 5.9360660 -1.1630847 7.4780769
layer19-shortcut 12.1276888 -1.6849110 13.8596354
layer20-conv/1 8.2440386 -13.1840200 9.4446945
layer20-conv 8.1170390 -1.3184021 9.4446945
layer21-conv/1 6.6802166 -15.2633142 13.0798378
layer21-conv 6.1728272 -1.5263314 13.0798378
layer22-shortcut 6.7842155 -1.7293417 15.4992065
layer23-conv/1 6.1150513 -13.3697538 16.2988396
layer23-conv 5.6560239 -1.3369755 16.2988396
layer24-conv/1 5.9679788 -12.8115492 11.5411568
layer24-conv 6.3848476 -1.2811550 11.5411568
layer25-shortcut 8.0684942 -2.0341063 15.4552078
layer26-conv/1 10.8893261 -12.4388676 11.3412285
layer26-conv 10.1719240 -1.2438868 11.3412285
layer27-conv/1 7.3180488 -16.7206669 14.2735624
layer27-conv 6.7361871 -1.6720667 14.2735624
layer28-shortcut 9.2158977 -2.5919156 19.6540527
layer29-conv/1 9.2233486 -16.3890572 14.5839958
layer29-conv 5.2882125 -1.6389058 14.5839958
layer30-conv/1 13.2314692 -18.1870804 21.1600132
layer30-conv 8.2004097 -1.8187081 21.1600132
layer31-shortcut 9.9367523 -3.1373949 22.7014885
layer32-conv/1 8.0686550 -11.9523687 14.3372726
layer32-conv 5.0190960 -1.1952369 14.3372726
layer33-conv/1 11.9152470 -20.0861893 31.7584763
layer33-conv 9.5290943 -2.0086191 31.7584763
layer34-shortcut 11.3196043 -3.4742184 34.8177757
layer35-conv/1 7.8390031 -14.6457224 15.6703510
layer35-conv 5.6821289 -1.4645723 15.6703510
layer36-conv/1 13.8627234 -31.6707516 27.1556301
layer36-conv 10.5239674 -3.1670752 27.1556301
layer37-shortcut 12.1039708 -4.0986753 34.8797455
layer38-conv/1 9.4218197 -13.7602720 16.7417221
layer38-conv 6.6983246 -1.3760272 16.7417221
layer39-conv/1 8.8265810 -11.7630281 11.7168961
layer39-conv 5.7874714 -1.1763028 11.7168961
layer40-conv/1 5.0336494 -10.7348862 9.2233095
layer40-conv 6.2260719 -1.0734886 9.2233095
layer41-shortcut 7.2061429 -1.4156141 16.7074127
layer42-conv/1 10.0977841 -13.1114998 14.4223862
layer42-conv 7.9788133 -1.3111500 14.4223862
layer43-conv/1 7.0457768 -11.2677383 6.9712043
layer43-conv 6.1000592 -1.1267738 6.9712043
layer44-shortcut 7.2325255 -1.5372595 16.5280266
layer45-conv/1 7.9108285 -9.9733686 11.0028648
layer45-conv 6.0523819 -0.9973369 11.0028648
layer46-conv/1 6.4077051 -10.5651007 10.2468462
layer46-conv 6.4049046 -1.0565101 10.2468462
layer47-shortcut 7.3219993 -1.7272588 16.2666950
layer48-conv/1 7.5543118 -10.9827242 9.9158039
layer48-conv 5.1448828 -1.0982724 9.9158039
layer49-conv/1 6.2438250 -10.0548992 12.4815521
layer49-conv 6.3974815 -1.0054899 12.4815521
layer50-shortcut 8.0631874 -2.2366486 20.1530457
layer51-conv/1 6.9194860 -10.8921089 11.0657721
layer51-conv 4.4273899 -1.0892109 11.0657721
layer52-conv/1 6.6463327 -11.8306255 13.2861748
layer52-conv 7.3495849 -1.1830626 13.2861748
layer53-shortcut 10.4043128 -2.8912668 20.0523758
layer54-conv/1 7.6487904 -13.5912104 9.2217770
layer54-conv 4.0353721 -1.3591211 9.2217770
layer55-conv/1 10.0227432 -26.7142639 19.3111401
layer55-conv 8.3286956 -2.6714265 19.3111401
layer56-shortcut 10.7105759 -3.4842339 23.7948227
layer57-conv/1 6.8231649 -10.7363558 10.9117327
layer57-conv 4.9116125 -1.0736356 10.9117327
layer58-conv/1 9.3061180 -21.2607422 17.4609013
layer58-conv 8.2945679 -2.1260743 17.4609013
layer59-shortcut 13.3569346 -3.6412168 24.1437988
layer60-conv/1 6.7088633 -10.2822790 11.9210443
layer60-conv 4.1732391 -1.0282279 11.9210443
layer61-conv/1 11.8130188 -18.8915997 17.9949627
layer61-conv 9.2238469 -1.8891600 17.9949627
layer62-shortcut 12.1707372 -4.1992879 25.9556160
layer63-conv/1 9.0307417 -14.8004599 16.0468121
layer63-conv 4.9657319 -1.4800460 16.0468121
layer64-conv/1 9.1378889 -15.9914970 16.2372036
layer64-conv 7.0033352 -1.5991497 16.2372036
layer65-conv/1 4.7405767 -18.9530487 7.2268343
layer65-conv 4.5172127 -1.8953049 7.2268343
layer66-shortcut 4.9372750 -1.9793341 15.9548531
layer67-conv/1 9.1882296 -18.3674870 10.3897066
layer67-conv 4.1568977 -1.8367487 10.3897066
layer68-conv/1 6.7120132 -9.7581606 7.8523459
layer68-conv 4.3193657 -0.9758161 7.8523459
layer69-shortcut 5.1804898 -2.1354017 15.9345798
layer70-conv/1 7.3891087 -11.8168011 7.8576937
layer70-conv 3.5369219 -1.1816801 7.8576937
layer71-conv/1 6.3615561 -12.7168999 9.6350412
layer71-conv 4.9387235 -1.2716900 9.6350412
layer72-shortcut 5.7613548 -2.3003385 15.8888426
layer73-conv/1 8.4626617 -15.0373850 14.7415066
layer73-conv 4.4231721 -1.5037385 14.7415066
layer74-conv/1 11.2603970 -36.0156784 20.1916943
layer74-conv 6.2483775 -3.6015680 20.1916943
layer75-shortcut 10.0395724 -3.8619933 22.9427910
layer76-conv/1 10.6580358 -12.7726822 18.2302074
layer76-conv 9.4588682 -1.2772683 18.2302074
layer77-conv/1 10.0675764 -14.5770884 14.6365967
layer77-conv 9.6067415 -1.4577088 14.6365967
layer78-conv/1 12.1019344 -17.5942192 8.1972771
layer78-conv 4.6120195 -1.7594219 8.1972771
layer79-maxpool 4.6132207 -0.1535599 8.1972771
layer81-maxpool 4.6132207 -0.0913249 8.1972771
layer83-maxpool 8.1972771 -0.0543176 8.1972771
layer84-route 4.6132207 -1.7594219 8.1972771
layer85-conv/1 9.7589045 -17.3406925 8.4133215
layer85-conv 4.6291765 -1.7340692 8.4133215
layer86-conv/1 7.9369745 -11.5390530 8.7959375
layer86-conv 4.8396994 -1.1539053 8.7959375
layer87-conv/1 7.1183062 -7.7699556 10.3488445
layer87-conv 5.9527342 -0.7769956 10.3488445
layer88-conv/1 7.6451797 -11.4724798 12.2263145
layer88-conv 6.0390948 -1.1472480 12.2263145
layer89-conv 40.0901684 -40.5968857 14.5594387
layer92-conv/1 10.2987070 -8.9985580 13.7249041
layer92-conv 8.9235345 -0.8998558 13.7249041
layer93-upsample 10.9812643 -0.8998558 13.7249041
layer94-route 11.6831970 -4.1992879 25.9556160
layer95-conv/1 9.7152576 -9.8441429 12.9473524
layer95-conv 8.5792813 -0.9844143 12.9473524
layer96-conv/1 9.5496101 -12.4536686 13.8835592
layer96-conv 8.2450164 -1.2453669 13.8835592
layer97-conv/1 10.5375805 -15.3199053 15.2358131
layer97-conv 8.9524360 -1.5319905 15.2358131
layer98-conv/1 9.1679602 -15.4509544 18.3269672
layer98-conv 8.0197269 -1.5450954 18.3269672
layer99-conv/1 9.6500463 -15.4325352 14.2442455
layer99-conv 6.9011873 -1.5432535 14.2442455
layer100-conv/1 8.7354774 -13.1809320 15.5221558
layer100-conv 7.2306553 -1.3180932 15.5221558
layer101-conv 36.5691051 -37.1489334 13.1179943
layer104-conv/1 14.5244846 -15.7414970 23.2278290
layer104-conv 13.0686325 -1.5741497 23.2278290
layer105-upsample 13.0686325 -1.5741497 23.2278290
layer106-route 13.3026958 -4.0986753 34.8797455
layer107-conv/1 9.6051512 -11.7952204 13.9643068
layer107-conv 8.2929698 -1.1795220 13.9643068
layer108-conv/1 8.5798674 -13.7210846 12.5692377
layer108-conv 7.4644817 -1.3721085 12.5692377
layer109-conv/1 9.4532871 -14.1634512 15.1178741
layer109-conv 8.0334478 -1.4163451 15.1178741
layer110-conv/1 8.9734545 -14.3505173 12.9537315
layer110-conv 7.1267673 -1.4350518 12.9537315
layer111-conv/1 9.5483837 -15.2699537 14.3112936
layer111-conv 7.4713064 -1.5269954 14.3112936
layer112-conv/1 10.4856777 -15.2983971 23.9555588
layer112-conv 9.9596379 -1.5298398 23.9555588
layer113-conv 40.7029190 -40.7029190 12.6392632
output 77.0000000 0.0000000 77.0000000
