# genetated time: 2023-02-20 17:45:39.396684
# histogram number: 2048
# sample number: 100
# tune number: 5
###
# op_name    threshold    min    max
images 0.9996000 0.0000000 0.9996000
167_Concat_Depth2Space 0.9996000 0.0000000 0.9996000
168_Conv 32.4426899 -71.9586639 74.1391983
170_Mul 32.4372574 -0.2784646 74.1391983
171_Conv 55.0222431 -144.2686462 121.2418289
173_Mul 47.3684182 -0.2784646 121.2418289
174_Conv 7.6667552 -61.3040924 5.5773072
176_Mul 4.3067348 -0.2784646 5.5562892
177_Conv 9.7539395 -26.8997154 16.3796005
179_Mul 8.7039122 -0.2784646 16.3795986
180_Conv 15.3798490 -22.2656746 19.3761005
182_Mul 15.7441466 -0.2784646 19.3761005
183_Add 12.9198919 -0.5569290 19.4979496
184_Conv 11.4692272 -67.9424362 24.3649273
186_Mul 12.4889593 -0.2784646 24.3649273
187_Concat 12.9472148 -0.5569290 24.3649273
188_Conv 7.5207839 -20.0456314 12.8077669
190_Mul 6.2052116 -0.2784646 12.8077316
191_Conv 6.1979866 -14.1599092 8.3322201
193_Mul 4.3221895 -0.2784646 8.3302155
194_Conv 4.1042509 -6.5635953 3.5218203
196_Mul 1.5934823 -0.2784646 3.4207523
197_Conv 5.1979935 -12.7895823 9.3915176
199_Mul 4.9024949 -0.2784646 9.3907337
200_Conv 4.3756676 -8.7470617 5.2190952
202_Mul 2.6606730 -0.2784646 5.1910005
203_Add 3.0631706 -0.5569289 5.0505924
204_Conv 5.4061399 -11.4805031 14.4093342
206_Mul 4.9538656 -0.2784646 14.4093256
207_Conv 5.3756333 -10.8831186 9.8733244
209_Mul 4.3209846 -0.2784646 9.8728161
210_Add 5.1448135 -0.8353646 10.4158173
211_Conv 5.9181230 -14.5614491 11.2838383
213_Mul 4.9376510 -0.2784646 11.2836971
214_Conv 9.1394683 -13.2320061 14.1908379
216_Mul 6.6541598 -0.2784646 14.1908274
217_Add 8.1347978 -1.1137106 15.5822124
218_Conv 6.2687368 -14.3215456 12.6246643
220_Mul 8.2861804 -0.2784646 12.6246223
221_Concat 12.6667328 -1.1137106 15.5822124
222_Conv 5.6617203 -10.0603666 9.4602499
224_Mul 4.9384024 -0.2784646 9.4595137
225_Conv 7.5890121 -11.0331726 10.9567223
227_Mul 5.8221626 -0.2784646 10.9565315
228_Conv 4.4035225 -10.0602798 6.0593057
230_Mul 2.3055570 -0.2784646 6.0451841
231_Conv 8.2400196 -15.3284044 17.6889725
233_Mul 6.9109701 -0.2784646 17.6889725
234_Conv 5.2882066 -6.5346971 7.0474992
236_Mul 2.7288340 -0.2784646 7.0413756
237_Add 3.4233630 -0.5569290 7.8210087
238_Conv 8.2424528 -11.5839081 16.6870747
240_Mul 5.7907493 -0.2784646 16.6870747
241_Conv 6.4847727 -9.2258682 10.3705702
243_Mul 4.9267529 -0.2784646 10.3702450
244_Add 5.8693986 -0.8353900 13.4092178
245_Conv 7.5862050 -10.6096630 12.1320009
247_Mul 5.7637069 -0.2784646 12.1319361
248_Conv 9.0988617 -18.1888371 14.0358391
250_Mul 6.5814797 -0.2784646 14.0358276
251_Add 8.4673611 -1.1135688 16.1211815
252_Conv 9.5937738 -14.4818497 15.3425426
254_Mul 7.2406740 -0.2784646 15.3425388
255_Concat 7.0556746 -1.1135688 16.1211815
256_Conv 8.4600067 -10.9820576 15.0326691
258_Mul 5.8731675 -0.2784646 15.0326653
259_Conv 7.7863126 -11.3200150 10.1360722
261_Mul 5.6068035 -0.2784646 10.1356707
262_Conv 6.5848203 -5.4488754 8.1004372
264_Mul 6.6829108 -0.2784646 8.0979805
265_MaxPool 8.0979805 -0.2781185 8.0979805
266_MaxPool 8.0979805 -0.2743985 8.0979805
267_MaxPool 8.0979805 -0.2628401 8.0979805
268_Concat 7.5955653 -0.2784646 8.0979805
269_Conv 7.2904015 -8.6034660 10.5990429
271_Mul 5.8635012 -0.2784646 10.5987787
272_Conv 11.0702868 -9.4526711 13.6183157
274_Mul 6.9804596 -0.2784646 13.6182995
275_Conv 8.5806551 -11.7893839 12.4748592
277_Mul 5.8495106 -0.2784646 12.4748116
278_Conv 9.5500164 -13.8841505 9.9892578
280_Mul 5.6199804 -0.2784646 9.9887991
281_Conv 7.9408455 -8.8725529 14.1101656
283_Mul 5.5127486 -0.2784646 14.1101551
284_Concat 4.9395881 -0.2784646 14.1101551
285_Conv 7.9259315 -10.7519798 11.5229979
287_Mul 5.5827160 -0.2784646 11.5228834
288_Conv 7.9986334 -8.7935562 9.8396654
290_Mul 5.8431614 -0.2784646 9.8391409
295_Resize 5.8431614 -0.2784646 9.8391409
296_Concat 5.8731675 -0.2784646 15.0326653
297_Conv 6.3749781 -8.1668434 8.4958200
299_Mul 3.3984636 -0.2784646 8.4940844
300_Conv 6.0727925 -8.7420988 12.1396542
302_Mul 4.4018615 -0.2784646 12.1395893
303_Conv 6.6731243 -9.7016230 7.6937623
305_Mul 3.9901434 -0.2784646 7.6902585
306_Conv 5.9184194 -10.5164967 8.7199974
308_Mul 3.8158135 -0.2784646 8.7185736
309_Concat 3.8158135 -0.2784646 8.7185736
310_Conv 8.1139269 -18.5370617 12.0687666
312_Mul 5.7336633 -0.2784646 12.0686979
313_Conv 5.9892602 -10.6423740 8.5860119
315_Mul 4.4001914 -0.2784646 8.5844097
320_Resize 4.4001914 -0.2784646 8.5844097
321_Concat 4.4065069 -0.2784646 9.4595137
322_Conv 4.6302514 -6.7316227 3.4265864
324_Mul 1.8672143 -0.2784646 3.3187354
325_Conv 4.8695264 -7.0794892 5.3299165
327_Mul 2.9850817 -0.2784646 5.3042207
328_Conv 8.0537786 -14.3108368 12.8323307
330_Mul 4.8940762 -0.2784646 12.8322973
331_Conv 7.5136251 -12.0159302 7.3069105
333_Mul 4.9763903 -0.2784646 7.3020115
334_Concat 4.8940762 -0.2784646 12.8322973
335_Conv 18.4656601 -32.8118095 28.8710442
337_Mul 17.5073902 -0.2784646 28.8710442
338_Conv 6.7773924 -10.8385334 9.7107649
340_Mul 4.8565107 -0.2784646 9.7101755
341_Concat 4.8565107 -0.2784646 9.7101755
342_Conv 8.3951120 -13.4256210 9.7203016
344_Mul 4.8612835 -0.2784646 9.7197180
345_Conv 6.3121200 -12.6180754 7.9727912
347_Mul 4.3841080 -0.2784646 7.9700437
348_Conv 10.8420477 -21.6735077 11.4357738
350_Mul 9.2960043 -0.2784646 11.4356499
351_Conv 6.8185573 -12.1159611 9.0305452
353_Mul 5.8706958 -0.2784646 9.0294647
354_Concat 9.2960043 -0.2784646 11.4356499
355_Conv 17.1155453 -30.4127789 27.8019695
357_Mul 16.5086928 -0.2784646 27.8019695
358_Conv 8.5094728 -12.0730562 12.3713722
360_Mul 6.9604533 -0.2784646 12.3713188
361_Concat 6.9604533 -0.2784646 12.3713188
362_Conv 8.7742414 -12.7563019 12.7212257
364_Mul 6.9994496 -0.2784646 12.7211876
365_Conv 8.3622789 -16.7163925 10.6243992
367_Mul 5.8775320 -0.2784646 10.6241407
368_Conv 11.8184605 -27.0004349 17.8535748
370_Mul 6.9752792 -0.2784646 17.8535748
371_Conv 7.2352257 -10.0144529 11.5707083
373_Mul 6.7987870 -0.2784646 11.5705996
374_Concat 6.9752792 -0.2784646 17.8535748
375_Conv 13.2392349 -35.2873878 19.3749237
377_Mul 11.3845421 -0.2784646 19.3749237
378_Conv 17.6923523 -18.8626289 6.9430251
396_Reshape 17.6923523 -18.8626289 6.9430251
output_Transpose 17.6923523 -18.8626289 6.9430251
398_Conv 14.5696278 -15.5333481 7.1056790
416_Reshape 14.5696278 -15.5333481 7.1056790
417_Transpose 14.5696278 -15.5333481 7.1056790
418_Conv 13.7512417 -14.6608295 7.0286798
436_Reshape 13.7512417 -14.6608295 7.0286798
437_Transpose 13.7512417 -14.6608295 7.0286798
