# genetated time: 2022-12-15 21:54:58.750678
# histogram number: 2048
# sample number: 1000
# tune number: 5
###
# op_name    threshold    min    max
data 0.9996000 0.0000000 0.9996000
layer1-conv/1 38.0554405 -56.2554779 56.3753700
layer1-conv 56.3753700 -5.6255479 56.3753700
layer2-conv/1 12.3233591 -60.6610947 49.9576187
layer2-conv 43.4011389 -6.0661097 49.9576187
layer3-conv/1 42.5447655 -42.5447655 27.9184589
layer3-conv 9.7735065 -4.2544765 27.9184589
layer4-conv/1 44.9521516 -48.5962791 37.7221756
layer4-conv 12.9687256 -4.8596282 37.7221756
layer5-shortcut 42.3202116 -6.5525937 51.2964668
layer6-conv/1 9.0119495 -31.0865726 36.0301971
layer6-conv 32.8777749 -3.1086574 36.0301971
layer7-conv/1 13.1465650 -12.5854521 13.6144581
layer7-conv 12.5935400 -1.2585453 13.6144581
layer8-conv/1 9.5485832 -27.2759552 16.9263134
layer8-conv 8.2006211 -2.7275956 16.9263134
layer9-shortcut 8.2128027 -3.1512580 35.9875984
layer10-conv/1 9.1222086 -24.3140125 14.6347761
layer10-conv 13.5373466 -2.4314013 14.6347761
layer11-conv/1 11.6648626 -26.6495228 24.0492287
layer11-conv 9.3958824 -2.6649523 24.0492287
layer12-shortcut 31.9122599 -3.3380752 35.9567337
layer13-conv/1 7.2945172 -13.8028212 19.1262665
layer13-conv 6.9352572 -1.3802822 19.1262665
layer14-conv/1 9.0410929 -16.0652046 12.1734896
layer14-conv 11.7170581 -1.6065205 12.1734896
layer15-conv/1 11.0316904 -14.2328691 9.3699560
layer15-conv 6.3250636 -1.4232869 9.3699560
layer16-shortcut 7.2752158 -2.1640358 19.0756588
layer17-conv/1 6.6518241 -16.3667088 13.8722610
layer17-conv 5.7674585 -1.6366709 13.8722610
layer18-conv/1 5.0651445 -11.5718193 7.7582359
layer18-conv 6.0616192 -1.1571820 7.7582359
layer19-shortcut 6.2557241 -1.7119890 19.2418747
layer20-conv/1 7.2112522 -14.4154625 12.0365620
layer20-conv 4.3645033 -1.4415463 12.0365620
layer21-conv/1 6.4370580 -18.5495281 14.9479742
layer21-conv 6.4469072 -1.8549528 14.9479742
layer22-shortcut 7.2053947 -1.9522462 19.2050037
layer23-conv/1 7.3225651 -14.6379795 12.0219202
layer23-conv 7.5150214 -1.4637979 12.0219202
layer24-conv/1 6.7695511 -14.4369135 11.2576857
layer24-conv 6.6146466 -1.4436914 11.2576857
layer25-shortcut 7.7544503 -2.3122368 19.0797043
layer26-conv/1 9.0520964 -14.4762831 14.3899803
layer26-conv 4.6783253 -1.4476284 14.3899803
layer27-conv/1 7.0805154 -18.8721542 15.0733614
layer27-conv 7.1136398 -1.8872155 15.0733614
layer28-shortcut 9.2047884 -2.9542174 21.0315895
layer29-conv/1 6.8231997 -15.5882702 14.0329542
layer29-conv 5.0884026 -1.5588270 14.0329542
layer30-conv/1 13.1609373 -20.8231869 26.3090229
layer30-conv 7.8939920 -2.0823188 26.3090229
layer31-shortcut 10.4459659 -3.2836802 27.3893833
layer32-conv/1 8.5757837 -12.1842327 15.2383928
layer32-conv 4.7155642 -1.2184232 15.2383928
layer33-conv/1 9.0164366 -21.7740250 36.0481377
layer33-conv 9.0129148 -2.1774025 36.0481377
layer34-shortcut 11.2971697 -3.7990274 49.5029564
layer35-conv/1 6.9124754 -16.8502426 24.0336933
layer35-conv 6.1598815 -1.6850243 24.0336933
layer36-conv/1 16.3059483 -43.4612961 41.5893517
layer36-conv 10.3983538 -4.3461299 41.5893517
layer37-shortcut 12.6237238 -4.7848043 55.3157730
layer38-conv/1 8.8303385 -15.5055046 20.1737747
layer38-conv 6.2428321 -1.5505505 20.1737747
layer39-conv/1 7.3967323 -13.2362022 14.7862415
layer39-conv 5.6392861 -1.3236202 14.7862415
layer40-conv/1 4.8497064 -11.9326277 8.7756023
layer40-conv 6.4721674 -1.1932628 8.7756023
layer41-shortcut 7.0503526 -1.7918181 20.1396484
layer42-conv/1 10.6638445 -13.8659887 16.8063202
layer42-conv 7.9844390 -1.3865989 16.8063202
layer43-conv/1 6.9930925 -12.4260941 8.7638235
layer43-conv 6.3543072 -1.2426094 8.7638235
layer44-shortcut 7.7985020 -1.9147363 19.9606552
layer45-conv/1 7.9502163 -13.6193466 14.1268167
layer45-conv 5.6521069 -1.3619347 14.1268167
layer46-conv/1 6.1096288 -13.0295467 11.0376644
layer46-conv 6.4853692 -1.3029547 11.0376644
layer47-shortcut 7.1174054 -2.0189130 19.6286011
layer48-conv/1 8.2386837 -16.4693222 11.8959961
layer48-conv 5.2055879 -1.6469322 11.8959961
layer49-conv/1 5.9188754 -12.6227407 12.3120918
layer49-conv 6.3106237 -1.2622741 12.3120918
layer50-shortcut 8.0440295 -2.8898659 19.3480148
layer51-conv/1 6.8586059 -12.6648350 13.7105141
layer51-conv 4.2427576 -1.2664835 13.7105141
layer52-conv/1 7.1871328 -12.2365761 19.1563301
layer52-conv 6.5858657 -1.2236576 19.1563301
layer53-shortcut 9.7217130 -3.7024457 26.8108406
layer54-conv/1 7.7485476 -13.7684698 12.4723721
layer54-conv 4.3662441 -1.3768470 12.4723721
layer55-conv/1 9.4786015 -37.8958931 25.3165188
layer55-conv 7.5961924 -3.7895894 25.3165188
layer56-shortcut 10.6847259 -4.5675774 26.7052917
layer57-conv/1 7.2987437 -12.2322807 14.5903597
layer57-conv 5.1076950 -1.2232281 14.5903597
layer58-conv/1 8.1241947 -18.5625935 18.1493340
layer58-conv 8.6215985 -1.8562593 18.1493340
layer59-shortcut 12.0484745 -4.6746087 30.1138306
layer60-conv/1 6.8956952 -12.6658573 15.7538929
layer60-conv 4.0377527 -1.2665857 15.7538929
layer61-conv/1 9.5901505 -19.1170750 23.5964146
layer61-conv 10.1774670 -1.9117075 23.5964146
layer62-shortcut 12.5500000 -5.1963072 34.6107788
layer63-conv/1 9.3880310 -16.0101719 18.7668934
layer63-conv 5.6309849 -1.6010172 18.7668934
layer64-conv/1 10.1508131 -20.8548927 32.4667397
layer64-conv 6.5956492 -2.0854893 32.4667397
layer65-conv/1 6.4191556 -34.2187805 27.6484756
layer65-conv 5.6168141 -3.4218781 27.6484756
layer66-shortcut 5.7620305 -2.4197881 27.1084270
layer67-conv/1 9.2482309 -18.8888397 29.5798893
layer67-conv 4.6226705 -1.8888839 29.5798893
layer68-conv/1 6.0482602 -15.1230679 19.3449821
layer68-conv 4.9581558 -1.5123068 19.3449821
layer69-shortcut 5.7247958 -2.6786487 26.9332504
layer70-conv/1 8.8561401 -20.2327213 9.8064690
layer70-conv 3.9235456 -2.0232723 9.8064690
layer71-conv/1 11.3193007 -15.8477154 20.1133747
layer71-conv 6.0349951 -1.5847715 20.1133747
layer72-shortcut 7.2308287 -2.8987253 26.8971577
layer73-conv/1 10.8264751 -21.6423779 11.4591188
layer73-conv 3.5460571 -2.1642377 11.4591188
layer74-conv/1 12.0923996 -64.4613037 38.4268341
layer74-conv 7.8064480 -6.4461303 38.4268341
layer75-shortcut 8.6117907 -5.6038189 37.7359200
layer76-conv/1 7.6935549 -13.6176605 13.6707525
layer76-conv 4.7440249 -1.3617661 13.6707525
layer77-conv/1 7.8131590 -13.2652559 13.8832779
layer77-conv 4.8177756 -1.3265256 13.8832779
layer78-conv/1 7.1442890 -11.4252806 11.1212492
layer78-conv 3.8592962 -1.1425281 11.1212492
layer79-conv/1 7.3538909 -13.0671997 12.4730301
layer79-conv 4.3283911 -1.3067200 12.4730301
layer80-conv/1 7.6184063 -11.5621834 12.1834984
layer80-conv 3.8092031 -1.1562184 12.1834984
layer81-conv/1 7.6750031 -13.2219000 17.5342979
layer81-conv 5.4821448 -1.3221900 17.5342979
layer82-conv 31.5437050 -50.4452858 16.5240479
layer85-conv/1 10.4321985 -9.9796629 18.5370750
layer85-conv 7.5339130 -0.9979663 18.5370750
layer86-upsample 11.0085957 -0.9979663 18.5370750
layer87-route 11.2523071 -5.1963072 34.6107788
layer88-conv/1 8.7359343 -10.7797451 15.5229664
layer88-conv 6.9872307 -1.0779746 15.5229664
layer89-conv/1 8.6482172 -13.6902657 17.2879887
layer89-conv 6.2686906 -1.3690265 17.2879887
layer90-conv/1 8.5224257 -19.4703178 19.4141922
layer90-conv 6.0077771 -1.9470319 19.4141922
layer91-conv/1 8.7687683 -16.9672470 20.0331116
layer91-conv 6.1993035 -1.6967248 20.0331116
layer92-conv/1 8.6014500 -17.1945000 17.1237717
layer92-conv 4.9250712 -1.7194500 17.1237717
layer93-conv/1 8.4099789 -16.0137730 19.2134228
layer93-conv 7.3277573 -1.6013774 19.2134228
layer94-conv 28.8211861 -46.0913811 14.3725815
layer97-conv/1 13.8076973 -17.1115742 27.6019096
layer97-conv 10.0085577 -1.7111574 27.6019096
layer98-upsample 11.0434608 -1.7111574 27.6019096
layer99-route 13.8356991 -4.7848043 55.3157730
layer100-conv/1 8.8116989 -17.6147919 16.1519165
layer100-conv 6.1601373 -1.7614793 16.1519165
layer101-conv/1 8.6870079 -13.9528980 15.4360294
layer101-conv 5.0184062 -1.3952898 15.4360294
layer102-conv/1 8.3747597 -16.7413406 14.2860594
layer102-conv 5.9394974 -1.6741341 14.2860594
layer103-conv/1 7.8078365 -17.8377686 16.3687534
layer103-conv 5.9353722 -1.7837769 16.3687534
layer104-conv/1 9.4613857 -14.6402617 15.1308250
layer104-conv 5.7707061 -1.4640262 15.1308250
layer105-conv/1 10.3395529 -20.9469433 27.5586796
layer105-conv 11.0261642 -2.0946944 27.5586796
layer106-conv 33.5626564 -53.6740303 20.0260544
