# genetated time: 2022-12-15 12:04:26.416910
# histogram number: 2048
# sample number: 200
# tune number: 5
###
# op_name    threshold    min    max
data 0.9996000 0.0000000 0.9996000
layer1-conv/1 43.5340013 -47.0631638 43.2273598
layer1-conv 41.3362948 -4.7063165 43.2273598
layer2-conv/1 14.0681438 -52.3305283 34.0872078
layer2-conv 28.1223627 -5.2330527 34.0872078
layer3-conv/1 28.4074607 -32.9350204 20.9503365
layer3-conv 14.6662590 -3.2935021 20.9503365
layer4-conv/1 44.1048461 -45.6745605 37.8344460
layer4-conv 13.0073235 -4.5674562 37.8344460
layer5-shortcut 43.4095840 -5.2750435 43.4095840
layer6-conv/1 9.8856878 -24.4700260 30.4072170
layer6-conv 9.4096001 -2.4470026 30.4072170
layer7-conv/1 13.0600224 -13.0600224 13.0123405
layer7-conv 12.5651406 -1.3060023 13.0123405
layer8-conv/1 9.7601797 -26.9169254 16.4607944
layer8-conv 8.5407961 -2.6916926 16.4607944
layer9-shortcut 9.3964183 -2.8896182 30.3646202
layer10-conv/1 13.5833769 -27.1534882 14.8347549
layer10-conv 13.9078545 -2.7153490 14.8347549
layer11-conv/1 13.5735140 -27.1337719 23.0330009
layer11-conv 9.9344585 -2.7133772 23.0330009
layer12-shortcut 29.2911905 -2.9826694 30.3336792
layer13-conv/1 8.9131327 -13.9400692 17.8175602
layer13-conv 13.8092620 -1.3940070 17.8175602
layer14-conv/1 8.0161152 -12.8195210 9.9245529
layer14-conv 9.9245529 -1.2819521 9.9245529
layer15-conv/1 7.3682318 -10.7121954 8.8189888
layer15-conv 6.3943054 -1.0712196 8.8189888
layer16-shortcut 6.7718466 -1.6641589 17.7558212
layer17-conv/1 8.4122372 -14.9477863 12.1835384
layer17-conv 10.6610425 -1.4947786 12.1835384
layer18-conv/1 6.2704353 -11.1419983 7.8683071
layer18-conv 6.3934320 -1.1141999 7.8683071
layer19-shortcut 7.2737714 -1.6228676 17.8970013
layer20-conv/1 8.7614946 -12.7377691 10.4438534
layer20-conv 6.2022816 -1.2737769 10.4438534
layer21-conv/1 7.1436488 -15.2347231 14.6943350
layer21-conv 6.3375152 -1.5234723 14.6943350
layer22-shortcut 7.8276249 -1.8097147 17.8849735
layer23-conv/1 8.6713972 -12.5117426 12.6067829
layer23-conv 5.9113927 -1.2511743 12.6067829
layer24-conv/1 6.4614573 -17.2221394 10.3408403
layer24-conv 6.8513750 -1.7222140 10.3408403
layer25-shortcut 8.3584096 -2.2845235 17.8253517
layer26-conv/1 8.4088974 -14.9418507 12.4639626
layer26-conv 5.1819518 -1.4941851 12.4639626
layer27-conv/1 8.6892958 -17.3701057 13.9384365
layer27-conv 7.7110808 -1.7370106 13.9384365
layer28-shortcut 10.2727357 -2.9607360 19.5584717
layer29-conv/1 8.9410162 -15.8873787 13.6366329
layer29-conv 5.2008397 -1.5887378 13.6366329
layer30-conv/1 8.9989581 -21.6448708 19.3221169
layer30-conv 8.4551961 -2.1644871 19.3221169
layer31-shortcut 12.2444763 -3.5145056 27.9768295
layer32-conv/1 7.7789955 -13.8225727 13.4721422
layer32-conv 5.3901732 -1.3822573 13.4721422
layer33-conv/1 10.1522512 -19.5047398 40.5891762
layer33-conv 10.1482855 -1.9504740 40.5891762
layer34-shortcut 13.7126229 -3.6527627 47.6768379
layer35-conv/1 9.0400305 -14.1122713 24.0949783
layer35-conv 6.1755888 -1.4112271 24.0949783
layer36-conv/1 12.1130648 -37.3388672 38.7428780
layer36-conv 11.5026792 -3.7338867 38.7428780
layer37-shortcut 13.1810556 -4.2882385 45.8286552
layer38-conv/1 9.5280857 -17.5951462 19.0468674
layer38-conv 7.4414909 -1.7595147 19.0468674
layer39-conv/1 8.1162739 -12.9159508 14.4218864
layer39-conv 6.7625051 -1.2915951 14.4218864
layer40-conv/1 5.6801801 -10.8803902 8.0102882
layer40-conv 6.7087631 -1.0880390 8.0102882
layer41-shortcut 8.1961915 -1.4539943 19.0028362
layer42-conv/1 10.9693364 -11.1820498 16.2470474
layer42-conv 8.9882602 -1.1182050 16.2470474
layer43-conv/1 5.0893979 -11.6272297 9.0060225
layer43-conv 6.8394295 -1.1627229 9.0060225
layer44-shortcut 8.1991602 -1.6489928 18.7370148
layer45-conv/1 8.3740873 -12.6678391 14.8799973
layer45-conv 5.9534527 -1.2667840 14.8799973
layer46-conv/1 6.6477571 -13.2890224 10.0100718
layer46-conv 7.0075393 -1.3289022 10.0100718
layer47-shortcut 7.6993786 -2.1234457 18.5190392
layer48-conv/1 8.6130295 -13.7741175 11.7498302
layer48-conv 6.0964800 -1.3774117 11.7498302
layer49-conv/1 6.3732525 -12.9028273 10.1323872
layer49-conv 7.0931660 -1.2902827 10.1323872
layer50-shortcut 8.4415300 -3.1297169 20.3041096
layer51-conv/1 7.5981712 -11.3097811 13.5012646
layer51-conv 4.3893950 -1.1309781 13.5012646
layer52-conv/1 6.5402408 -11.4278660 13.0740948
layer52-conv 7.6819089 -1.1427866 13.0740948
layer53-shortcut 10.6210217 -3.4959080 23.5958672
layer54-conv/1 7.8751783 -13.9934807 10.9604397
layer54-conv 4.3852467 -1.3993481 10.9604397
layer55-conv/1 10.6521406 -34.0702057 20.5432873
layer55-conv 8.8606100 -3.4070206 20.5432873
layer56-shortcut 11.5020050 -5.1492567 22.9972687
layer57-conv/1 7.9023676 -11.1413136 15.7970181
layer57-conv 5.5301140 -1.1141313 15.7970181
layer58-conv/1 8.1209447 -17.4333534 14.9762287
layer58-conv 8.8928218 -1.7433354 14.9762287
layer59-shortcut 12.4959900 -4.4385381 24.9846573
layer60-conv/1 6.8641205 -11.3625259 13.7215376
layer60-conv 4.2461691 -1.1362526 13.7215376
layer61-conv/1 10.0674038 -17.8254128 22.9999733
layer61-conv 10.8544819 -1.7825413 22.9999733
layer62-shortcut 12.6000175 -4.7917867 36.3091927
layer63-conv/1 10.0291586 -13.9457703 16.0388184
layer63-conv 5.6147618 -1.3945770 16.0388184
layer64-conv/1 11.0858068 -16.6949139 35.4572601
layer64-conv 7.5366165 -1.6694914 35.4572601
layer65-conv/1 6.1901221 -32.9978638 17.5677223
layer65-conv 5.2711750 -3.2997863 17.5677223
layer66-shortcut 5.7605980 -3.3622496 16.4554062
layer67-conv/1 9.8179111 -16.4518528 22.4299812
layer67-conv 3.7863606 -1.6451854 22.4299812
layer68-conv/1 5.6701193 -15.1129341 13.7976208
layer68-conv 4.8301785 -1.5112934 13.7976208
layer69-shortcut 5.5841938 -3.5012093 19.4154472
layer70-conv/1 9.3281155 -12.4314146 9.9262543
layer70-conv 3.5992977 -1.2431415 9.9262543
layer71-conv/1 8.6292915 -14.7221689 15.3334723
layer71-conv 5.2715834 -1.4722170 15.3334723
layer72-shortcut 6.5711019 -3.5362372 20.2119389
layer73-conv/1 10.5720472 -18.7855740 9.9983225
layer73-conv 3.5001455 -1.8785574 9.9983225
layer74-conv/1 13.8619141 -51.5634003 33.9963684
layer74-conv 8.7133341 -5.1563401 33.9963684
layer75-shortcut 11.7234459 -4.6211786 33.4885483
layer76-conv/1 7.8059516 -10.7448807 15.6042805
layer76-conv 4.8787198 -1.0744880 15.6042805
layer77-conv/1 7.5993428 -10.0983877 11.0481930
layer77-conv 4.4902511 -1.0098388 11.0481930
layer78-conv/1 8.3961325 -10.3286552 10.1162043
layer78-conv 3.8581928 -1.0328655 10.1162043
layer79-conv/1 7.3932166 -9.7326031 10.7485189
layer79-conv 4.7042493 -0.9732603 10.7485189
layer80-conv/1 7.6143050 -10.4751949 11.0699444
layer80-conv 3.8414924 -1.0475196 11.0699444
layer81-conv/1 7.8619294 -11.1041756 12.5729456
layer81-conv 5.5033507 -1.1104176 12.5729456
layer82-conv 29.5810966 -39.4222031 13.8887424
layer85-conv/1 10.5228176 -10.2665787 16.8282871
layer85-conv 7.3651499 -1.0266579 16.8282871
layer86-upsample 12.0967185 -1.0266579 16.8282871
layer87-route 11.8044787 -4.7917867 36.3091927
layer88-conv/1 8.5422932 -8.8115263 14.6113005
layer88-conv 6.8513224 -0.8811526 14.6113005
layer89-conv/1 8.8593483 -12.2285366 15.7422619
layer89-conv 6.2984429 -1.2228537 15.7422619
layer90-conv/1 8.7574348 -17.5063171 14.5439320
layer90-conv 5.6822226 -1.7506317 14.5439320
layer91-conv/1 7.9014473 -15.1670418 18.0516338
layer91-conv 6.3193945 -1.5167042 18.0516338
layer92-conv/1 8.6411152 -15.3544827 15.3379421
layer92-conv 4.9865171 -1.5354483 15.3379421
layer93-conv/1 8.9681120 -12.7270422 15.9355259
layer93-conv 7.4722592 -1.2727042 15.9355259
layer94-conv 26.2899208 -38.2212105 15.4309101
layer97-conv/1 14.2822399 -15.6319447 25.3782501
layer97-conv 10.1537796 -1.5631945 25.3782501
layer98-upsample 12.0568384 -1.5631945 25.3782501
layer99-route 13.1810556 -4.2882385 45.8286552
layer100-conv/1 8.9065399 -15.8261166 14.6253700
layer100-conv 6.0805673 -1.5826117 14.6253700
layer101-conv/1 8.3707790 -12.6653566 14.8741188
layer101-conv 5.3934121 -1.2665356 14.8741188
layer102-conv/1 9.5374804 -15.2525177 13.4153023
layer102-conv 6.0385246 -1.5252517 13.4153023
layer103-conv/1 8.0577583 -16.1076469 14.9245796
layer103-conv 5.9712900 -1.6107647 14.9245796
layer104-conv/1 8.8347301 -14.0217190 14.1286659
layer104-conv 6.1836208 -1.4021720 14.1286659
layer105-conv/1 10.3611803 -20.1706543 20.7122421
layer105-conv 9.3230385 -2.0170655 20.7122421
layer106-conv 34.6271439 -50.3421631 19.1183586
