# genetated time: 2023-01-04 15:21:02.888963
# histogram number: 2048
# sample number: 100
# tune number: 5
###
# op_name    threshold    min    max
data 0.9996000 0.0000000 0.9996000
layer1-conv/1 44.1480523 -48.0518227 42.3244553
layer1-conv 38.6213239 -4.8051825 42.3244553
layer2-conv/1 12.7056562 -47.2623634 39.3086166
layer2-conv 15.2337692 -4.7262363 39.3086166
layer3-conv/1 28.9795441 -33.5982819 20.7293720
layer3-conv 14.8351214 -3.3598282 20.7293720
layer4-conv/1 44.0754349 -47.0128784 34.4388962
layer4-conv 13.4550595 -4.7012877 34.4388962
layer5-shortcut 42.2864331 -4.8229489 43.9336777
layer6-conv/1 11.4970440 -22.9062653 26.2690582
layer6-conv 16.4197654 -2.2906265 26.2690582
layer7-conv/1 13.1548137 -12.4721498 13.5353508
layer7-conv 12.6050021 -1.2472150 13.5353508
layer8-conv/1 9.5581331 -25.4759102 17.4939728
layer8-conv 8.4756462 -2.5475910 17.4939728
layer9-shortcut 9.5098133 -2.9279521 26.2264576
layer10-conv/1 10.9322281 -21.8537807 14.3532610
layer10-conv 13.9048531 -2.1853781 14.3532610
layer11-conv/1 11.3666019 -25.9681187 21.0996704
layer11-conv 10.0241472 -2.5968120 21.0996704
layer12-shortcut 21.2852907 -3.0476215 26.1955090
layer13-conv/1 9.0863132 -12.6828089 14.5310020
layer13-conv 10.8993164 -1.2682809 14.5310020
layer14-conv/1 8.3442936 -12.1312275 7.8816390
layer14-conv 6.6999707 -1.2131227 7.8816390
layer15-conv/1 6.1106504 -9.7741756 8.0618258
layer15-conv 6.8527489 -0.9774176 8.0618258
layer16-shortcut 7.6931195 -1.6810495 14.4774218
layer17-conv/1 8.7434845 -15.5363827 10.3233719
layer17-conv 5.9698541 -1.5536383 10.3233719
layer18-conv/1 6.1998758 -11.0166197 7.6450009
layer18-conv 6.6896559 -1.1016620 7.6450009
layer19-shortcut 7.5491778 -1.4086932 14.4604568
layer20-conv/1 8.4541693 -11.2667217 8.5902710
layer20-conv 4.7265373 -1.1266721 8.5902710
layer21-conv/1 6.6864779 -14.3539619 13.2099943
layer21-conv 6.7708482 -1.4353962 13.2099943
layer22-shortcut 8.7063783 -1.8904581 14.5059061
layer23-conv/1 8.5822477 -11.6071415 12.4771748
layer23-conv 5.8122177 -1.1607141 12.4771748
layer24-conv/1 6.8103174 -17.8566914 9.9934473
layer24-conv 7.2458595 -1.7856692 9.9934473
layer25-shortcut 8.6582162 -2.0430610 14.4256620
layer26-conv/1 8.2400255 -13.8375244 14.6417818
layer26-conv 5.3091658 -1.3837525 14.6417818
layer27-conv/1 8.0090664 -16.2145767 15.0853786
layer27-conv 7.7320856 -1.6214577 15.0853786
layer28-shortcut 11.7507198 -2.7941813 19.5781574
layer29-conv/1 8.7852898 -11.7080002 11.6422367
layer29-conv 5.8228245 -1.1708001 11.6422367
layer30-conv/1 13.0625048 -19.9021854 20.8898029
layer30-conv 9.1412021 -1.9902185 20.8898029
layer31-shortcut 13.4097058 -3.1239307 22.3422337
layer32-conv/1 8.3297148 -15.3640118 19.0300522
layer32-conv 5.8889040 -1.5364012 19.0300522
layer33-conv/1 11.5306722 -19.7248001 40.0905075
layer33-conv 10.2752734 -1.9724801 40.0905075
layer34-shortcut 15.9267732 -3.4883661 43.9233475
layer35-conv/1 9.2262783 -14.1692104 18.4435463
layer35-conv 6.6877003 -1.4169210 18.4435463
layer36-conv/1 12.9431009 -35.8050385 41.3977013
layer36-conv 12.4213326 -3.5805039 41.3977013
layer37-shortcut 14.1146585 -4.7074161 40.6739006
layer38-conv/1 10.6250429 -17.1160355 18.8797417
layer38-conv 7.5537415 -1.7116035 18.8797417
layer39-conv/1 10.3347330 -11.8053570 11.5591259
layer39-conv 6.3594956 -1.1805357 11.5591259
layer40-conv/1 4.9212160 -9.3696032 9.0085316
layer40-conv 7.0380528 -0.9369603 9.0085316
layer41-shortcut 8.1234686 -1.4836951 18.8342285
layer42-conv/1 11.6673031 -10.9723253 15.5488081
layer42-conv 9.6707206 -1.0972326 15.5488081
layer43-conv/1 8.0960970 -11.7703915 6.6146007
layer43-conv 6.6146007 -1.1770391 6.6146007
layer44-shortcut 8.9032353 -1.7886101 18.7402802
layer45-conv/1 8.6075039 -12.5138922 12.0765610
layer45-conv 5.8509668 -1.2513893 12.0765610
layer46-conv/1 6.4958420 -11.5425243 9.7342186
layer46-conv 7.5450893 -1.1542524 9.7342186
layer47-shortcut 8.3701565 -2.0800822 18.5953007
layer48-conv/1 7.9004488 -12.6345463 10.6631298
layer48-conv 6.6320292 -1.2634547 10.6631298
layer49-conv/1 8.1979694 -11.9184971 11.6466379
layer49-conv 7.7165377 -1.1918497 11.6466379
layer50-shortcut 9.2273246 -3.0211184 18.4492416
layer51-conv/1 6.9324923 -11.9780769 12.3184128
layer51-conv 4.9285686 -1.1978077 12.3184128
layer52-conv/1 7.9334970 -11.5339975 10.6720924
layer52-conv 8.1046904 -1.1533998 10.6720924
layer53-shortcut 11.4894942 -2.8066733 19.3468475
layer54-conv/1 7.1744127 -11.4403219 11.4734554
layer54-conv 4.5905031 -1.1440322 11.4734554
layer55-conv/1 11.3507481 -30.2538815 15.0737667
layer55-conv 9.4220247 -3.0253882 15.0737667
layer56-shortcut 11.4509843 -4.4031858 24.4206543
layer57-conv/1 8.5682449 -10.0209503 11.4187489
layer57-conv 5.5322639 -1.0020951 11.4187489
layer58-conv/1 8.1935492 -16.3790970 12.9763746
layer58-conv 9.3278391 -1.6379098 12.9763746
layer59-shortcut 13.5327101 -4.4163189 25.4667492
layer60-conv/1 7.7177610 -11.1321583 11.2203522
layer60-conv 4.0685426 -1.1132158 11.2203522
layer61-conv/1 11.7909031 -19.0476818 20.9513702
layer61-conv 10.7392404 -1.9047682 20.9513702
layer62-shortcut 14.0357272 -4.3608007 32.0695763
layer63-conv/1 9.5940666 -13.9481916 12.8155556
layer63-conv 6.0884845 -1.3948191 12.8155556
layer64-conv/1 10.4245281 -15.9510937 41.6777534
layer64-conv 6.5132941 -1.5951093 41.6777534
layer65-conv/1 6.0189750 -35.6557426 18.1834831
layer65-conv 5.4559332 -3.5655744 18.1834831
layer66-shortcut 5.4364257 -2.8475318 17.5678635
layer67-conv/1 9.5652313 -19.9377899 21.8527107
layer67-conv 4.6449020 -1.9937791 21.8527107
layer68-conv/1 10.4830313 -12.8958921 11.3685875
layer68-conv 5.4010510 -1.2895893 11.3685875
layer69-shortcut 5.6993829 -2.9520020 17.5306339
layer70-conv/1 10.9843102 -13.5125494 8.5118589
layer70-conv 3.8313761 -1.3512549 8.5118589
layer71-conv/1 7.6641568 -11.7006111 14.6806993
layer71-conv 6.3319929 -1.1700611 14.6806993
layer72-shortcut 6.6721867 -2.9870298 17.4945126
layer73-conv/1 8.6729269 -19.8141537 8.3832960
layer73-conv 3.9827823 -1.9814154 8.3832960
layer74-conv/1 15.4516221 -33.1702271 32.7600822
layer74-conv 9.8296249 -3.3170228 32.7600822
layer75-shortcut 12.8552544 -3.9786332 32.1302872
layer76-conv/1 8.0317535 -11.4644737 14.2716999
layer76-conv 5.9335274 -1.1464474 14.2716999
layer77-conv/1 7.1458535 -10.3888931 9.2500496
layer77-conv 5.3491674 -1.0388893 9.2500496
layer78-conv/1 5.9098010 -8.5918770 8.4536839
layer78-conv 4.7562812 -0.8591877 8.4536839
layer79-conv/1 6.0062313 -8.0630054 8.7320709
layer79-conv 5.5406206 -0.8063006 8.7320709
layer80-conv/1 6.5825901 -8.3506622 8.7725010
layer80-conv 4.9356569 -0.8350663 8.7725010
layer81-conv/1 7.1965504 -9.5907154 9.3259258
layer81-conv 5.8600254 -0.9590716 9.3259258
layer82-conv 26.9766445 -43.1415558 12.6648445
layer85-conv/1 10.1707342 -9.3869495 13.7868309
layer85-conv 9.0489970 -0.9386950 13.7868309
layer86-upsample 12.0639822 -0.9386950 13.7868309
layer87-route 12.2309318 -4.3608007 32.0695763
layer88-conv/1 8.4333824 -9.4215298 13.4212894
layer88-conv 7.5511965 -0.9421530 13.4212894
layer89-conv/1 8.2420464 -10.4247189 13.1808348
layer89-conv 7.2504250 -1.0424719 13.1808348
layer90-conv/1 8.2002068 -14.5710268 11.9453840
layer90-conv 6.5708365 -1.4571027 11.9453840
layer91-conv/1 7.9643278 -12.7366953 15.1634464
layer91-conv 7.1561541 -1.2736696 15.1634464
layer92-conv/1 8.0764427 -12.8150997 12.9159985
layer92-conv 5.6519324 -1.2815100 12.9159985
layer93-conv/1 9.4049788 -14.6178589 15.0406179
layer93-conv 7.8520550 -1.4617859 15.0406179
layer94-conv 26.3310394 -35.0909081 13.0210094
layer97-conv/1 12.8593285 -13.0126228 21.2026138
layer97-conv 11.7298000 -1.3012623 21.2026138
layer98-upsample 13.9158339 -1.3012623 21.2026138
layer99-route 14.1146585 -4.7074161 40.6739006
layer100-conv/1 8.2058868 -13.1230087 12.3800144
layer100-conv 6.9653458 -1.3123009 12.3800144
layer101-conv/1 7.5360432 -10.6748953 12.0517807
layer101-conv 6.2531493 -1.0674895 12.0517807
layer102-conv/1 8.1002941 -12.9541426 11.1263847
layer102-conv 6.6076156 -1.2954143 11.1263847
layer103-conv/1 7.5379357 -13.3942318 12.5668335
layer103-conv 6.0884987 -1.3394232 12.5668335
layer104-conv/1 8.4742651 -11.4999905 12.3201847
layer104-conv 6.5467910 -1.1499990 12.3201847
layer105-conv/1 9.7895689 -15.1343842 19.5695782
layer105-conv 9.7876568 -1.5134385 19.5695782
layer106-conv 33.7751198 -45.0115051 16.8307800
