# genetated time: 2022-12-16 14:00:13.752224
# histogram number: 2048
# sample number: 100
# tune number: 5
###
# op_name    threshold    min    max
input 0.9996000 0.0000000 0.9996000
130_Conv 48.4894274 -69.8925171 66.9183426
132_Mul 66.9183426 -0.2784646 66.9183426
133_Conv 54.0930805 -67.8795624 26.0973969
135_Mul 26.0973969 -0.2784646 26.0973969
136_Conv 36.5209992 -39.2165375 37.5220642
138_Mul 24.8604296 -0.2784646 37.5220642
139_MaxPool 23.4263237 -0.2784646 66.9183426
140_Concat 58.7635891 -0.2784646 66.9183426
141_Conv 32.0316174 -33.4970093 13.6917686
143_Mul 13.1355895 -0.2784646 13.6917543
144_Conv 8.8758367 -9.8961506 4.6539035
146_Mul 4.6099963 -0.2784646 4.6099963
147_Conv 9.8625812 -10.9963255 10.6003742
149_Mul 9.0103525 -0.2784646 10.6001101
150_Conv 7.3051637 -11.7454109 9.7492361
152_Mul 9.7486677 -0.2784646 9.7486677
153_Add 11.3438075 -0.5569290 12.7811394
154_Conv 19.4059677 -19.4059677 10.8023453
156_Mul 7.7649177 -0.2784646 10.8021250
157_Concat 8.8278525 -0.5569290 12.7811394
158_Conv 11.4530999 -12.1351461 8.3401976
160_Mul 8.3382063 -0.2784646 8.3382063
161_Conv 9.9619345 -8.4712181 15.1777601
163_Mul 15.1777563 -0.2784646 15.1777563
164_Conv 8.0853133 -9.7259426 8.4478426
166_Mul 8.4460325 -0.2784646 8.4460325
167_Conv 9.2787040 -10.6795092 10.5325909
169_Mul 10.5323095 -0.2784646 10.5323095
170_Conv 5.7565264 -6.9220333 8.0078897
172_Mul 5.0037546 -0.2784646 8.0052252
173_Add 10.4577049 -0.5569291 11.4209843
174_Conv 6.1497336 -10.6541624 16.1246376
176_Mul 15.4696462 -0.2784646 16.1246357
177_Conv 5.6528854 -8.8412113 10.0446672
179_Mul 7.9742953 -0.2784646 10.0442314
180_Add 16.3144413 -0.8353748 17.6370010
181_Conv 7.2888179 -14.5705175 13.5006647
183_Mul 10.4634958 -0.2784646 13.5006466
184_Conv 7.9934683 -13.0324955 21.3055077
186_Mul 5.3289790 -0.2784646 21.3055077
187_Add 7.7905352 -1.1134262 27.0865822
188_Conv 9.5162195 -11.2585945 12.4745932
190_Mul 8.4222987 -0.2784646 12.4745455
191_Concat 24.5499443 -1.1134262 27.0865822
192_Conv 6.0635476 -9.9218330 13.8527699
194_Mul 11.0392325 -0.2784646 13.8527565
195_Conv 9.2336587 -11.3364115 16.7817631
197_Mul 15.6282731 -0.2784646 16.7817631
198_Conv 5.5703219 -9.0865555 11.2772713
200_Mul 10.8543057 -0.2784646 11.2771292
201_Conv 7.9407763 -21.1650639 15.9116163
203_Mul 15.7627588 -0.2784646 15.9116144
204_Conv 7.2531161 -8.9225531 8.8733215
206_Mul 8.2622589 -0.2784646 8.8720789
207_Add 6.0955210 -0.5569291 12.1850891
208_Conv 7.4578028 -17.0380821 11.7559481
210_Mul 11.0948400 -0.2784646 11.7558556
211_Conv 6.8926487 -10.6271257 13.7785664
213_Mul 5.5999343 -0.2784646 13.7785511
214_Add 7.6673198 -0.8353777 15.3271523
215_Conv 7.7929554 -11.2615471 11.3296728
217_Mul 10.8693259 -0.2784646 11.3295364
218_Conv 7.8679504 -12.0495682 12.5825739
220_Mul 6.6861978 -0.2784646 12.5825300
221_Add 10.1350222 -1.1135950 20.2601471
222_Conv 10.3751049 -12.0023460 15.0836926
224_Mul 7.1185138 -0.2784646 15.0836887
225_Concat 15.1965950 -1.1135950 20.2601471
226_Conv 7.7727828 -12.0205374 13.8115330
228_Mul 13.8115196 -0.2784646 13.8115196
229_Conv 6.5698071 -7.6844068 9.5514164
231_Mul 8.5067816 -0.2784646 9.5507374
232_Conv 7.7944899 -7.3201637 10.3875790
234_Mul 7.7589835 -0.2784646 10.3872595
235_MaxPool 9.0932922 -0.2784387 10.3872595
236_MaxPool 7.7942505 -0.2772789 10.3872595
237_MaxPool 10.3872595 -0.2737155 10.3872595
238_Concat 10.3872595 -0.2784646 10.3872595
239_Conv 6.2148137 -7.6452665 6.6397586
241_Mul 6.6310892 -0.2784646 6.6310892
242_Conv 6.0494885 -7.0392513 7.4418888
244_Mul 6.7404651 -0.2784646 7.4375291
245_Conv 6.5835962 -8.1447105 9.9333839
247_Mul 8.3813412 -0.2784646 9.9329023
248_Conv 8.8504883 -10.0783024 11.4172859
250_Mul 10.5626864 -0.2784646 11.4171610
251_Conv 5.5704527 -6.7188921 8.9083729
253_Mul 8.2949356 -0.2784646 8.9071674
254_Concat 10.9890872 -0.2784646 11.4171610
255_Conv 7.9655836 -7.3629179 11.1281691
257_Mul 11.1280060 -0.2784646 11.1280060
258_Conv 10.9913733 -10.6805801 16.5875416
260_Mul 14.8773295 -0.2784646 16.5875397
265_Resize 14.8773295 -0.2784646 16.5875397
266_Concat 15.4473996 -0.2784646 16.5875397
267_Conv 13.8359246 -7.3342361 21.0808620
269_Mul 15.5475219 -0.2784646 21.0808620
270_Conv 10.7427242 -9.3991365 15.4807158
272_Mul 15.4807119 -0.2784646 15.4807119
273_Conv 13.7811584 -12.7552176 24.9106197
275_Mul 24.9106197 -0.2784646 24.9106197
276_Conv 8.3404911 -9.8870144 11.3058643
278_Mul 10.8464818 -0.2784646 11.3057251
279_Concat 24.9106197 -0.2784646 24.9106197
280_Conv 12.4919849 -10.2637472 22.2029114
282_Mul 15.8896703 -0.2784646 22.2029114
283_Conv 15.5424365 -13.1148472 28.0942802
285_Mul 24.6706759 -0.2784646 28.0942802
290_Resize 15.5410643 -0.2784646 28.0942802
291_Concat 28.0942802 -0.2784646 28.0942802
292_Conv 9.2070390 -12.2069750 13.5097733
294_Mul 10.4705552 -0.2784646 13.5097551
295_Conv 9.8738446 -14.4043875 14.6914482
297_Mul 14.6914425 -0.2784646 14.6914425
298_Conv 12.4332264 -22.5988407 18.2404556
300_Mul 15.5048328 -0.2784646 18.2404556
301_Conv 18.0454487 -18.4423370 30.7108688
303_Mul 15.7417583 -0.2784646 30.7108688
304_Concat 26.1049886 -0.2784646 30.7108688
305_Conv 15.8560081 -39.6303406 35.4331017
307_Mul 27.6826517 -0.2784646 35.4331017
308_Conv 23.3837132 -13.7510424 39.3800583
310_Mul 24.9833478 -0.2784646 39.3800583
311_Concat 28.3047776 -0.2784646 39.3800583
312_Conv 17.4113927 -18.7822952 27.9944401
314_Mul 25.7201483 -0.2784646 27.9944401
315_Conv 17.4794044 -18.3799706 26.6321850
317_Mul 26.6321850 -0.2784646 26.6321850
318_Conv 19.3424604 -17.7277050 26.9081631
320_Mul 17.4909633 -0.2784646 26.9081631
321_Conv 23.7593515 -24.2755280 32.2142029
323_Mul 16.7121996 -0.2784646 32.2142029
324_Concat 27.9863838 -0.2784646 32.2142029
325_Conv 20.2571038 -32.4056664 30.1986275
327_Mul 27.5564320 -0.2784646 30.1986275
328_Conv 25.8762336 -23.4418659 31.2453327
330_Mul 25.3877868 -0.2784646 31.2453327
331_Concat 28.3161782 -0.2784646 31.2453327
332_Conv 21.8082890 -24.6814861 27.9123192
334_Mul 26.7785091 -0.2784646 27.9123192
335_Conv 21.2337971 -22.4225426 27.3954258
337_Mul 27.3954258 -0.2784646 27.3954258
338_Conv 24.2586611 -24.2678719 29.1811008
340_Mul 24.0747645 -0.2784646 29.1811008
341_Conv 25.5787134 -27.0790234 31.4803104
343_Mul 24.1023530 -0.2784646 31.4803104
344_Concat 27.0535359 -0.2784646 31.4803104
345_Conv 23.8423396 -32.3277931 29.6008987
347_Mul 24.0509110 -0.2784646 29.6008987
348_Conv 34.2881738 -35.3930168 11.3331032
366_Reshape 34.2881738 -35.3930168 11.3331032
367_Transpose 24.3445873 -35.3930168 11.3331032
375_Conv 22.6962280 -22.6962280 13.9981766
393_Reshape 22.6962280 -22.6962280 13.9981766
394_Transpose 18.4496937 -22.6962280 13.9981766
402_Conv 219.7151489 -219.7151489 15.8487720
420_Reshape 219.7151489 -219.7151489 15.8487720
421_Transpose 13.7389050 -219.7151489 15.8487720
