# genetated time: 2023-03-27 18:33:48.578180
# histogram number: 2048
# sample number: 100
# tune number: 5
###
# op_name    threshold    min    max
images 0.9996000 0.0000000 0.9996000
166_Conv 39.3265843 -127.0842514 112.1887054
168_Mul 38.5700059 -0.2784646 112.1887054
169_Conv 50.5463669 -126.3350601 123.8188705
171_Mul 53.4018024 -0.2784646 123.8188705
172_Conv 12.6317225 -67.3362885 6.2025299
174_Mul 3.2892878 -0.2784646 6.1899996
175_Conv 10.0803146 -40.3015709 16.0261250
177_Mul 7.5147411 -0.2784646 16.0261230
178_Conv 6.8922412 -18.0714970 16.0980759
180_Mul 6.4408024 -0.2784646 16.0980740
181_Add 7.7011438 -0.5569290 15.8953781
182_Conv 7.6558051 -30.6082668 10.8430882
184_Mul 6.7779894 -0.2784646 10.8428764
185_Conv 9.1555611 -19.5253773 16.2775135
187_Mul 8.6496646 -0.2784646 16.2775116
188_Add 14.7076814 -0.8353645 18.9749622
189_Conv 17.0437387 -74.6837921 26.6421719
191_Mul 18.3254414 -0.2784646 26.6421719
192_Concat 13.8234739 -0.8353645 26.6421719
193_Conv 9.1438808 -16.2478523 12.2950277
195_Mul 5.8411630 -0.2784646 12.2949724
196_Conv 5.3159161 -14.1688538 8.8948832
198_Mul 4.3088871 -0.2784646 8.8936644
199_Conv 6.6032464 -8.6560440 4.8487611
201_Mul 2.5116415 -0.2784646 4.8110514
202_Conv 5.9676513 -12.0816755 12.0636034
204_Mul 5.6566606 -0.2784646 12.0635347
205_Conv 5.6451273 -7.5231614 6.2286658
207_Mul 3.1862499 -0.2784646 6.2164063
208_Add 3.2169715 -0.5569291 7.9153080
209_Conv 6.3804769 -11.2078342 13.6970654
211_Mul 4.9666028 -0.2784646 13.6970510
212_Conv 4.2654066 -8.5266476 6.9443159
214_Mul 3.4698307 -0.2784646 6.9376278
215_Add 4.6752429 -0.8353782 9.3459206
216_Conv 6.1655116 -13.8406363 17.7670193
218_Mul 6.9414626 -0.2784646 17.7670193
219_Conv 7.2806807 -11.6434011 9.2969770
221_Mul 4.8531038 -0.2784646 9.2961245
222_Add 5.9426844 -1.1135665 12.0311298
223_Conv 5.8161869 -11.1795864 11.6266937
225_Mul 5.0144283 -0.2784646 11.6265898
226_Conv 7.5029235 -11.9988165 11.4583569
228_Mul 5.8729755 -0.2784646 11.4582357
229_Add 7.2999578 -1.3914504 16.6774693
230_Conv 6.3806617 -19.6261673 12.8540468
232_Mul 7.1111516 -0.2784646 12.8540134
233_Concat 6.9337374 -1.3914504 16.6774693
234_Conv 6.7554235 -10.5186214 10.8034000
236_Mul 5.0983937 -0.2784646 10.8031797
237_Conv 7.6226144 -13.5446978 11.9519348
239_Mul 5.9035286 -0.2784646 11.9518576
240_Conv 5.1570364 -6.5251861 9.8185863
242_Mul 4.2962967 -0.2784646 9.8180513
243_Conv 9.3675357 -14.0841398 17.0265903
245_Mul 8.8331156 -0.2784646 17.0265903
246_Conv 5.5603600 -8.1455622 8.8922319
248_Mul 4.3076011 -0.2784646 8.8910103
249_Add 4.3584700 -0.5569291 11.4279337
250_Conv 7.4822631 -11.6290350 17.0939655
252_Mul 5.8768335 -0.2784646 17.0939655
253_Conv 5.6324873 -8.1887083 6.6750298
255_Mul 4.2294093 -0.2784646 6.6666160
256_Add 4.8090002 -0.8353919 11.8324699
257_Conv 7.2721858 -12.9220181 10.7424660
259_Mul 5.0696314 -0.2784646 10.7422342
260_Conv 6.6087031 -7.4215689 10.5687618
262_Mul 5.1203225 -0.2784646 10.5684900
263_Add 5.4402294 -1.1137793 14.5001945
264_Conv 8.1476564 -10.7988148 11.8453493
266_Mul 5.8508779 -0.2784646 11.8452644
267_Conv 7.1903009 -12.1216469 12.7765150
269_Mul 4.9514317 -0.2784646 12.7764788
270_Add 6.2174349 -1.3916249 16.5717316
271_Conv 7.2912407 -9.9693727 14.5753613
273_Mul 5.0109456 -0.2784646 14.5753546
274_Conv 7.2010574 -12.2321577 16.4515228
276_Mul 5.9653843 -0.2784646 16.4515209
277_Add 7.9920025 -1.6679527 27.7870560
278_Conv 7.1338863 -10.7378902 16.2980652
280_Mul 4.8902151 -0.2784646 16.2980633
281_Conv 8.2769547 -16.3351383 18.9095173
283_Mul 8.2746458 -0.2784646 18.9095173
284_Add 10.8825419 -1.9403661 31.3599815
285_Conv 11.0842848 -22.1577454 16.8942947
287_Mul 11.0881705 -0.2784646 16.8942947
288_Concat 9.0196331 -1.9403661 31.3599815
289_Conv 7.4475956 -10.0761156 14.8879185
291_Mul 5.8166136 -0.2784646 14.8879128
292_Conv 8.0177040 -12.5043793 16.0275784
294_Mul 6.9129199 -0.2784646 16.0275764
295_Conv 6.5700741 -9.9684010 13.1337318
297_Mul 3.9407532 -0.2784646 13.1337051
298_Conv 10.0862389 -14.1825790 23.0430031
300_Mul 6.9140266 -0.2784646 23.0430031
301_Conv 8.4507046 -12.6158619 15.0161390
303_Mul 5.8667087 -0.2784646 15.0161333
304_Add 6.4227696 -0.5569291 25.0593910
305_Conv 8.9816008 -13.8974457 17.9544296
307_Mul 5.5560496 -0.2784646 17.9544296
308_Conv 8.3721037 -13.3888254 13.0629110
310_Mul 6.7777666 -0.2784646 13.0628834
311_Add 9.0956379 -0.8353735 27.9771156
312_Conv 9.0931169 -12.3991261 19.5203285
314_Mul 8.4193933 -0.2784646 19.5203285
315_Concat 8.6575985 -0.8353735 27.9771156
316_Conv 8.3785820 -12.0040646 12.1810780
318_Mul 5.7870240 -0.2784646 12.1810160
319_Conv 7.6339188 -7.4348516 7.6339188
321_Mul 6.4392857 -0.2784646 7.6302276
322_MaxPool 7.6302276 -0.2677760 7.6302276
323_MaxPool 7.6302276 -0.2283623 7.6302276
324_MaxPool 7.6302276 -0.1983511 7.6302276
325_Concat 6.7736442 -0.2784646 7.6302276
326_Conv 8.4365063 -11.2431831 10.5581417
328_Mul 5.8408679 -0.2784646 10.5578671
329_Conv 10.5142403 -10.9965611 11.2097139
331_Mul 7.0066603 -0.2784646 11.2095613
336_Resize 5.7457900 -0.2784646 11.2095613
337_Concat 5.8166136 -0.2784646 14.8879128
338_Conv 6.9996014 -8.9090137 9.3282452
340_Mul 4.3449718 -0.2784646 9.3274155
341_Conv 7.9948092 -12.4585171 18.2649269
343_Mul 5.9381089 -0.2784646 18.2649269
344_Conv 7.0637283 -12.3261175 14.1205587
346_Mul 4.9432266 -0.2784646 14.1205482
347_Conv 7.8708572 -14.7915668 20.9787045
349_Mul 4.4591276 -0.2784646 20.9787045
350_Conv 7.6091676 -12.1687241 10.5881968
352_Mul 4.4019826 -0.2784646 10.5879307
353_Conv 6.6432886 -9.1918449 11.8045244
355_Mul 5.1669636 -0.2784646 11.8044357
356_Concat 5.1669636 -0.2784646 11.8044357
357_Conv 7.9125528 -15.8173790 15.1386518
359_Mul 5.9145745 -0.2784646 15.1386480
360_Conv 6.0808425 -8.6447687 8.8405428
362_Mul 4.2825305 -0.2784646 8.8392639
367_Resize 4.8900950 -0.2784646 8.8392639
368_Concat 4.3906720 -0.2784646 10.8031797
369_Conv 4.7144470 -7.5394325 4.5591311
371_Mul 2.3697874 -0.2784646 4.5118866
372_Conv 5.1480002 -9.1475315 7.0465474
374_Mul 5.7222754 -0.2784646 7.0404191
375_Conv 5.2595425 -8.4111586 6.1568408
377_Mul 3.1877643 -0.2784646 6.1438222
378_Conv 6.3725257 -10.1910629 7.7264009
380_Mul 2.9454527 -0.2784646 7.7229943
381_Conv 9.6233950 -19.2373924 14.2881517
383_Mul 5.8070446 -0.2784646 14.2881432
384_Conv 6.8547745 -10.9622841 7.5523138
386_Mul 5.6632920 -0.2784646 7.5483518
387_Concat 6.2541165 -0.2784646 14.2881432
388_Conv 20.4767303 -26.4610996 31.4920120
390_Mul 17.4221443 -0.2784646 31.4920120
391_Conv 7.2198563 -11.3298588 11.5461292
393_Mul 5.5939242 -0.2784646 11.5460176
394_Concat 5.5939242 -0.2784646 11.5460176
395_Conv 7.5170527 -9.9484873 12.0214119
397_Mul 5.7111644 -0.2784646 12.0213404
398_Conv 6.8571186 -10.2872667 12.1844807
400_Mul 5.7133436 -0.2784646 12.1844187
401_Conv 8.1240139 -12.9920759 11.3636179
403_Mul 4.9012321 -0.2784646 11.3634863
404_Conv 8.2459698 -14.6523438 11.5604219
406_Mul 5.6008495 -0.2784646 11.5603113
407_Conv 11.0772600 -25.3070889 12.2955227
409_Mul 6.9177769 -0.2784646 12.2954674
410_Conv 7.1547747 -9.4764109 9.5350418
412_Mul 6.8247245 -0.2784646 9.5343533
413_Concat 6.9177769 -0.2784646 12.2954674
414_Conv 16.9464976 -29.6749992 32.2647820
416_Mul 16.7408038 -0.2784646 32.2647820
417_Conv 7.9492188 -12.7002115 12.7125397
419_Mul 6.6770132 -0.2784646 12.7125015
420_Concat 6.5950371 -0.2784646 12.7125015
421_Conv 8.1876097 -11.5260029 13.0937796
423_Mul 6.7937835 -0.2784646 13.0937529
424_Conv 8.7356272 -12.0625973 12.7001619
426_Mul 6.9878596 -0.2784646 12.7001228
427_Conv 8.5737200 -13.7112532 12.8268642
429_Mul 6.6552885 -0.2784646 12.8268290
430_Conv 9.6955290 -17.2280788 12.9282579
432_Mul 6.7078994 -0.2784646 12.9282274
433_Conv 12.1305780 -24.2493095 15.6406298
435_Mul 12.7142181 -0.2784646 15.6406279
436_Conv 8.4585428 -13.5270605 12.2947845
438_Mul 6.9173618 -0.2784646 12.2947292
439_Concat 12.7142181 -0.2784646 15.6406279
440_Conv 12.9424053 -31.8445873 20.4182701
442_Mul 11.9976041 -0.2784646 20.4182701
443_Conv 18.5382023 -22.8051071 7.1295357
466_Reshape 18.5382023 -22.8051071 7.1295357
467_Transpose 18.5382023 -22.8051071 7.1295357
468_Conv 14.9260006 -18.3614922 7.9540768
491_Reshape 14.9260006 -18.3614922 7.9540768
492_Transpose 14.9260006 -18.3614922 7.9540768
493_Conv 15.9361658 -16.9902763 7.8240795
516_Reshape 15.9361658 -16.9902763 7.8240795
517_Transpose 15.9361658 -16.9902763 7.8240795
