# genetated time: 2022-12-14 19:39:28.629919
# histogram number: 2048
# sample number: 100
# tune number: 5
###
# op_name    threshold    min    max
data 255.0000000 0.0000000 255.0000000
layer1-conv/1 5735.7311767 -12153.6582031 11026.3505859
layer1-conv 5720.2897034 -1215.3658447 11026.3505859
layer2-conv/1 3692.3631744 -12436.4746094 8106.8383789
layer2-conv 3546.8903076 -1243.6474609 8106.8383789
layer3-conv/1 5779.5079284 -7836.4262695 6478.0585938
layer3-conv 5344.4774537 -783.6426392 6478.0585938
layer4-conv/1 9526.6350464 -9138.1064453 10440.0781250
layer4-conv 8971.9899567 -913.8106689 10440.0781250
layer5-shortcut 9082.5156006 -1246.4849854 10454.5839844
layer6-conv/1 6623.4934326 -9255.1220703 6317.8154297
layer6-conv 1955.0660217 -925.5122070 6317.8154297
layer7-conv/1 2736.5583954 -2310.3564453 3367.9453125
layer7-conv 2683.9085388 -231.0356445 3367.9453125
layer8-conv/1 2844.5842896 -4573.5883789 2799.1992188
layer8-conv 2064.4607025 -457.3588562 2799.1992188
layer9-shortcut 1955.0532593 -652.3330078 6317.7739258
layer10-conv/1 1646.2081055 -4114.5151367 2453.0146484
layer10-conv 1356.9472961 -411.4515076 2453.0146484
layer11-conv/1 1396.8625976 -3491.3037109 2901.8786621
layer11-conv 1813.7096069 -349.1303711 2901.8786621
layer12-shortcut 1955.0464356 -681.9769287 6317.7519531
layer13-conv/1 1161.9267273 -2794.7407227 1886.8781738
layer13-conv 896.4284393 -279.4740906 1886.8781738
layer14-conv/1 784.2649658 -1960.1835938 1835.2355957
layer14-conv 717.0149841 -196.0183563 1835.2355957
layer15-conv/1 753.8524414 -2512.4323730 1417.7486572
layer15-conv 886.1102264 -251.2432404 1417.7486572
layer16-shortcut 966.9141800 -311.3066406 1886.3696289
layer17-conv/1 889.0879089 -1896.0910645 1271.2861328
layer17-conv 794.6935791 -189.6091156 1271.2861328
layer18-conv/1 753.1024170 -1882.2962646 1032.0087891
layer18-conv 915.9267060 -188.2296295 1032.0087891
layer19-shortcut 964.8801910 -271.8942261 1882.4014893
layer20-conv/1 926.7718750 -1876.2753906 1678.5047607
layer20-conv 723.9627960 -187.6275482 1678.5047607
layer21-conv/1 547.4656922 -1683.9403076 1090.0454102
layer21-conv 868.6548958 -168.3940277 1090.0454102
layer22-shortcut 910.9007873 -319.2025452 1880.1250000
layer23-conv/1 907.6133240 -1837.4882812 1518.6914062
layer23-conv 787.9834778 -183.7488251 1518.6914062
layer24-conv/1 849.7292328 -1599.0767822 1245.1290283
layer24-conv 863.8348755 -159.9076843 1245.1290283
layer25-shortcut 908.5388794 -376.6286926 1875.2498779
layer26-conv/1 812.4976196 -1856.2305908 982.4400635
layer26-conv 543.5096512 -185.6230621 982.4400635
layer27-conv/1 706.8280579 -1700.1081543 820.2657471
layer27-conv 820.2657471 -170.0108185 820.2657471
layer28-shortcut 914.7045136 -416.1235352 1887.9759521
layer29-conv/1 728.0515747 -2098.0102539 946.0421143
layer29-conv 490.8604492 -209.8010254 946.0421143
layer30-conv/1 748.1034790 -1605.9648438 1236.6166992
layer30-conv 857.9292656 -160.5964813 1236.6166992
layer31-shortcut 1137.3506775 -428.0741272 2347.5239258
layer32-conv/1 786.2027588 -1571.6376953 911.6876221
layer32-conv 364.7641235 -157.1637726 911.6876221
layer33-conv/1 740.0534058 -1690.7247314 1033.6301270
layer33-conv 1033.6301270 -169.0724792 1033.6301270
layer34-shortcut 1090.2196411 -454.3653259 2325.0295410
layer35-conv/1 844.2813721 -1687.7382812 1116.9660645
layer35-conv 579.5455078 -168.7738342 1116.9660645
layer36-conv/1 796.2222107 -1709.2620850 719.7160645
layer36-conv 719.7160645 -170.9262085 719.7160645
layer37-shortcut 1210.5753784 -499.6055908 2278.1408691
layer38-conv/1 994.4167480 -1766.9888916 941.6871338
layer38-conv 412.1433716 -176.6988983 941.6871338
layer39-conv/1 702.8276367 -955.2804565 1021.7955933
layer39-conv 504.7081025 -95.5280457 1021.7955933
layer40-conv/1 347.6701400 -806.0717773 592.3037109
layer40-conv 397.9603857 -80.6071777 592.3037109
layer41-shortcut 438.6579804 -172.7263641 941.6736450
layer42-conv/1 676.6962280 -901.8211060 633.4968262
layer42-conv 398.0631424 -90.1821136 633.4968262
layer43-conv/1 281.7767578 -604.8943481 486.1184387
layer43-conv 435.9986061 -60.4894371 486.1184387
layer44-shortcut 458.6390931 -146.8724670 928.5275879
layer45-conv/1 886.8203735 -1013.0140991 735.6106567
layer45-conv 363.3492553 -101.3014145 735.6106567
layer46-conv/1 447.1355392 -726.4089966 959.8724976
layer46-conv 432.0598511 -72.6408997 959.8724976
layer47-shortcut 631.6957580 -164.6401978 1041.5474854
layer48-conv/1 848.1536865 -1043.3717041 759.6392822
layer48-conv 427.5058289 -104.3371735 759.6392822
layer49-conv/1 650.9831543 -1156.7382812 411.3776245
layer49-conv 411.3776245 -115.6738281 411.3776245
layer50-shortcut 637.0023193 -156.9993896 1018.7060547
layer51-conv/1 800.2582397 -1163.4436035 501.4434204
layer51-conv 352.7373993 -116.3443604 501.4434204
layer52-conv/1 471.1883545 -753.5332642 493.7808228
layer52-conv 493.7808228 -75.3533249 493.7808228
layer53-shortcut 683.6976929 -205.4854431 993.9837646
layer54-conv/1 790.9579468 -843.2764893 445.1587219
layer54-conv 306.1961365 -84.3276520 445.1587219
layer55-conv/1 818.8308105 -1190.4450684 645.0176392
layer55-conv 580.5473877 -119.0445099 645.0176392
layer56-shortcut 651.1312866 -266.0635681 946.6375732
layer57-conv/1 677.6384888 -709.6257324 722.4614258
layer57-conv 519.4346085 -70.9625778 722.4614258
layer58-conv/1 478.6705994 -869.9624634 602.0162964
layer58-conv 560.6368653 -86.9962463 602.0162964
layer59-shortcut 727.6436768 -282.0711060 969.7177734
layer60-conv/1 784.1759033 -964.6683350 410.6726379
layer60-conv 308.1549377 -96.4668350 410.6726379
layer61-conv/1 992.8204346 -1443.3973389 508.9566040
layer61-conv 508.9566040 -144.3397369 508.9566040
layer62-shortcut 715.5946655 -356.7955933 953.6603394
layer63-conv/1 946.7518311 -1164.6640625 550.0409546
layer63-conv 395.4678727 -116.4664078 550.0409546
layer64-conv/1 1621.8327637 -1621.8327637 840.8793335
layer64-conv 528.3737259 -162.1832733 840.8793335
layer65-conv/1 552.2463761 -672.0960083 799.5532227
layer65-conv 474.7713470 -67.2096024 799.5532227
layer66-shortcut 521.9240265 -124.8204880 787.4832153
layer67-conv/1 1079.8162842 -1151.2416992 459.2850342
layer67-conv 315.9127197 -115.1241684 459.2850342
layer68-conv/1 530.8787476 -884.5098267 769.5763550
layer68-conv 488.2317215 -88.4509811 769.5763550
layer69-shortcut 680.9935913 -147.0282288 1027.4886475
layer70-conv/1 817.9278564 -817.9278564 397.4854736
layer70-conv 263.4433578 -81.7927856 397.4854736
layer71-conv/1 453.2454682 -1090.1750488 403.9734192
layer71-conv 403.9734192 -109.0175095 403.9734192
layer72-shortcut 654.6346374 -172.7053223 987.7180786
layer73-conv/1 805.6135254 -805.6135254 220.6167908
layer73-conv 165.5434265 -80.5613556 220.6167908
layer74-conv/1 564.0772095 -1002.3143311 807.3245239
layer74-conv 542.5875473 -100.2314377 807.3245239
layer75-shortcut 778.3044434 -188.1351624 957.4454346
layer76-conv/1 857.3079224 -857.3079224 640.3401489
layer76-conv 480.4897156 -85.7307968 640.3401489
layer77-conv/1 767.7216797 -876.9678345 869.6861572
layer77-conv 560.1127350 -87.6967850 869.6861572
layer78-conv/1 751.1300659 -701.7276611 751.1300659
layer78-conv 483.7578598 -70.1727676 751.1300659
layer79-conv/1 895.0733032 -866.1718750 1101.0906982
layer79-conv 764.0935058 -86.6171875 1101.0906982
layer80-conv/1 907.4439087 -1036.5723877 793.1466675
layer80-conv 582.6934845 -103.6572418 793.1466675
layer81-conv/1 1312.0815430 -1614.0811768 1457.4472656
layer81-conv 852.0762329 -161.4081268 1457.4472656
layer82-conv 2645.7036133 -3254.6604004 249.0799713
layer85-conv/1 996.0754395 -935.5740356 1327.4521484
layer85-conv 863.0708496 -93.5574036 1327.4521484
layer86-upsample 763.5605713 -93.5574036 1327.4521484
layer87-route 763.5605713 -356.7955933 1327.4521484
layer88-conv/1 516.4102783 -544.2942505 688.2108154
layer88-conv 430.2578277 -54.4294243 688.2108154
layer89-conv/1 434.1174011 -534.0374756 488.2351990
layer89-conv 296.1133514 -53.4037476 488.2351990
layer90-conv/1 425.1256409 -522.9760742 330.2581177
layer90-conv 225.0740548 -52.2976074 330.2581177
layer91-conv/1 384.0669861 -476.2745667 558.3701172
layer91-conv 307.1990357 -47.6274567 558.3701172
layer92-conv/1 335.9035339 -358.1221313 237.8610992
layer92-conv 167.3219757 -35.8122139 237.8610992
layer93-conv/1 376.6833496 -547.6355591 540.1633911
layer93-conv 312.3685379 -54.7635574 540.1633911
layer94-conv 741.3937988 -912.0391235 90.6924973
layer97-conv/1 287.7430115 -365.2946167 418.3309326
layer97-conv 251.0803100 -36.5294609 418.3309326
layer98-upsample 418.3309326 -36.5294609 418.3309326
layer99-route 1103.7353515 -499.6055908 2278.1408691
layer100-conv/1 542.9874268 -789.4142456 518.9066162
layer100-conv 241.7212417 -78.9414291 518.9066162
layer101-conv/1 281.5643311 -409.3481445 334.6302490
layer101-conv 167.3968658 -40.9348145 334.6302490
layer102-conv/1 300.2199402 -369.3210449 244.7024231
layer102-conv 153.0137329 -36.9321060 244.7024231
layer103-conv/1 203.8951416 -250.8253479 222.4439850
layer103-conv 133.5098602 -25.0825348 222.4439850
layer104-conv/1 167.4817200 -223.1999207 179.3107758
layer104-conv 100.9115906 -22.3199921 179.3107758
layer105-conv/1 205.3125000 -298.4905396 187.7970734
layer105-conv 112.7149384 -29.8490543 187.7970734
layer106-conv 315.3098755 -387.8842163 105.0532074
