# genetated time: 2022-12-14 19:32:19.085545
# histogram number: 2048
# sample number: 100
# tune number: 5
###
# op_name    threshold    min    max
input 255.0000000 0.0000000 255.0000000
467_Slice 255.0000000 0.0000000 255.0000000
472_Slice 255.0000000 0.0000000 255.0000000
482_Slice 255.0000000 0.0000000 255.0000000
487_Slice 255.0000000 0.0000000 255.0000000
492_Slice 255.0000000 0.0000000 255.0000000
502_Slice 255.0000000 0.0000000 255.0000000
503_Concat 255.0000000 0.0000000 255.0000000
877_Conv 38.5697098 -61.3299675 68.5348969
507_Mul 38.5697098 -0.2784646 68.5348969
880_Conv 44.5641766 -96.9614029 101.8226013
511_Mul 44.5691528 -0.2784646 101.8226013
883_Conv 38.4550591 -76.8725662 8.4781847
515_Mul 3.3913971 -0.2784646 8.4764223
886_Conv 28.3667297 -113.4115143 26.1130180
519_Mul 10.6129576 -0.2784646 26.1130180
889_Conv 16.0784721 -25.7129936 13.6907282
523_Mul 10.2717125 -0.2784646 13.6907120
892_Conv 13.8769903 -20.1748581 19.8860493
527_Mul 8.2677197 -0.2784646 19.8860493
528_Add 10.4083723 -0.5569291 19.8167114
529_Concat 9.7971649 -0.5569291 26.1130180
895_Conv 14.1773300 -25.1918354 20.1127090
533_Mul 15.7143433 -0.2784646 20.1127090
898_Conv 9.9313316 -15.8823709 13.6119099
537_Mul 11.0600792 -0.2784646 13.6118937
901_Conv 4.7759967 -5.8752794 3.3374937
541_Mul 2.6795564 -0.2784646 3.2229939
904_Conv 8.0758152 -12.9149952 9.6032600
545_Mul 6.9026694 -0.2784646 9.6026125
907_Conv 6.8820248 -9.7515163 10.0053301
549_Mul 8.3179295 -0.2784646 10.0048780
910_Conv 4.9017577 -8.7099810 5.0504637
553_Mul 4.8458485 -0.2784646 5.0183148
554_Add 2.8411641 -0.5569289 5.0484924
913_Conv 6.5238371 -10.4330425 9.1458673
558_Mul 8.3735846 -0.2784646 9.1448917
916_Conv 7.1618557 -12.7259712 10.6398506
562_Mul 5.1547725 -0.2784646 10.6395960
563_Add 5.8055806 -0.8353713 10.3159933
919_Conv 8.6485062 -17.2885666 12.9859076
567_Mul 10.8759107 -0.2784646 12.9858780
922_Conv 7.8439140 -12.5441341 12.1504345
571_Mul 6.8361415 -0.2784646 12.1503706
572_Add 7.7966509 -1.1137745 12.4685507
573_Concat 6.8604439 -1.1137745 12.4685507
925_Conv 6.6835213 -10.6884127 10.4366302
577_Mul 8.4798320 -0.2784646 10.4363241
928_Conv 7.9314756 -11.5310583 10.4403915
581_Mul 10.4400864 -0.2784646 10.4400864
931_Conv 5.1059575 -9.0728254 6.1492953
585_Mul 2.3780376 -0.2784646 6.1361942
934_Conv 9.1998091 -18.3906345 16.2592907
589_Mul 8.3341761 -0.2784646 16.2592888
937_Conv 9.3883530 -11.8321371 15.6421604
593_Mul 15.6421585 -0.2784646 15.6421585
940_Conv 4.6564851 -6.7697620 5.9212399
597_Mul 5.5733500 -0.2784646 5.9054027
598_Add 3.3952055 -0.5569289 7.7566805
943_Conv 7.6652088 -11.5176535 17.5119228
602_Mul 15.9797365 -0.2784646 17.5119228
946_Conv 7.7888331 -8.0235519 8.8971767
606_Mul 4.9214610 -0.2784646 8.8959608
607_Add 5.0494111 -0.8353764 12.4239979
949_Conv 7.7759638 -10.7531528 13.8171854
611_Mul 11.0108755 -0.2784646 13.8171721
952_Conv 8.3346586 -14.3908176 14.8099356
615_Mul 6.9893173 -0.2784646 14.8099298
616_Add 8.6230040 -1.1136540 17.2375870
617_Concat 8.3514299 -1.1136540 17.2375870
955_Conv 7.9800873 -14.1798944 13.6966887
621_Mul 13.6966743 -0.2784646 13.6966743
958_Conv 7.9734449 -11.3562984 11.5920753
625_Mul 11.1935822 -0.2784646 11.5919676
961_Conv 5.9705648 -7.3447995 7.0502400
629_Mul 6.3860018 -0.2784646 7.0441308
630_MaxPool 6.7163570 -0.2768096 7.0441308
631_MaxPool 6.7163570 -0.2525344 7.0441308
632_MaxPool 7.0441308 -0.1851394 7.0441308
633_Concat 7.0441308 -0.2784646 7.0441308
964_Conv 10.2048607 -14.8361864 9.5848894
637_Mul 8.2666914 -0.2784646 9.5842304
967_Conv 6.8513160 -9.9606848 9.2700539
641_Mul 8.4873912 -0.2784646 9.2691813
970_Conv 7.6949253 -13.2082434 13.6731873
645_Mul 11.1098689 -0.2784646 13.6731710
973_Conv 7.3292933 -9.9922352 10.6555853
649_Mul 10.6553335 -0.2784646 10.6553335
976_Conv 7.5177360 -10.3173113 12.0225039
653_Mul 10.6701289 -0.2784646 12.0224323
654_Concat 11.1098689 -0.2784646 13.6731710
979_Conv 6.7110968 -15.3321600 10.4337997
658_Mul 10.4334927 -0.2784646 10.4334927
982_Conv 7.5058265 -8.2633924 10.0028820
662_Mul 8.1275233 -0.2784646 10.0024290
667_Resize 8.4400075 -0.2784646 10.0024290
668_Concat 10.9148510 -0.2784646 13.6966743
985_Conv 5.3638353 -8.5779457 7.5007601
672_Mul 6.6535679 -0.2784646 7.4966168
988_Conv 5.6913986 -8.6938858 9.1017914
676_Mul 8.1911436 -0.2784646 9.1007767
991_Conv 6.7432384 -10.7839136 9.9683723
680_Mul 8.4108764 -0.2784646 9.9679050
994_Conv 6.4081306 -8.8910847 11.3866692
684_Mul 10.9240143 -0.2784646 11.3865404
685_Concat 10.9240143 -0.2784646 11.3865404
997_Conv 6.7413330 -11.9787407 10.9987450
689_Mul 10.9985619 -0.2784646 10.9985619
1000_Conv 5.4951820 -7.6629162 10.9849977
693_Mul 8.2394138 -0.2784646 10.9848118
698_Resize 10.6416371 -0.2784646 10.9848118
699_Concat 10.9848118 -0.2784646 10.9848118
1003_Conv 5.3265443 -7.7439175 4.8148122
703_Mul 4.7760839 -0.2784646 4.7760839
1006_Conv 4.6880741 -6.8156872 5.7108288
707_Mul 5.6919885 -0.2784646 5.6919885
1009_Conv 5.5704126 -7.2292423 9.8981209
711_Mul 8.1968469 -0.2784646 9.8976231
1012_Conv 5.4981523 -8.7927485 8.6518145
715_Mul 8.3259694 -0.2784646 8.6503029
716_Concat 8.3259694 -0.2784646 8.6503029
1015_Conv 5.6516457 -11.0519094 11.2977724
720_Mul 10.8387176 -0.2784646 11.2976322
1018_Conv 6.8796830 -10.5422602 11.0021181
724_Mul 10.6582244 -0.2784646 11.0019341
725_Concat 10.6582244 -0.2784646 11.0019341
1021_Conv 7.0314412 -12.1223564 14.0560160
729_Mul 10.9821548 -0.2784646 14.0560045
1024_Conv 6.9086194 -13.8104925 10.8236132
733_Mul 10.8233976 -0.2784646 10.8233976
1027_Conv 9.1140906 -9.7287340 19.4369373
737_Mul 15.4892545 -0.2784646 19.4369373
1030_Conv 8.8951157 -12.2146063 21.8862934
741_Mul 14.7740500 -0.2784646 21.8862934
742_Concat 15.6630804 -0.2784646 21.8862934
1033_Conv 7.1623726 -38.1806679 10.0857325
746_Mul 8.4466335 -0.2784646 10.0853119
1036_Conv 7.0484409 -11.3472214 14.0899982
750_Mul 10.5685234 -0.2784646 14.0899878
751_Concat 11.0087065 -0.2784646 14.0899878
1039_Conv 7.6273961 -9.7995892 12.1978750
755_Mul 10.8257834 -0.2784646 12.1978140
1042_Conv 7.9191532 -10.6060371 14.0716209
759_Mul 10.5547390 -0.2784646 14.0716105
1045_Conv 8.3401527 -13.8607063 16.6721611
763_Mul 16.0991828 -0.2784646 16.6721611
1048_Conv 9.6034355 -14.6372957 15.3579950
767_Mul 15.3579912 -0.2784646 15.3579912
768_Concat 15.3579912 -0.2784646 15.3579912
1051_Conv 8.9525013 -17.8962593 11.6283007
772_Mul 10.8289357 -0.2784646 11.6281967
1054_Conv 7.1327171 -19.0112915 11.0787992
776_Mul 11.0786285 -0.2784646 11.0786285
1057_Conv 8.8451700 -20.2076588 15.3097963
780_Mul 15.3097925 -0.2784646 15.3097925
1060_Conv 18.5553970 -29.8414860 32.9712677
784_Mul 29.8811173 -0.2784646 32.9712677
785_Conv 22.3622055 -35.7620583 3.2801113
1063_Conv 13.5918169 -31.0518417 19.6445103
789_Mul 16.4526372 -0.2784646 19.6445103
1066_Conv 13.3044453 -26.5958977 15.1792498
793_Mul 15.1792459 -0.2784646 15.1792459
794_Conv 3.9149797 -2.3995247 3.9149797
795_Conv 28.1278381 -28.1278381 6.1419759
796_Sigmoid 0.9978539 0.0000000 0.9978539
797_Sigmoid 0.9637401 0.0000000 0.9637401
798_Concat 3.1811362 -2.3995247 3.9149797
1069_Conv 9.1835146 -16.3182755 12.9890833
802_Mul 11.2034554 -0.2784646 12.9890537
1072_Conv 8.8885231 -17.7683659 13.0468798
806_Mul 10.8049223 -0.2784646 13.0468521
1075_Conv 21.0587482 -24.0168571 42.0969315
810_Mul 29.0760852 -0.2784646 42.0969315
811_Conv 24.8145523 -36.0762711 3.5126164
1078_Conv 11.5033073 -20.4403400 14.2417641
815_Mul 11.1272847 -0.2784646 14.2417555
1081_Conv 11.8871317 -23.7626553 15.3410845
819_Mul 15.3410807 -0.2784646 15.3410807
820_Conv 3.8194928 -2.5067883 3.8194928
821_Conv 28.9968014 -28.9968014 6.3336053
822_Sigmoid 0.9982275 0.0000000 0.9982275
823_Sigmoid 0.9710447 0.0000000 0.9710447
824_Concat 3.3540446 -2.5067883 3.8194928
1084_Conv 9.3743801 -16.6574287 13.8699532
828_Mul 11.2700883 -0.2784646 13.8699398
1087_Conv 9.7037764 -17.2427349 10.8728695
832_Mul 10.8726635 -0.2784646 10.8726635
1090_Conv 18.8365898 -19.2344627 30.1238270
836_Mul 29.0885504 -0.2784646 30.1238270
837_Conv 22.9873981 -33.4198875 4.5485625
1093_Conv 10.3316555 -15.0205250 12.7992029
841_Mul 11.0396728 -0.2784646 12.7991676
1096_Conv 15.2505074 -17.4206409 10.2674313
845_Mul 10.2670755 -0.2784646 10.2670755
846_Conv 3.1425433 -2.0883019 3.1425433
847_Conv 15.0880022 -15.0880022 7.1308537
848_Sigmoid 0.9992006 0.0000003 0.9992006
849_Sigmoid 0.9895284 0.0000000 0.9895284
850_Concat 3.0247171 -2.0883019 3.1425433
858_Reshape 3.3034434 -2.3995247 3.9149797
866_Reshape 3.1988952 -2.5067883 3.8194928
874_Reshape 3.1425433 -2.0883019 3.1425433
875_Concat 3.3034434 -2.5067883 3.9149797
output_Transpose 1.4688346 -2.5067883 3.9149797
