# genetated time: 2022-12-23 11:23:36.488522
# histogram number: 2048
# sample number: 100
# tune number: 5
###
# op_name    threshold    min    max
data 0.9999999 0.0000000 0.9999999
layer1-conv/1 44.4481969 -46.7168961 51.7183228
layer1-conv 51.7183228 -0.3088436 51.7183228
layer2-conv/1 71.9370962 -88.5346375 74.1660385
layer2-conv 44.0394821 -0.3088436 74.1660385
layer3-conv/1 17.8343983 -71.3027573 42.3092651
layer3-conv 28.0322133 -0.3088436 42.3092651
layer5-conv/1 36.8270744 -43.9716644 30.3958206
layer5-conv 29.0660963 -0.3088436 30.3958206
layer6-conv/1 52.5439993 -47.9972496 56.8035736
layer6-conv 56.8035736 -0.3088436 56.8035736
layer7-conv/1 30.7903671 -44.7641182 41.0524826
layer7-conv 19.5034386 -0.3088436 41.0524826
layer8-shortcut 39.8100249 -0.6176869 43.9269714
layer9-conv/1 38.6750260 -53.3403702 42.8106041
layer9-conv 28.3643779 -0.3088436 42.8106041
layer10-route 39.6003316 -0.3088436 42.8106041
layer11-conv/1 19.5042475 -59.9927788 37.7003784
layer11-conv 35.3447954 -0.3088436 37.7003784
layer12-conv/1 36.3160248 -36.3160248 25.3764172
layer12-conv 25.1390169 -0.3088436 25.3764172
layer13-conv/1 20.7093151 -25.4866638 24.5332966
layer13-conv 16.4883654 -0.3088436 24.5332966
layer15-conv/1 11.2598396 -11.9199963 12.5102539
layer15-conv 12.3932185 -0.3088436 12.5102539
layer16-conv/1 11.7781817 -15.5072765 12.8391809
layer16-conv 12.5986423 -0.3088436 12.8391809
layer17-conv/1 16.7712273 -17.0914307 13.2608871
layer17-conv 12.8880664 -0.3088436 13.2608871
layer18-shortcut 18.1003193 -0.6176870 18.5641975
layer19-conv/1 13.3552401 -13.9971294 14.0577860
layer19-conv 12.3014212 -0.3088436 14.0577860
layer20-conv/1 23.6322017 -20.1970577 28.0070152
layer20-conv 12.2576864 -0.3088436 28.0070152
layer21-shortcut 26.8916978 -0.9265206 27.5808830
layer22-conv/1 14.1021508 -18.1340141 22.2251244
layer22-conv 16.6704720 -0.3088436 22.2251244
layer23-route 23.9969679 -0.3088436 24.5332966
layer24-conv/1 16.5547371 -26.9564743 33.0933075
layer24-conv 31.8525105 -0.3088436 33.0933075
layer25-conv/1 13.7986507 -24.5189571 24.4621830
layer25-conv 17.5065338 -0.3088436 24.4621830
layer26-conv/1 13.1362038 -26.2595787 17.7706432
layer26-conv 16.6603036 -0.3088436 17.7706432
layer28-conv/1 14.8556264 -15.5348492 13.4550047
layer28-conv 12.1114759 -0.3088436 13.4550047
layer29-conv/1 10.9934688 -16.9085808 16.6740532
layer29-conv 16.6740532 -0.3088436 16.6740532
layer30-conv/1 9.5570232 -12.8882694 17.3710060
layer30-conv 16.6653884 -0.3088436 17.3710060
layer31-shortcut 17.6767014 -0.6176869 19.6397133
layer32-conv/1 10.0040703 -53.3289909 15.1751108
layer32-conv 12.3302408 -0.3088436 15.1751108
layer33-conv/1 13.4926731 -16.6022491 14.2552910
layer33-conv 12.2956237 -0.3088436 14.2552910
layer34-shortcut 17.9501715 -0.9265258 26.5865936
layer35-conv/1 16.5802174 -88.3846512 14.8433914
layer35-conv 12.6172453 -0.3088436 14.8433914
layer36-conv/1 21.4932381 -17.4216537 39.0664711
layer36-conv 18.9234780 -0.3088436 39.0664711
layer37-shortcut 25.7437200 -1.2352804 41.1778831
layer38-conv/1 20.4887314 -36.4066277 17.7163067
layer38-conv 17.7163067 -0.3088436 17.7163067
layer39-conv/1 17.0913944 -20.0293789 21.0252914
layer39-conv 20.2369714 -0.3088436 21.0252914
layer40-shortcut 25.7001782 -1.5439980 40.9004974
layer41-conv/1 14.7164097 -16.8105412 12.3994913
layer41-conv 12.3994913 -0.3088436 12.3994913
layer42-conv/1 11.0130196 -17.8344975 19.5691414
layer42-conv 19.5691414 -0.3088436 19.5691414
layer43-shortcut 28.0789394 -1.8505919 40.8221512
layer44-conv/1 14.7177801 -17.6569862 19.6141243
layer44-conv 18.0206564 -0.3088436 19.6141243
layer45-conv/1 13.3063068 -20.3195839 21.2796955
layer45-conv 20.7479630 -0.3088436 21.2796955
layer46-shortcut 33.1812592 -2.1582074 40.8185349
layer47-conv/1 12.6546364 -17.6270428 20.2375317
layer47-conv 17.5815410 -0.3088436 20.2375317
layer48-conv/1 18.5373878 -27.4275131 32.9392662
layer48-conv 20.5890526 -0.3088436 32.9392662
layer49-shortcut 27.9491577 -2.4669096 40.6334686
layer50-conv/1 12.7045155 -20.3172989 18.9065094
layer50-conv 18.0794073 -0.3088436 18.9065094
layer51-conv/1 19.6001568 -29.5761642 39.1811714
layer51-conv 21.6740594 -0.3088436 39.1811714
layer52-shortcut 36.9497948 -2.7453301 49.2423363
layer53-conv/1 16.2291012 -20.0666962 21.6282349
layer53-conv 16.8984454 -0.3088436 21.6282349
layer54-route 17.1684021 -0.3088436 21.6282349
layer55-conv/1 18.5959988 -28.8560963 29.7390709
layer55-conv 29.7390709 -0.3088436 29.7390709
layer56-conv/1 14.0772104 -25.0139313 22.7302227
layer56-conv 18.0431553 -0.3088436 22.7302227
layer57-conv/1 11.4032984 -16.2114162 18.2363682
layer57-conv 16.8688633 -0.3088436 18.2363682
layer59-conv/1 11.3050632 -16.5569229 20.0880775
layer59-conv 17.8285368 -0.3088436 20.0880775
layer60-conv/1 10.9987316 -14.3798370 25.1276817
layer60-conv 24.0284224 -0.3088436 25.1276817
layer61-conv/1 10.3225117 -15.0072317 10.0503473
layer61-conv 9.2969395 -0.3088436 10.0503473
layer62-shortcut 10.0486317 -0.6176867 20.0874500
layer63-conv/1 10.5062304 -17.8236046 21.0022011
layer63-conv 17.8523839 -0.3088436 21.0022011
layer64-conv/1 16.4393425 -16.4393425 13.4817638
layer64-conv 11.9653124 -0.3088436 13.4817638
layer65-shortcut 8.4314731 -0.9265232 22.1073723
layer66-conv/1 15.9364386 -42.4764175 19.4657974
layer66-conv 17.8843797 -0.3088436 19.4657974
layer67-conv/1 9.7450581 -12.9870653 11.8139515
layer67-conv 11.8139515 -0.3088436 11.8139515
layer68-shortcut 10.9166861 -1.2352420 21.8227119
layer69-conv/1 16.1695251 -23.5078239 19.3912811
layer69-conv 18.5429718 -0.3088436 19.3912811
layer70-conv/1 13.3060150 -106.3961411 41.3961678
layer70-conv 10.6099166 -0.3088436 41.3961678
layer71-shortcut 12.7300682 -1.5440547 40.7163277
layer72-conv/1 13.9982319 -18.6551952 15.0405016
layer72-conv 12.2208667 -0.3088436 15.0405016
layer73-conv/1 11.0301838 -17.6396770 16.1665745
layer73-conv 16.1665745 -0.3088436 16.1665745
layer74-shortcut 12.7278528 -1.8521369 40.7092438
layer75-conv/1 10.7772045 -13.8449001 17.2351074
layer75-conv 17.2351074 -0.3088436 17.2351074
layer76-conv/1 13.3660269 -17.7686024 21.3752003
layer76-conv 11.8242346 -0.3088436 21.3752003
layer77-shortcut 15.2641668 -2.1555495 40.6845703
layer78-conv/1 10.5476618 -13.8277721 16.8680191
layer78-conv 16.8680191 -0.3088436 16.8680191
layer79-conv/1 12.9865828 -19.0370197 29.6691246
layer79-conv 12.7959876 -0.3088436 29.6691246
layer80-shortcut 17.8060150 -2.4517162 40.6795883
layer81-conv/1 10.4351969 -14.7502356 15.1710577
layer81-conv 12.5163079 -0.3088436 15.1710577
layer82-conv/1 17.0304108 -26.1098938 34.0441895
layer82-conv 17.4503498 -0.3088436 34.0441895
layer83-shortcut 20.3076420 -2.7482417 40.5954514
layer84-conv/1 12.8837729 -16.4433632 20.6039715
layer84-conv 17.5138790 -0.3088436 20.6039715
layer85-route 17.5138790 -0.3088436 20.6039715
layer86-conv/1 14.3964720 -57.5577698 23.4313393
layer86-conv 18.1601464 -0.3088436 23.4313393
layer87-conv/1 11.3856010 -15.4420748 18.2080650
layer87-conv 18.2080650 -0.3088436 18.2080650
layer88-conv/1 16.2444916 -37.1121368 24.2796993
layer88-conv 17.3759382 -0.3088436 24.2796993
layer90-conv/1 10.7437563 -14.3478041 21.4770203
layer90-conv 17.7188041 -0.3088436 21.4770203
layer91-conv/1 12.0943341 -18.7247505 25.7926788
layer91-conv 24.9062524 -0.3088436 25.7926788
layer92-conv/1 12.2095585 -17.7506866 13.0381947
layer92-conv 12.3050749 -0.3088436 13.0381947
layer93-shortcut 18.0064343 -0.6176869 21.1834316
layer94-conv/1 16.0577507 -23.3453255 21.3908291
layer94-conv 17.6476953 -0.3088436 21.3908291
layer95-conv/1 14.4982538 -28.9823494 15.8780689
layer95-conv 12.4057595 -0.3088436 15.8780689
layer96-shortcut 7.2919398 -0.9265223 21.0130234
layer97-conv/1 14.2741880 -20.5057201 20.7523174
layer97-conv 17.8341178 -0.3088436 20.7523174
layer98-conv/1 17.3992252 -34.7814598 19.6237621
layer98-conv 16.4352603 -0.3088436 19.6237621
layer99-shortcut 8.3813265 -1.2352701 25.7799778
layer100-conv/1 11.5092297 -15.9980602 16.7325230
layer100-conv 16.7325230 -0.3088436 16.7325230
layer101-conv/1 13.1208248 -23.2621994 23.3145218
layer101-conv 12.0951912 -0.3088436 23.3145218
layer102-shortcut 11.1470619 -1.5436890 26.8116283
layer103-conv/1 16.6606979 -22.2034168 16.6843929
layer103-conv 16.6843929 -0.3088436 16.6843929
layer104-route 17.3759382 -0.3088436 24.2796993
layer105-conv/1 12.2239094 -24.4358807 22.8486156
layer105-conv 17.8508297 -0.3088436 22.8486156
layer106-conv/1 16.3939536 -22.3325043 34.9621544
layer106-conv 16.4998480 -2.2332504 34.9621544
layer107-conv/1 12.8371272 -13.5172510 27.5576534
layer107-conv 14.1248119 -1.3517251 27.5576534
layer108-conv/1 17.6049080 -28.1540985 8.6461973
layer108-conv 6.7568743 -2.8154099 8.6461973
layer109-maxpool 6.7036540 -0.4224098 8.6461973
layer111-maxpool 6.7036540 -0.1429316 8.6461973
layer113-maxpool 8.6461973 -0.1240287 8.6461973
layer114-route 6.7036540 -2.8154099 8.6461973
layer115-conv/1 20.5308189 -32.8332710 14.1922388
layer115-conv 8.8727492 -3.2833271 14.1922388
layer116-conv/1 16.5409374 -52.9051552 16.9350243
layer116-conv 8.7868535 -5.2905154 16.9350243
layer117-conv/1 14.4319324 -18.5906200 19.2331810
layer117-conv 9.6194092 -1.8590621 19.2331810
layer118-conv/1 12.8097878 -17.0713787 16.7616882
layer118-conv 8.8037757 -1.7071379 16.7616882
layer119-upsample 10.0602882 -1.7071379 16.7616882
layer121-conv/1 14.8321447 -23.7198448 22.2105579
layer121-conv 10.3463012 -2.3719845 22.2105579
layer122-route 10.3463012 -2.3719845 22.2105579
layer123-conv/1 17.8794632 -25.9937916 24.5563812
layer123-conv 11.4390516 -2.5993793 24.5563812
layer124-conv/1 14.5991096 -18.9038124 23.3471699
layer124-conv 9.7066971 -1.8903812 23.3471699
layer125-conv/1 21.7163334 -28.0666466 38.5879631
layer125-conv 12.5453297 -2.8066647 38.5879631
layer126-conv/1 17.1425495 -26.8443317 27.4146862
layer126-conv 9.5134454 -2.6844332 27.4146862
layer127-conv/1 17.4152946 -23.7749214 34.8135834
layer127-conv 11.3182409 -2.3774922 34.8135834
layer128-conv/1 23.9062462 -20.6596661 38.2313156
layer128-conv 14.3437471 -2.0659666 38.2313156
layer129-upsample 14.3437471 -2.0659666 38.2313156
layer131-conv/1 15.6112366 -24.9657822 21.7811546
layer131-conv 13.0729492 -2.4965782 21.7811546
layer132-route 13.2670327 -2.4965782 38.2313156
layer133-conv/1 20.8388062 -27.0351696 37.0286789
layer133-conv 11.5771151 -2.7035170 37.0286789
layer134-conv/1 18.3170948 -29.3348827 58.5860825
layer134-conv 12.4527625 -2.9334884 58.5860825
layer135-conv/1 28.9641647 -44.1119766 77.2000580
layer135-conv 23.8897787 -4.4111977 77.2000580
layer136-conv/1 28.8698249 -64.0225067 135.8228760
layer136-conv 27.5925463 -6.4022508 135.8228760
layer137-conv/1 58.3765259 -79.9673080 103.7298126
layer137-conv 35.6618738 -7.9967308 103.7298126
layer138-conv/1 18.3125305 -146.4287109 51.7390976
layer138-conv 13.9091479 -14.6428709 51.7390976
layer139-conv 59.1688309 -135.1770020 16.4128437
layer142-conv/1 21.3372822 -48.7471161 48.1521072
layer142-conv 12.3414766 -4.8747115 48.1521072
layer143-route 10.9888892 -4.8747115 48.1521072
layer144-conv/1 17.7234421 -29.3635921 35.4295769
layer144-conv 11.5185066 -2.9363592 35.4295769
layer145-conv/1 13.1025190 -25.0491714 29.9339905
layer145-conv 8.0472275 -2.5049171 29.9339905
layer146-conv/1 20.5561522 -39.8800278 76.4645538
layer146-conv 19.5980107 -3.9880028 76.4645538
layer147-conv/1 20.5210800 -35.3366394 41.0221214
layer147-conv 14.3607483 -3.5336640 41.0221214
layer148-conv/1 33.4731026 -47.2530136 59.4786835
layer148-conv 20.8218979 -4.7253013 59.4786835
layer149-conv/1 16.3875065 -65.5180206 42.0797234
layer149-conv 11.3123947 -6.5518022 42.0797234
layer150-conv 49.2708931 -87.5499268 14.2972374
layer153-conv/1 13.8969889 -23.9305973 27.7804070
layer153-conv 9.0316857 -2.3930597 27.7804070
layer154-route 9.0316857 -2.3930597 27.7804070
layer155-conv/1 10.9497747 -20.3007412 25.0158367
layer155-conv 6.7250681 -2.0300741 25.0158367
layer156-conv/1 8.0492897 -12.1175756 21.4542923
layer156-conv 6.6390920 -1.2117575 21.4542923
layer157-conv/1 9.6773863 -17.0510273 38.6906433
layer157-conv 8.2238881 -1.7051028 38.6906433
layer158-conv/1 9.0327272 -17.6344204 28.8906116
layer158-conv 6.1408429 -1.7634420 28.8906116
layer159-conv/1 16.0668640 -20.1270027 28.5493660
layer159-conv 11.1540575 -2.0127003 28.5493660
layer160-conv/1 8.9296045 -35.7009773 34.7275429
layer160-conv 5.8622874 -3.5700977 34.7275429
layer161-conv 29.7430248 -43.2414551 10.8535767
